areaperil_id,lon,lat,sa03_event_1,sa10_event_1,sa03_event_2,sa10_event_2,sa03_event_3,sa10_event_3,sa03_event_4,sa10_event_4,sa03_event_5,sa10_event_5,sa03_event_6,sa10_event_6,sa03_event_7,sa10_event_7,sa03_event_8,sa10_event_8
1,-118.945,33.705,0.0441,0.0153,0.065,0.0275,0.0751,0.0328,0.1461,0.0563,0.0908,0.0338,0.0112,0.0096,0.0657,0.0356,0.0847,0.041
2,-118.935,33.705,0.0447,0.0154,0.066,0.0279,0.0756,0.033,0.1472,0.0566,0.0918,0.0341,0.0113,0.0096,0.0657,0.0356,0.085,0.0411
3,-118.925,33.705,0.0453,0.0156,0.0671,0.0283,0.0761,0.0331,0.1483,0.057,0.0929,0.0344,0.0114,0.0096,0.0656,0.0355,0.0852,0.0411
4,-118.915,33.705,0.046,0.0158,0.0682,0.0287,0.0765,0.0333,0.1495,0.0573,0.0939,0.0347,0.0114,0.0097,0.0656,0.0355,0.0855,0.0412
5,-118.905,33.705,0.0466,0.0159,0.0693,0.0291,0.0769,0.0334,0.1506,0.0577,0.095,0.035,0.0115,0.0097,0.0655,0.0355,0.0858,0.0412
6,-118.895,33.705,0.0472,0.0161,0.0705,0.0295,0.0773,0.0335,0.1518,0.0581,0.0961,0.0354,0.0116,0.0097,0.0654,0.0355,0.0861,0.0413
7,-118.885,33.705,0.0478,0.0162,0.0717,0.0299,0.0778,0.0337,0.153,0.0584,0.0971,0.0357,0.0117,0.0098,0.0654,0.0355,0.0864,0.0414
8,-118.875,33.705,0.0484,0.0164,0.0729,0.0303,0.0782,0.0338,0.1542,0.0588,0.0982,0.036,0.0117,0.0098,0.0653,0.0354,0.0867,0.0414
9,-118.865,33.705,0.049,0.0166,0.0741,0.0308,0.0785,0.0339,0.1555,0.0592,0.0993,0.0363,0.0118,0.0098,0.0652,0.0354,0.087,0.0415
10,-118.855,33.705,0.0497,0.0167,0.0754,0.0312,0.0789,0.0341,0.1567,0.0596,0.1004,0.0367,0.0119,0.0099,0.0651,0.0354,0.0873,0.0416
11,-118.845,33.705,0.0503,0.0169,0.0767,0.0317,0.0793,0.0342,0.1579,0.0599,0.1016,0.037,0.012,0.0099,0.065,0.0353,0.0876,0.0416
12,-118.835,33.705,0.051,0.0171,0.0781,0.0321,0.0796,0.0343,0.1591,0.0603,0.1027,0.0373,0.012,0.0099,0.065,0.0353,0.0879,0.0417
13,-118.825,33.705,0.0517,0.0173,0.0795,0.0326,0.08,0.0344,0.1603,0.0606,0.1038,0.0377,0.0121,0.01,0.0649,0.0353,0.0882,0.0418
14,-118.815,33.705,0.0523,0.0174,0.0809,0.0331,0.0803,0.0345,0.1615,0.061,0.105,0.038,0.0122,0.01,0.0648,0.0352,0.0885,0.0418
15,-118.805,33.705,0.053,0.0176,0.0823,0.0336,0.0806,0.0346,0.1626,0.0613,0.1061,0.0383,0.0123,0.01,0.0647,0.0352,0.0888,0.0419
16,-118.795,33.705,0.0537,0.0178,0.0838,0.0341,0.0809,0.0347,0.1638,0.0616,0.1073,0.0387,0.0124,0.0101,0.0645,0.0352,0.0891,0.042
17,-118.785,33.705,0.0544,0.018,0.0853,0.0347,0.0811,0.0348,0.1649,0.062,0.1084,0.039,0.0125,0.0101,0.0644,0.0351,0.0894,0.042
18,-118.775,33.705,0.0552,0.0182,0.0869,0.0352,0.0814,0.0348,0.166,0.0623,0.1096,0.0394,0.0126,0.0101,0.0643,0.0351,0.0896,0.0421
19,-118.765,33.705,0.0559,0.0184,0.0885,0.0358,0.0816,0.0349,0.1671,0.0626,0.1108,0.0397,0.0126,0.0102,0.0642,0.035,0.0899,0.0422
20,-118.755,33.705,0.0566,0.0186,0.0902,0.0363,0.0818,0.035,0.1682,0.0628,0.1119,0.04,0.0127,0.0102,0.0641,0.035,0.0902,0.0422
21,-118.745,33.705,0.0574,0.0187,0.0919,0.0369,0.082,0.035,0.1692,0.0631,0.1131,0.0404,0.0128,0.0103,0.064,0.035,0.0905,0.0423
22,-118.735,33.705,0.0581,0.0189,0.0937,0.0375,0.0822,0.0351,0.1702,0.0634,0.1142,0.0407,0.0129,0.0103,0.0638,0.0349,0.0908,0.0423
23,-118.725,33.705,0.0589,0.0191,0.0955,0.0381,0.0824,0.0351,0.1712,0.0636,0.1153,0.041,0.013,0.0103,0.0637,0.0349,0.0911,0.0424
24,-118.715,33.705,0.0596,0.0193,0.0973,0.0387,0.0826,0.0352,0.1721,0.0638,0.1164,0.0413,0.0131,0.0104,0.0636,0.0348,0.0914,0.0424
25,-118.705,33.705,0.0604,0.0195,0.0993,0.0394,0.0828,0.0352,0.173,0.064,0.1175,0.0416,0.0132,0.0104,0.0634,0.0348,0.0917,0.0425
26,-118.695,33.705,0.0612,0.0197,0.1012,0.04,0.0829,0.0353,0.1739,0.0642,0.1186,0.0419,0.0133,0.0104,0.0633,0.0347,0.0919,0.0425
27,-118.685,33.705,0.062,0.0199,0.1033,0.0407,0.083,0.0353,0.1747,0.0644,0.1197,0.0422,0.0134,0.0105,0.0631,0.0347,0.0922,0.0425
28,-118.675,33.705,0.0628,0.0201,0.1054,0.0414,0.0832,0.0353,0.1755,0.0645,0.1207,0.0425,0.0135,0.0105,0.063,0.0346,0.0924,0.0426
29,-118.665,33.705,0.0636,0.0203,0.1075,0.0421,0.0833,0.0354,0.1762,0.0647,0.1217,0.0428,0.0135,0.0106,0.0628,0.0345,0.0927,0.0426
30,-118.655,33.705,0.0645,0.0206,0.1097,0.0428,0.0834,0.0354,0.1769,0.0648,0.1227,0.0431,0.0136,0.0106,0.0627,0.0345,0.0929,0.0426
31,-118.645,33.705,0.0653,0.0208,0.112,0.0436,0.0834,0.0354,0.1775,0.0648,0.1235,0.0433,0.0137,0.0106,0.0625,0.0344,0.0931,0.0426
32,-118.635,33.705,0.0661,0.021,0.1143,0.0443,0.0835,0.0354,0.178,0.0649,0.1244,0.0435,0.0138,0.0107,0.0624,0.0344,0.0934,0.0426
33,-118.625,33.705,0.067,0.0212,0.1168,0.0451,0.0836,0.0354,0.1785,0.0649,0.1253,0.0437,0.0139,0.0107,0.0622,0.0343,0.0935,0.0426
34,-118.615,33.705,0.0679,0.0214,0.1192,0.0459,0.0836,0.0354,0.179,0.0649,0.126,0.0439,0.014,0.0108,0.062,0.0343,0.0937,0.0426
35,-118.605,33.705,0.0687,0.0216,0.1218,0.0467,0.0837,0.0354,0.1793,0.0648,0.1267,0.0441,0.0142,0.0108,0.0618,0.0342,0.0939,0.0425
36,-118.595,33.705,0.0696,0.0218,0.1244,0.0475,0.0837,0.0354,0.1796,0.0647,0.1274,0.0442,0.0143,0.0108,0.0617,0.0341,0.094,0.0425
37,-118.585,33.705,0.0705,0.022,0.1271,0.0483,0.0837,0.0354,0.1799,0.0646,0.1279,0.0443,0.0144,0.0109,0.0615,0.0341,0.0941,0.0424
38,-118.575,33.705,0.0714,0.0223,0.1299,0.0492,0.0837,0.0353,0.18,0.0644,0.1284,0.0444,0.0145,0.0109,0.0613,0.034,0.0942,0.0423
39,-118.565,33.705,0.0723,0.0225,0.1328,0.05,0.0836,0.0353,0.18,0.0642,0.1288,0.0444,0.0146,0.011,0.0611,0.0339,0.0942,0.0422
40,-118.555,33.705,0.0732,0.0227,0.1357,0.0509,0.0836,0.0352,0.18,0.0639,0.1291,0.0444,0.0147,0.011,0.0609,0.0339,0.0943,0.0421
41,-118.545,33.705,0.0741,0.0229,0.1387,0.0518,0.0835,0.0351,0.1799,0.0635,0.1293,0.0444,0.0149,0.011,0.0607,0.0338,0.0942,0.042
42,-118.535,33.705,0.075,0.0231,0.1417,0.0526,0.0834,0.0351,0.1797,0.0632,0.1294,0.0443,0.015,0.0111,0.0606,0.0337,0.0942,0.0418
43,-118.525,33.705,0.076,0.0234,0.1449,0.0535,0.0832,0.035,0.1795,0.0627,0.1294,0.0442,0.0151,0.0111,0.0604,0.0337,0.0941,0.0416
44,-118.515,33.705,0.0769,0.0236,0.1481,0.0544,0.0831,0.0349,0.1792,0.0622,0.1292,0.044,0.0153,0.0112,0.0602,0.0336,0.0939,0.0414
45,-118.505,33.705,0.0778,0.0238,0.1514,0.0553,0.0829,0.0347,0.1788,0.0616,0.1289,0.0437,0.0154,0.0112,0.06,0.0335,0.0937,0.0411
46,-118.495,33.705,0.0788,0.024,0.1547,0.0561,0.0827,0.0346,0.1783,0.061,0.1285,0.0435,0.0156,0.0112,0.0598,0.0334,0.0935,0.0408
47,-118.485,33.705,0.0797,0.0243,0.1581,0.057,0.0824,0.0344,0.1779,0.0603,0.128,0.0431,0.0158,0.0113,0.0596,0.0334,0.0931,0.0405
48,-118.475,33.705,0.0806,0.0245,0.1616,0.0579,0.0821,0.0343,0.1775,0.0595,0.1273,0.0427,0.016,0.0113,0.0593,0.0333,0.0927,0.0401
49,-118.465,33.705,0.0816,0.0247,0.1652,0.0588,0.0818,0.0341,0.1772,0.0587,0.1264,0.0423,0.0161,0.0113,0.0591,0.0332,0.0923,0.0397
50,-118.455,33.705,0.0825,0.0249,0.169,0.0597,0.0815,0.0339,0.177,0.0577,0.1254,0.0417,0.0163,0.0114,0.0589,0.0331,0.0918,0.0393
51,-118.445,33.705,0.0835,0.0252,0.1729,0.0607,0.0812,0.0337,0.1771,0.0568,0.1243,0.0412,0.0165,0.0114,0.0587,0.0331,0.0912,0.0388
52,-118.435,33.705,0.0844,0.0254,0.1771,0.0617,0.0809,0.0335,0.1774,0.0559,0.123,0.0405,0.0167,0.0114,0.0585,0.033,0.0907,0.0384
53,-118.425,33.705,0.0853,0.0256,0.182,0.0631,0.0806,0.0333,0.1785,0.055,0.1217,0.0399,0.0168,0.0114,0.0583,0.0329,0.0901,0.0379
54,-118.415,33.705,0.0862,0.0259,0.1874,0.0647,0.0803,0.0331,0.1801,0.0543,0.1203,0.0392,0.0169,0.0114,0.0581,0.0328,0.0895,0.0374
55,-118.405,33.705,0.0871,0.0261,0.1939,0.0668,0.08,0.0329,0.1829,0.0537,0.1189,0.0386,0.0169,0.0113,0.0578,0.0327,0.089,0.037
56,-118.395,33.705,0.088,0.0264,0.2012,0.0693,0.0797,0.0326,0.1868,0.0534,0.1175,0.0379,0.0169,0.0113,0.0576,0.0327,0.0886,0.0366
57,-118.385,33.705,0.0888,0.0266,0.2094,0.0721,0.0794,0.0324,0.1917,0.0533,0.1162,0.0372,0.0168,0.0112,0.0574,0.0326,0.0884,0.0362
58,-118.375,33.705,0.0896,0.0269,0.2186,0.0755,0.0792,0.0322,0.1981,0.0533,0.115,0.0366,0.0165,0.0111,0.0572,0.0325,0.0881,0.0359
59,-118.365,33.705,0.0903,0.0271,0.2281,0.0789,0.079,0.0319,0.2049,0.0534,0.1138,0.0361,0.0163,0.0111,0.0569,0.0324,0.0881,0.0357
60,-118.355,33.705,0.091,0.0274,0.2383,0.0827,0.0788,0.0317,0.2122,0.0535,0.1129,0.0356,0.016,0.011,0.0567,0.0323,0.0883,0.0357
61,-118.345,33.705,0.0916,0.0276,0.2488,0.0866,0.0827,0.0337,0.2303,0.0573,0.1122,0.0354,0.0165,0.0119,0.0596,0.0347,0.0901,0.0365
62,-118.335,33.705,0.0921,0.0279,0.2597,0.0906,0.0909,0.0381,0.2591,0.0649,0.1121,0.0354,0.0179,0.0136,0.0655,0.0394,0.0955,0.0393
63,-118.325,33.705,0.1241,0.0419,0.3205,0.1248,0.092,0.0384,0.2657,0.0655,0.1487,0.0527,0.0177,0.0141,0.0662,0.0401,0.1111,0.0479
64,-118.315,33.705,0.1243,0.0423,0.3816,0.1593,0.0948,0.0396,0.2747,0.0674,0.1497,0.0534,0.0176,0.015,0.0681,0.0417,0.1197,0.0529
65,-118.305,33.705,0.1322,0.046,0.3942,0.1652,0.1126,0.0489,0.3178,0.0827,0.1603,0.0588,0.0205,0.019,0.0811,0.052,0.1304,0.0596
66,-118.295,33.705,0.1437,0.0516,0.406,0.171,0.1213,0.0533,0.3359,0.09,0.176,0.0667,0.022,0.0214,0.0877,0.0573,0.1429,0.0676
67,-118.285,33.705,0.1428,0.0518,0.417,0.1766,0.121,0.0527,0.329,0.089,0.1777,0.0679,0.0222,0.0221,0.0877,0.0575,0.1455,0.0692
68,-118.275,33.705,0.1285,0.0464,0.3754,0.1484,0.1113,0.0477,0.2951,0.0805,0.163,0.0616,0.0211,0.0211,0.0811,0.053,0.1302,0.0593
69,-118.265,33.705,0.0918,0.0298,0.3337,0.12,0.0989,0.0412,0.2547,0.0696,0.1205,0.0402,0.0195,0.0194,0.0724,0.0466,0.116,0.0506
70,-118.255,33.705,0.091,0.03,0.3442,0.1244,0.0829,0.0322,0.2098,0.0544,0.1217,0.041,0.0164,0.0155,0.0603,0.0365,0.108,0.0459
71,-118.245,33.705,0.0901,0.0302,0.3554,0.1292,0.0748,0.0275,0.183,0.0464,0.1227,0.0416,0.0151,0.0137,0.0541,0.0314,0.1093,0.0466
72,-118.235,33.705,0.0892,0.0304,0.3674,0.1342,0.0745,0.0273,0.1744,0.0457,0.1236,0.0422,0.0155,0.0141,0.0538,0.0313,0.1115,0.0477
73,-118.225,33.705,0.0883,0.0305,0.3816,0.1399,0.0744,0.0273,0.1669,0.0452,0.1245,0.0428,0.0158,0.0145,0.0536,0.0312,0.1136,0.0488
74,-118.215,33.705,0.0876,0.0307,0.3967,0.1458,0.0744,0.0273,0.16,0.0448,0.1256,0.0434,0.0161,0.0148,0.0533,0.0311,0.1156,0.0498
75,-118.205,33.705,0.087,0.0308,0.4146,0.1524,0.0747,0.0275,0.1545,0.0446,0.1267,0.0439,0.0164,0.0151,0.0531,0.031,0.1176,0.0508
76,-118.195,33.705,0.0868,0.0309,0.4349,0.1597,0.0749,0.0278,0.1497,0.0444,0.1275,0.0444,0.0167,0.0154,0.0528,0.0309,0.1194,0.0517
77,-118.185,33.705,0.0868,0.031,0.4576,0.1676,0.0753,0.0281,0.1457,0.0444,0.1281,0.0448,0.0169,0.0157,0.0526,0.0308,0.1211,0.0525
78,-118.175,33.705,0.0871,0.0311,0.4851,0.1767,0.0758,0.0284,0.1428,0.0445,0.1286,0.0451,0.0171,0.016,0.0524,0.0307,0.1227,0.0533
79,-118.165,33.705,0.0876,0.0311,0.5146,0.1864,0.0763,0.0288,0.1402,0.0446,0.1296,0.0456,0.0172,0.0162,0.0521,0.0306,0.1242,0.0541
80,-118.155,33.705,0.0884,0.0311,0.5492,0.1974,0.0768,0.0291,0.1383,0.0447,0.1305,0.0461,0.0173,0.0164,0.0518,0.0305,0.1258,0.0547
81,-118.145,33.705,0.0893,0.0311,0.5871,0.2094,0.0773,0.0295,0.1366,0.0446,0.1314,0.0465,0.0175,0.0166,0.0516,0.0305,0.1272,0.0554
82,-118.135,33.705,0.0903,0.0311,0.6282,0.2223,0.0778,0.0298,0.1352,0.0445,0.1322,0.0469,0.0175,0.0167,0.0513,0.0304,0.1285,0.0559
83,-118.125,33.705,0.0915,0.031,0.6747,0.237,0.0783,0.0302,0.134,0.0442,0.1329,0.0472,0.0176,0.0169,0.0511,0.0303,0.1298,0.0565
84,-118.115,33.705,0.0928,0.0309,0.723,0.2523,0.0788,0.0305,0.1329,0.0438,0.1335,0.0475,0.0177,0.017,0.0508,0.0302,0.1311,0.0571
85,-118.105,33.705,0.0941,0.0309,0.7749,0.2687,0.0792,0.0308,0.1319,0.0431,0.134,0.0478,0.0177,0.0172,0.0506,0.0301,0.1323,0.0576
86,-118.095,33.705,0.0955,0.0308,0.8273,0.2853,0.0867,0.0351,0.1415,0.0475,0.1344,0.048,0.0195,0.0197,0.055,0.034,0.1359,0.0594
87,-118.085,33.705,0.0969,0.0307,0.8802,0.3019,0.1013,0.0436,0.1616,0.0571,0.1347,0.0482,0.0231,0.0247,0.0641,0.0418,0.1474,0.0662
88,-118.075,33.705,0.152,0.057,0.9599,0.4389,0.1027,0.0444,0.1627,0.0567,0.2045,0.0891,0.0234,0.0252,0.0645,0.0422,0.1788,0.0856
89,-118.065,33.705,0.1602,0.0598,1.0435,0.5795,0.1072,0.047,0.1688,0.0586,0.2128,0.094,0.0243,0.0267,0.0667,0.0442,0.2077,0.1063
90,-118.055,33.705,0.1849,0.0701,1.1189,0.6171,0.1391,0.0658,0.2181,0.0816,0.2425,0.1107,0.0323,0.0378,0.0867,0.0615,0.2305,0.1232
91,-118.045,33.705,0.1865,0.0697,1.1308,0.6439,0.158,0.0772,0.2488,0.0963,0.2422,0.1108,0.0372,0.0447,0.0985,0.072,0.2476,0.1364
92,-118.035,33.705,0.2006,0.0763,1.0793,0.6599,0.1638,0.0813,0.2608,0.1028,0.2567,0.1215,0.039,0.0474,0.1019,0.0755,0.2607,0.1472
93,-118.025,33.705,0.2073,0.0789,1.0613,0.6455,0.1653,0.0824,0.2655,0.1058,0.2624,0.126,0.0393,0.0476,0.1027,0.0764,0.2679,0.1531
94,-118.015,33.705,0.2043,0.0761,1.0539,0.6208,0.1641,0.0817,0.2653,0.1066,0.2564,0.1218,0.0388,0.0467,0.1018,0.0758,0.2651,0.1499
95,-118.005,33.705,0.1925,0.0688,1.0651,0.5759,0.1552,0.0758,0.2482,0.0998,0.2403,0.1104,0.0359,0.0423,0.0961,0.0706,0.2582,0.1429
96,-117.995,33.705,0.1856,0.0643,1.0414,0.5467,0.151,0.0731,0.2389,0.0974,0.2299,0.1031,0.0343,0.0397,0.0937,0.0685,0.2529,0.1377
97,-117.985,33.705,0.1952,0.0687,0.9827,0.5331,0.1517,0.0735,0.2376,0.0995,0.2385,0.1094,0.034,0.0387,0.0945,0.0696,0.2642,0.1469
98,-117.975,33.705,0.2171,0.0801,0.9263,0.5206,0.1598,0.0791,0.2483,0.1087,0.2609,0.1261,0.0355,0.0402,0.1007,0.0759,0.2779,0.1591
99,-117.965,33.705,0.2181,0.0801,0.8757,0.5064,0.1674,0.0843,0.2587,0.1175,0.2597,0.1254,0.0368,0.0414,0.1066,0.0818,0.2864,0.1664
100,-117.955,33.705,0.2177,0.0794,0.8512,0.4828,0.1652,0.0829,0.2554,0.1173,0.257,0.1237,0.0362,0.0396,0.1059,0.0814,0.2871,0.1664
101,-117.945,33.705,0.2184,0.0795,0.828,0.4587,0.1628,0.0814,0.2526,0.1169,0.2555,0.1229,0.0364,0.0388,0.105,0.0808,0.2879,0.1666
102,-117.935,33.705,0.218,0.0792,0.8061,0.4339,0.1601,0.0798,0.2502,0.1163,0.2524,0.121,0.0377,0.0392,0.1039,0.0799,0.2872,0.1654
103,-117.925,33.705,0.2181,0.0794,0.7803,0.4144,0.1571,0.0781,0.2471,0.1148,0.2497,0.1194,0.0391,0.0395,0.1027,0.079,0.2869,0.1647
104,-117.915,33.705,0.2184,0.0797,0.7539,0.3959,0.1542,0.0764,0.2438,0.1128,0.2475,0.1183,0.0407,0.04,0.1015,0.0781,0.2873,0.1646
105,-117.905,33.705,0.218,0.0797,0.729,0.3764,0.1519,0.0751,0.2399,0.1094,0.245,0.117,0.0427,0.0408,0.1006,0.0775,0.2877,0.1648
106,-117.895,33.705,0.2185,0.0802,0.7034,0.3567,0.1497,0.074,0.2356,0.1054,0.2437,0.1167,0.0445,0.0418,0.0997,0.0769,0.2885,0.1651
107,-117.885,33.705,0.2177,0.0801,0.6771,0.3366,0.1477,0.073,0.2311,0.1008,0.2411,0.1153,0.0462,0.043,0.0987,0.0761,0.2874,0.1636
108,-117.875,33.705,0.2149,0.0788,0.6491,0.3168,0.1456,0.072,0.2265,0.0956,0.2355,0.1118,0.0463,0.0445,0.097,0.0747,0.285,0.1609
109,-117.865,33.705,0.2125,0.0779,0.6209,0.2973,0.1439,0.0712,0.2227,0.0906,0.2305,0.1086,0.0461,0.0459,0.0954,0.0733,0.2825,0.1579
110,-117.855,33.705,0.2106,0.0773,0.5935,0.28,0.1442,0.0718,0.2227,0.0873,0.2266,0.1063,0.0461,0.0474,0.0945,0.0727,0.2807,0.1558
111,-117.845,33.705,0.2081,0.0763,0.5665,0.263,0.1447,0.0726,0.2227,0.0844,0.2223,0.1037,0.0461,0.0485,0.0934,0.0719,0.2788,0.1536
112,-117.835,33.705,0.205,0.0751,0.54,0.2464,0.1454,0.0734,0.2227,0.0818,0.218,0.1011,0.0459,0.0493,0.0922,0.0709,0.2772,0.1516
113,-117.825,33.705,0.2026,0.0744,0.516,0.2324,0.1463,0.0744,0.2224,0.0807,0.2148,0.0994,0.046,0.0496,0.091,0.07,0.2759,0.15
114,-117.815,33.705,0.1993,0.0732,0.4929,0.2192,0.1472,0.0754,0.2219,0.0803,0.2115,0.0977,0.0461,0.0496,0.0897,0.069,0.2751,0.1487
115,-117.805,33.705,0.1948,0.0713,0.4713,0.2072,0.1477,0.0762,0.2203,0.0817,0.2075,0.0954,0.046,0.0487,0.0883,0.0678,0.2741,0.1474
116,-117.795,33.705,0.1894,0.0689,0.4502,0.1956,0.1477,0.0765,0.218,0.0832,0.2031,0.0928,0.0458,0.047,0.0866,0.0664,0.2728,0.1459
117,-117.785,33.705,0.1837,0.0665,0.4296,0.1843,0.1472,0.0765,0.2151,0.0848,0.1986,0.0903,0.0454,0.0445,0.0847,0.0647,0.2714,0.1442
118,-117.775,33.705,0.1788,0.0645,0.412,0.1756,0.1477,0.0772,0.2138,0.0871,0.1953,0.0885,0.0456,0.0418,0.0834,0.0637,0.2713,0.1438
119,-117.765,33.705,0.1747,0.063,0.3954,0.1677,0.1483,0.0779,0.2128,0.0895,0.1929,0.0873,0.0459,0.0391,0.0822,0.0628,0.2718,0.1439
120,-117.755,33.705,0.1707,0.0616,0.3807,0.161,0.1489,0.0787,0.2119,0.092,0.1905,0.0861,0.0462,0.0366,0.0811,0.0619,0.2722,0.1438
121,-117.745,33.705,0.1658,0.0597,0.3495,0.1436,0.147,0.0777,0.2079,0.0923,0.1871,0.0843,0.0454,0.0335,0.0787,0.0598,0.2684,0.1404
122,-117.735,33.705,0.1404,0.0483,0.3019,0.1156,0.1426,0.075,0.2007,0.0905,0.161,0.0689,0.0436,0.0298,0.0749,0.0564,0.247,0.1229
123,-117.725,33.705,0.1371,0.0471,0.277,0.1035,0.1346,0.0699,0.1887,0.0855,0.159,0.0678,0.0403,0.0257,0.0694,0.0515,0.2331,0.1121
124,-117.715,33.705,0.1182,0.0391,0.2582,0.0953,0.1263,0.0647,0.1764,0.0802,0.1392,0.0568,0.0369,0.0218,0.0639,0.0465,0.2222,0.1039
125,-117.705,33.705,0.112,0.0366,0.2463,0.0902,0.1207,0.0612,0.168,0.0768,0.1334,0.0536,0.0344,0.019,0.0601,0.0431,0.2146,0.0982
126,-117.695,33.705,0.108,0.0353,0.2373,0.0868,0.1166,0.0587,0.1617,0.0745,0.1299,0.0519,0.0324,0.0167,0.0571,0.0405,0.2122,0.0963
127,-117.685,33.705,0.103,0.0335,0.2311,0.0851,0.1141,0.0573,0.1576,0.0735,0.1252,0.0494,0.031,0.0149,0.0551,0.0388,0.2108,0.0949
128,-117.675,33.705,0.0986,0.032,0.2216,0.0817,0.1152,0.0583,0.1581,0.0755,0.1209,0.0473,0.0307,0.0138,0.0549,0.0388,0.2102,0.0942
129,-117.665,33.705,0.1001,0.0331,0.2118,0.0781,0.1157,0.059,0.1579,0.077,0.1235,0.049,0.0304,0.0128,0.0545,0.0386,0.21,0.0937
130,-117.655,33.705,0.0965,0.0319,0.2043,0.0755,0.1103,0.0557,0.1494,0.0727,0.1198,0.0472,0.029,0.0118,0.0513,0.0359,0.2094,0.0929
131,-118.945,33.715,0.0445,0.0154,0.0653,0.0277,0.0763,0.0332,0.1484,0.0569,0.0918,0.0341,0.0114,0.0097,0.0665,0.0359,0.0855,0.0412
132,-118.935,33.715,0.0451,0.0155,0.0663,0.028,0.0768,0.0334,0.1495,0.0572,0.0928,0.0344,0.0114,0.0097,0.0665,0.0358,0.0857,0.0412
133,-118.925,33.715,0.0457,0.0157,0.0674,0.0284,0.0772,0.0335,0.1507,0.0576,0.0939,0.0347,0.0115,0.0097,0.0664,0.0358,0.086,0.0413
134,-118.915,33.715,0.0463,0.0159,0.0685,0.0288,0.0777,0.0337,0.1519,0.058,0.095,0.035,0.0116,0.0098,0.0663,0.0358,0.0863,0.0414
135,-118.905,33.715,0.047,0.016,0.0697,0.0292,0.0781,0.0338,0.153,0.0583,0.0961,0.0353,0.0116,0.0098,0.0663,0.0358,0.0866,0.0414
136,-118.895,33.715,0.0476,0.0162,0.0709,0.0296,0.0786,0.034,0.1542,0.0587,0.0972,0.0357,0.0117,0.0098,0.0662,0.0358,0.0869,0.0415
137,-118.885,33.715,0.0482,0.0164,0.072,0.0301,0.079,0.0341,0.1555,0.0591,0.0983,0.036,0.0118,0.0098,0.0661,0.0357,0.0872,0.0416
138,-118.875,33.715,0.0488,0.0165,0.0733,0.0305,0.0794,0.0342,0.1567,0.0595,0.0994,0.0363,0.0119,0.0099,0.0661,0.0357,0.0875,0.0416
139,-118.865,33.715,0.0495,0.0167,0.0746,0.0309,0.0798,0.0344,0.158,0.0599,0.1006,0.0367,0.0119,0.0099,0.066,0.0357,0.0878,0.0417
140,-118.855,33.715,0.0501,0.0169,0.0759,0.0314,0.0802,0.0345,0.1592,0.0602,0.1017,0.037,0.012,0.0099,0.0659,0.0356,0.0881,0.0418
141,-118.845,33.715,0.0508,0.017,0.0772,0.0319,0.0806,0.0346,0.1605,0.0606,0.1029,0.0374,0.0121,0.01,0.0658,0.0356,0.0884,0.0418
142,-118.835,33.715,0.0515,0.0172,0.0785,0.0323,0.0809,0.0347,0.1617,0.061,0.1041,0.0377,0.0122,0.01,0.0657,0.0356,0.0887,0.0419
143,-118.825,33.715,0.0521,0.0174,0.0799,0.0328,0.0813,0.0349,0.163,0.0614,0.1053,0.0381,0.0123,0.01,0.0656,0.0355,0.089,0.042
144,-118.815,33.715,0.0528,0.0176,0.0814,0.0333,0.0816,0.035,0.1642,0.0617,0.1065,0.0384,0.0123,0.0101,0.0655,0.0355,0.0893,0.042
145,-118.805,33.715,0.0535,0.0178,0.0829,0.0339,0.0819,0.0351,0.1654,0.0621,0.1076,0.0388,0.0124,0.0101,0.0654,0.0355,0.0896,0.0421
146,-118.795,33.715,0.0542,0.018,0.0844,0.0344,0.0822,0.0351,0.1666,0.0624,0.1089,0.0391,0.0125,0.0102,0.0653,0.0354,0.0899,0.0422
147,-118.785,33.715,0.055,0.0181,0.0859,0.0349,0.0825,0.0352,0.1678,0.0628,0.1101,0.0395,0.0126,0.0102,0.0652,0.0354,0.0902,0.0422
148,-118.775,33.715,0.0557,0.0183,0.0875,0.0355,0.0827,0.0353,0.169,0.0631,0.1113,0.0398,0.0127,0.0102,0.0651,0.0353,0.0905,0.0423
149,-118.765,33.715,0.0564,0.0185,0.0892,0.036,0.083,0.0354,0.1701,0.0634,0.1125,0.0402,0.0128,0.0103,0.065,0.0353,0.0908,0.0424
150,-118.755,33.715,0.0572,0.0187,0.0909,0.0366,0.0832,0.0354,0.1712,0.0637,0.1138,0.0406,0.0129,0.0103,0.0648,0.0353,0.0911,0.0424
151,-118.745,33.715,0.0579,0.0189,0.0926,0.0372,0.0834,0.0355,0.1722,0.064,0.115,0.0409,0.0129,0.0103,0.0647,0.0352,0.0914,0.0425
152,-118.735,33.715,0.0587,0.0191,0.0944,0.0378,0.0836,0.0356,0.1733,0.0643,0.1162,0.0413,0.013,0.0104,0.0646,0.0352,0.0917,0.0425
153,-118.725,33.715,0.0595,0.0193,0.0962,0.0384,0.0837,0.0356,0.1743,0.0645,0.1174,0.0416,0.0131,0.0104,0.0644,0.0351,0.092,0.0426
154,-118.715,33.715,0.0603,0.0195,0.0981,0.0391,0.0839,0.0357,0.1753,0.0648,0.1185,0.042,0.0132,0.0105,0.0643,0.0351,0.0923,0.0426
155,-118.705,33.715,0.0611,0.0197,0.1001,0.0397,0.084,0.0357,0.1763,0.065,0.1197,0.0423,0.0133,0.0105,0.0642,0.035,0.0925,0.0427
156,-118.695,33.715,0.0619,0.0199,0.1021,0.0404,0.0842,0.0358,0.1772,0.0652,0.1209,0.0426,0.0134,0.0105,0.064,0.035,0.0928,0.0427
157,-118.685,33.715,0.0627,0.0201,0.1042,0.0411,0.0843,0.0358,0.178,0.0654,0.122,0.0429,0.0135,0.0106,0.0639,0.0349,0.0931,0.0428
158,-118.675,33.715,0.0635,0.0203,0.1063,0.0418,0.0844,0.0358,0.1788,0.0655,0.1231,0.0432,0.0136,0.0106,0.0637,0.0349,0.0934,0.0428
159,-118.665,33.715,0.0644,0.0205,0.1085,0.0425,0.0845,0.0359,0.1796,0.0657,0.1242,0.0435,0.0137,0.0107,0.0636,0.0348,0.0936,0.0428
160,-118.655,33.715,0.0652,0.0207,0.1108,0.0433,0.0846,0.0359,0.1803,0.0658,0.1252,0.0438,0.0138,0.0107,0.0634,0.0347,0.0938,0.0428
161,-118.645,33.715,0.0661,0.021,0.1131,0.044,0.0847,0.0359,0.1809,0.0659,0.1262,0.0441,0.0139,0.0107,0.0632,0.0347,0.0941,0.0428
162,-118.635,33.715,0.0669,0.0212,0.1155,0.0448,0.0847,0.0359,0.1815,0.0659,0.1272,0.0443,0.014,0.0108,0.0631,0.0346,0.0943,0.0428
163,-118.625,33.715,0.0678,0.0214,0.118,0.0456,0.0848,0.0359,0.182,0.0659,0.128,0.0446,0.0141,0.0108,0.0629,0.0346,0.0945,0.0428
164,-118.615,33.715,0.0687,0.0216,0.1205,0.0464,0.0848,0.0359,0.1825,0.0659,0.1289,0.0448,0.0142,0.0109,0.0627,0.0345,0.0947,0.0428
165,-118.605,33.715,0.0696,0.0218,0.1231,0.0472,0.0849,0.0359,0.1828,0.0659,0.1297,0.0449,0.0143,0.0109,0.0625,0.0344,0.0948,0.0428
166,-118.595,33.715,0.0705,0.022,0.1258,0.0481,0.0849,0.0358,0.183,0.0658,0.1304,0.0451,0.0144,0.011,0.0624,0.0344,0.095,0.0427
167,-118.585,33.715,0.0714,0.0223,0.1286,0.0489,0.0848,0.0358,0.1833,0.0657,0.131,0.0452,0.0145,0.011,0.0622,0.0343,0.0951,0.0427
168,-118.575,33.715,0.0723,0.0225,0.1315,0.0498,0.0848,0.0358,0.1834,0.0655,0.1316,0.0453,0.0146,0.011,0.062,0.0342,0.0952,0.0426
169,-118.565,33.715,0.0733,0.0227,0.1344,0.0507,0.0847,0.0357,0.1834,0.0652,0.132,0.0454,0.0148,0.0111,0.0618,0.0342,0.0952,0.0425
170,-118.555,33.715,0.0742,0.0229,0.1374,0.0516,0.0847,0.0356,0.1833,0.065,0.1324,0.0454,0.0149,0.0111,0.0616,0.0341,0.0952,0.0424
171,-118.545,33.715,0.0751,0.0231,0.1405,0.0525,0.0846,0.0356,0.1831,0.0646,0.1326,0.0454,0.015,0.0112,0.0614,0.034,0.0952,0.0422
172,-118.535,33.715,0.0761,0.0234,0.1436,0.0534,0.0844,0.0355,0.1829,0.0642,0.1327,0.0453,0.0152,0.0112,0.0612,0.034,0.0951,0.042
173,-118.525,33.715,0.077,0.0236,0.1469,0.0543,0.0843,0.0354,0.1825,0.0637,0.1327,0.0452,0.0153,0.0112,0.061,0.0339,0.095,0.0418
174,-118.515,33.715,0.078,0.0238,0.1502,0.0552,0.0841,0.0352,0.1821,0.0632,0.1326,0.045,0.0155,0.0113,0.0608,0.0338,0.0949,0.0416
175,-118.505,33.715,0.079,0.0241,0.1535,0.056,0.0838,0.0351,0.1815,0.0626,0.1323,0.0448,0.0156,0.0113,0.0606,0.0338,0.0946,0.0413
176,-118.495,33.715,0.08,0.0243,0.1569,0.0569,0.0836,0.0349,0.1809,0.0619,0.1319,0.0445,0.0158,0.0114,0.0604,0.0337,0.0943,0.041
177,-118.485,33.715,0.0809,0.0245,0.1604,0.0578,0.0833,0.0348,0.1802,0.0611,0.1313,0.0441,0.016,0.0114,0.0602,0.0336,0.094,0.0407
178,-118.475,33.715,0.0819,0.0247,0.1639,0.0586,0.0829,0.0346,0.1796,0.0602,0.1305,0.0437,0.0162,0.0114,0.06,0.0335,0.0935,0.0403
179,-118.465,33.715,0.0829,0.025,0.1675,0.0594,0.0826,0.0344,0.1789,0.0593,0.1296,0.0432,0.0164,0.0115,0.0598,0.0334,0.093,0.0398
180,-118.455,33.715,0.0839,0.0252,0.1711,0.0603,0.0822,0.0342,0.1784,0.0582,0.1285,0.0426,0.0167,0.0115,0.0596,0.0334,0.0924,0.0394
181,-118.445,33.715,0.0849,0.0254,0.1749,0.0611,0.0819,0.0339,0.1781,0.0572,0.1272,0.042,0.0169,0.0115,0.0594,0.0333,0.0917,0.0388
182,-118.435,33.715,0.0859,0.0257,0.1789,0.062,0.0815,0.0337,0.178,0.056,0.1258,0.0413,0.0171,0.0116,0.0591,0.0332,0.091,0.0383
183,-118.425,33.715,0.0869,0.0259,0.1836,0.0632,0.0811,0.0335,0.1788,0.055,0.1242,0.0405,0.0173,0.0116,0.0589,0.0331,0.0903,0.0377
184,-118.415,33.715,0.0878,0.0262,0.1888,0.0646,0.0808,0.0333,0.18,0.054,0.1225,0.0397,0.0175,0.0115,0.0587,0.0331,0.0895,0.0371
185,-118.405,33.715,0.0888,0.0264,0.1957,0.0669,0.0804,0.0331,0.1829,0.0534,0.121,0.039,0.0175,0.0115,0.0585,0.033,0.0889,0.0366
186,-118.395,33.715,0.0897,0.0267,0.2038,0.0696,0.0801,0.0328,0.1874,0.0531,0.1194,0.0382,0.0174,0.0114,0.0582,0.0329,0.0884,0.0362
187,-118.385,33.715,0.0906,0.0269,0.2129,0.0729,0.0798,0.0326,0.1933,0.053,0.1179,0.0375,0.0173,0.0113,0.058,0.0328,0.0881,0.0357
188,-118.375,33.715,0.0915,0.0272,0.2233,0.0767,0.0796,0.0323,0.2014,0.0533,0.1164,0.0367,0.017,0.0112,0.0578,0.0327,0.0879,0.0354
189,-118.365,33.715,0.0922,0.0275,0.2388,0.0835,0.0793,0.0321,0.2102,0.0537,0.1149,0.036,0.0168,0.0111,0.0575,0.0326,0.0912,0.037
190,-118.355,33.715,0.0929,0.0277,0.2785,0.1043,0.0791,0.0318,0.22,0.054,0.1136,0.0354,0.0164,0.011,0.0573,0.0326,0.0948,0.0387
191,-118.345,33.715,0.0936,0.028,0.3052,0.1177,0.0914,0.0384,0.2635,0.0658,0.1126,0.035,0.0187,0.0135,0.0663,0.0397,0.1012,0.0421
192,-118.335,33.715,0.1284,0.0431,0.3189,0.1237,0.1161,0.052,0.3406,0.0892,0.1509,0.0528,0.0237,0.0186,0.0846,0.0542,0.112,0.0481
193,-118.325,33.715,0.1481,0.0518,0.3699,0.1522,0.12,0.0537,0.3563,0.0919,0.1735,0.0636,0.0237,0.0199,0.0873,0.0563,0.1282,0.0577
194,-118.315,33.715,0.1483,0.0522,0.421,0.1808,0.1199,0.0531,0.3588,0.0908,0.1752,0.0647,0.0229,0.0203,0.087,0.0562,0.1358,0.0623
195,-118.305,33.715,0.1482,0.0525,0.4356,0.188,0.1218,0.0536,0.3585,0.0913,0.1773,0.0662,0.0224,0.0211,0.0883,0.0574,0.1423,0.0665
196,-118.295,33.715,0.1477,0.0528,0.4528,0.1989,0.1233,0.054,0.3558,0.0917,0.1795,0.0677,0.0224,0.0221,0.0896,0.0586,0.1504,0.0718
197,-118.285,33.715,0.1503,0.0549,0.4725,0.2134,0.1244,0.0541,0.3507,0.0921,0.186,0.0716,0.0229,0.0233,0.0909,0.0599,0.1605,0.0787
198,-118.275,33.715,0.1856,0.0759,0.4516,0.2067,0.139,0.0627,0.37,0.1062,0.2301,0.0995,0.0273,0.0292,0.1029,0.0711,0.1661,0.083
199,-118.265,33.715,0.1573,0.0634,0.4211,0.191,0.1453,0.0668,0.3699,0.1127,0.2001,0.0842,0.03,0.0328,0.1085,0.0769,0.1455,0.0697
200,-118.255,33.715,0.0927,0.0307,0.3847,0.1528,0.0982,0.0403,0.2507,0.0685,0.125,0.042,0.0201,0.0202,0.0727,0.0467,0.1143,0.0491
201,-118.245,33.715,0.0916,0.0309,0.3726,0.1363,0.0744,0.0269,0.1859,0.046,0.1261,0.0427,0.0154,0.0141,0.0546,0.0316,0.1113,0.0474
202,-118.235,33.715,0.0904,0.0311,0.3848,0.1417,0.0741,0.0267,0.1755,0.0452,0.1271,0.0433,0.0158,0.0145,0.0544,0.0315,0.1134,0.0484
203,-118.225,33.715,0.0892,0.0313,0.3991,0.1478,0.074,0.0267,0.1668,0.0447,0.1283,0.044,0.0161,0.0149,0.0541,0.0314,0.1156,0.0496
204,-118.215,33.715,0.0882,0.0315,0.4147,0.1542,0.074,0.0267,0.1589,0.0442,0.1296,0.0447,0.0165,0.0153,0.0539,0.0313,0.1177,0.0507
205,-118.205,33.715,0.0875,0.0316,0.4335,0.1614,0.0743,0.027,0.1529,0.044,0.1307,0.0453,0.0168,0.0156,0.0536,0.0312,0.1198,0.0517
206,-118.195,33.715,0.0871,0.0318,0.4552,0.1693,0.0747,0.0273,0.1479,0.0439,0.1315,0.0458,0.017,0.0159,0.0534,0.0311,0.1217,0.0527
207,-118.185,33.715,0.0871,0.0319,0.4797,0.178,0.0752,0.0277,0.1438,0.044,0.1322,0.0462,0.0172,0.0162,0.0531,0.031,0.1235,0.0535
208,-118.175,33.715,0.0876,0.032,0.51,0.1879,0.0758,0.0282,0.141,0.0443,0.1327,0.0466,0.0174,0.0165,0.0529,0.0309,0.1251,0.0543
209,-118.165,33.715,0.0883,0.0321,0.5427,0.1985,0.0764,0.0286,0.1386,0.0446,0.1338,0.0471,0.0176,0.0167,0.0526,0.0308,0.1267,0.0551
210,-118.155,33.715,0.0892,0.0321,0.5812,0.2105,0.077,0.029,0.1369,0.0448,0.1348,0.0476,0.0177,0.0169,0.0524,0.0307,0.1283,0.0558
211,-118.145,33.715,0.0902,0.0321,0.6232,0.2235,0.0776,0.0294,0.1355,0.045,0.1357,0.048,0.0178,0.0171,0.0521,0.0306,0.1297,0.0564
212,-118.135,33.715,0.0914,0.032,0.6686,0.2374,0.0782,0.0298,0.1344,0.045,0.1365,0.0484,0.0179,0.0172,0.0518,0.0305,0.131,0.057
213,-118.125,33.715,0.0927,0.0319,0.7191,0.253,0.0788,0.0302,0.1335,0.0447,0.1373,0.0487,0.0179,0.0173,0.0516,0.0304,0.1324,0.0575
214,-118.115,33.715,0.0942,0.0318,0.775,0.2808,0.0794,0.0305,0.1326,0.0443,0.1378,0.0491,0.0179,0.0175,0.0513,0.0304,0.1337,0.0581
215,-118.105,33.715,0.0958,0.0317,0.8522,0.3662,0.0799,0.0308,0.1316,0.0434,0.1383,0.0493,0.018,0.0176,0.0511,0.0303,0.1445,0.0643
216,-118.095,33.715,0.0975,0.0316,0.9128,0.4194,0.1016,0.0434,0.1622,0.0581,0.1387,0.0496,0.0233,0.0249,0.0648,0.0421,0.1624,0.0754
217,-118.085,33.715,0.1563,0.0601,0.957,0.4404,0.1445,0.0683,0.2244,0.0885,0.214,0.0939,0.034,0.0396,0.0926,0.0658,0.1884,0.0928
218,-118.075,33.715,0.1912,0.0761,1.0286,0.5404,0.1483,0.0704,0.2283,0.0885,0.2569,0.1191,0.0347,0.0407,0.0942,0.0672,0.2262,0.1204
219,-118.065,33.715,0.1861,0.0715,1.0976,0.6362,0.1447,0.0681,0.2216,0.0829,0.2482,0.113,0.0335,0.0393,0.0909,0.0642,0.2385,0.129
220,-118.055,33.715,0.1836,0.0687,1.1266,0.6328,0.144,0.0675,0.2214,0.0807,0.2427,0.1095,0.0331,0.0391,0.0896,0.0632,0.2441,0.1327
221,-118.045,33.715,0.1775,0.0641,1.116,0.6294,0.1473,0.0696,0.2275,0.0828,0.2333,0.1031,0.034,0.0405,0.0912,0.0647,0.249,0.1362
222,-118.035,33.715,0.1915,0.0703,1.0659,0.626,0.1545,0.0743,0.2401,0.0892,0.2478,0.1135,0.0361,0.0436,0.0955,0.0689,0.2587,0.1442
223,-118.025,33.715,0.2102,0.0794,1.0244,0.6091,0.1632,0.0802,0.2553,0.0993,0.2674,0.1281,0.0385,0.0469,0.1011,0.0744,0.2706,0.1543
224,-118.015,33.715,0.214,0.0804,0.9912,0.5855,0.1701,0.0849,0.2676,0.1083,0.2689,0.1296,0.0403,0.0494,0.1057,0.0791,0.2742,0.1569
225,-118.005,33.715,0.2125,0.0784,0.9896,0.5423,0.1671,0.0829,0.2631,0.1087,0.2641,0.1262,0.0393,0.0475,0.104,0.0778,0.2732,0.1555
226,-117.995,33.715,0.2117,0.0771,0.9634,0.5129,0.1663,0.0824,0.2615,0.1111,0.2603,0.1238,0.0389,0.0463,0.104,0.0781,0.2718,0.1536
227,-117.985,33.715,0.2183,0.08,0.9127,0.4975,0.1677,0.0833,0.2629,0.1152,0.2651,0.1276,0.039,0.046,0.1056,0.0799,0.2794,0.1599
228,-117.975,33.715,0.2233,0.0822,0.872,0.4807,0.1672,0.083,0.2622,0.1178,0.2682,0.1303,0.0387,0.0447,0.1061,0.0807,0.2859,0.1654
229,-117.965,33.715,0.2226,0.0812,0.8356,0.4632,0.1663,0.0824,0.2611,0.1199,0.2648,0.1279,0.0383,0.0433,0.1064,0.0812,0.2899,0.1686
230,-117.955,33.715,0.224,0.0815,0.8101,0.4442,0.1653,0.0818,0.2603,0.1216,0.2639,0.1276,0.0385,0.0424,0.1068,0.0818,0.2912,0.1693
231,-117.945,33.715,0.2258,0.0823,0.7864,0.4245,0.1627,0.0802,0.2576,0.1215,0.2634,0.1276,0.0389,0.0415,0.1061,0.0814,0.2926,0.17
232,-117.935,33.715,0.2243,0.0814,0.7645,0.4041,0.1585,0.0775,0.253,0.1194,0.259,0.1246,0.0395,0.0407,0.1043,0.0799,0.292,0.1689
233,-117.925,33.715,0.2239,0.0812,0.7418,0.3855,0.1547,0.0752,0.2486,0.1168,0.2554,0.1223,0.0406,0.0405,0.1028,0.0787,0.2914,0.1677
234,-117.915,33.715,0.2239,0.0814,0.7188,0.3673,0.1511,0.073,0.2444,0.114,0.2526,0.1207,0.0418,0.0405,0.1014,0.0776,0.2911,0.1669
235,-117.905,33.715,0.2239,0.0816,0.6955,0.3497,0.148,0.0713,0.2402,0.1102,0.25,0.1193,0.0433,0.0409,0.1004,0.0769,0.291,0.1664
236,-117.895,33.715,0.2233,0.0815,0.6715,0.3323,0.1449,0.0697,0.2356,0.1058,0.247,0.1177,0.0446,0.0415,0.0992,0.076,0.2907,0.1657
237,-117.885,33.715,0.2217,0.0809,0.6469,0.315,0.142,0.0681,0.2306,0.1006,0.2432,0.1155,0.0455,0.0423,0.0978,0.0748,0.2893,0.1639
238,-117.875,33.715,0.2192,0.0798,0.6209,0.2969,0.1404,0.0675,0.2269,0.0957,0.2385,0.1126,0.0458,0.0435,0.0966,0.0738,0.2871,0.1614
239,-117.865,33.715,0.2171,0.0791,0.5946,0.279,0.1394,0.0673,0.2241,0.0911,0.2344,0.1102,0.0458,0.0448,0.0954,0.073,0.2849,0.1588
240,-117.855,33.715,0.215,0.0783,0.5683,0.2624,0.1401,0.0682,0.2235,0.0871,0.2305,0.1079,0.0457,0.0461,0.0945,0.0723,0.2829,0.1563
241,-117.845,33.715,0.212,0.0771,0.5424,0.2461,0.1409,0.0692,0.223,0.0832,0.226,0.1052,0.0455,0.047,0.0934,0.0715,0.2806,0.1538
242,-117.835,33.715,0.2083,0.0757,0.5168,0.2302,0.1419,0.0702,0.2225,0.0794,0.2211,0.1022,0.0452,0.0477,0.092,0.0703,0.2784,0.1513
243,-117.825,33.715,0.2047,0.0743,0.4941,0.2176,0.1434,0.0717,0.2225,0.0776,0.2168,0.0997,0.0452,0.0482,0.0908,0.0694,0.2765,0.149
244,-117.815,33.715,0.2016,0.0733,0.4725,0.2059,0.145,0.0732,0.2224,0.0769,0.2139,0.0982,0.0452,0.0486,0.0897,0.0686,0.2759,0.1481
245,-117.805,33.715,0.1982,0.072,0.453,0.1957,0.1467,0.0747,0.2217,0.0793,0.2109,0.0967,0.0454,0.0484,0.0889,0.068,0.2753,0.1471
246,-117.795,33.715,0.1932,0.07,0.4338,0.1856,0.1474,0.0756,0.2197,0.0816,0.207,0.0944,0.0453,0.0473,0.0874,0.0668,0.2743,0.1458
247,-117.785,33.715,0.1871,0.0674,0.4147,0.1754,0.1471,0.0757,0.2164,0.0836,0.2022,0.0917,0.045,0.0454,0.0854,0.0651,0.2728,0.1442
248,-117.775,33.715,0.1815,0.0651,0.3982,0.1674,0.1474,0.0762,0.2144,0.086,0.1981,0.0894,0.0452,0.0431,0.0839,0.0638,0.2725,0.1435
249,-117.765,33.715,0.177,0.0634,0.3825,0.1601,0.1478,0.0768,0.2127,0.0884,0.1955,0.0881,0.0456,0.0407,0.0825,0.0627,0.2729,0.1435
250,-117.755,33.715,0.1726,0.0618,0.3684,0.1538,0.1483,0.0775,0.2115,0.0908,0.1927,0.0867,0.0461,0.0382,0.0813,0.0618,0.2714,0.1419
251,-117.745,33.715,0.166,0.0592,0.3338,0.1344,0.1438,0.0748,0.204,0.089,0.1876,0.0838,0.0446,0.0343,0.0774,0.0582,0.2637,0.1353
252,-117.735,33.715,0.1442,0.0493,0.2787,0.1021,0.1345,0.0687,0.1901,0.083,0.1655,0.0706,0.0411,0.0288,0.0708,0.0522,0.2373,0.1144
253,-117.725,33.715,0.1154,0.0368,0.2554,0.091,0.1198,0.0594,0.1689,0.0727,0.1349,0.0533,0.0358,0.023,0.0618,0.0441,0.2191,0.1012
254,-117.715,33.715,0.1075,0.0338,0.2407,0.0852,0.1065,0.0512,0.1498,0.0635,0.127,0.0493,0.0309,0.0179,0.0537,0.037,0.2109,0.0952
255,-117.705,33.715,0.1048,0.0331,0.2366,0.0849,0.1059,0.051,0.1482,0.064,0.1251,0.0486,0.0301,0.0165,0.0525,0.0361,0.2103,0.0943
256,-117.695,33.715,0.1025,0.0326,0.234,0.0854,0.1102,0.054,0.1534,0.0685,0.1236,0.0479,0.0308,0.016,0.0539,0.0375,0.2126,0.0955
257,-117.685,33.715,0.1109,0.0366,0.233,0.0867,0.1196,0.0603,0.1654,0.0771,0.1345,0.054,0.0329,0.0165,0.0579,0.0411,0.2159,0.0974
258,-117.675,33.715,0.0978,0.0313,0.2174,0.0799,0.114,0.057,0.1569,0.0734,0.1201,0.0465,0.0309,0.0146,0.0544,0.0382,0.2114,0.0942
259,-117.665,33.715,0.0949,0.0305,0.2014,0.0729,0.1074,0.0531,0.147,0.0688,0.1175,0.0453,0.0286,0.0126,0.0505,0.0348,0.2062,0.0904
260,-117.655,33.715,0.0951,0.031,0.1985,0.0727,0.1112,0.0557,0.1509,0.0723,0.1187,0.0461,0.0296,0.013,0.0517,0.036,0.2081,0.0912
261,-118.945,33.725,0.0448,0.0155,0.0656,0.0278,0.0775,0.0336,0.1508,0.0575,0.0927,0.0343,0.0115,0.0098,0.0673,0.0362,0.0862,0.0414
262,-118.935,33.725,0.0455,0.0156,0.0666,0.0282,0.078,0.0338,0.152,0.0579,0.0938,0.0346,0.0116,0.0098,0.0673,0.0361,0.0865,0.0414
263,-118.925,33.725,0.0461,0.0158,0.0678,0.0286,0.0784,0.034,0.1532,0.0583,0.0949,0.035,0.0116,0.0098,0.0672,0.0361,0.0868,0.0415
264,-118.915,33.725,0.0467,0.016,0.0689,0.029,0.0789,0.0341,0.1543,0.0586,0.096,0.0353,0.0117,0.0098,0.0672,0.0361,0.0871,0.0416
265,-118.905,33.725,0.0473,0.0161,0.07,0.0294,0.0794,0.0343,0.1555,0.059,0.0971,0.0356,0.0118,0.0099,0.0671,0.0361,0.0874,0.0416
266,-118.895,33.725,0.048,0.0163,0.0712,0.0298,0.0798,0.0344,0.1567,0.0594,0.0983,0.036,0.0118,0.0099,0.067,0.036,0.0877,0.0417
267,-118.885,33.725,0.0486,0.0165,0.0724,0.0302,0.0803,0.0346,0.158,0.0598,0.0994,0.0363,0.0119,0.0099,0.0669,0.036,0.088,0.0417
268,-118.875,33.725,0.0492,0.0166,0.0737,0.0307,0.0807,0.0347,0.1593,0.0602,0.1006,0.0367,0.012,0.01,0.0669,0.036,0.0883,0.0418
269,-118.865,33.725,0.0499,0.0168,0.075,0.0311,0.0811,0.0348,0.1606,0.0606,0.1018,0.037,0.0121,0.01,0.0668,0.036,0.0886,0.0419
270,-118.855,33.725,0.0506,0.017,0.0763,0.0316,0.0815,0.035,0.1619,0.061,0.103,0.0374,0.0121,0.01,0.0667,0.0359,0.0889,0.0419
271,-118.845,33.725,0.0512,0.0172,0.0776,0.0321,0.0819,0.0351,0.1632,0.0613,0.1042,0.0377,0.0122,0.0101,0.0666,0.0359,0.0892,0.042
272,-118.835,33.725,0.0519,0.0173,0.079,0.0325,0.0823,0.0352,0.1645,0.0617,0.1055,0.0381,0.0123,0.0101,0.0665,0.0359,0.0895,0.0421
273,-118.825,33.725,0.0526,0.0175,0.0804,0.033,0.0826,0.0353,0.1658,0.0621,0.1067,0.0385,0.0124,0.0101,0.0664,0.0358,0.0898,0.0422
274,-118.815,33.725,0.0533,0.0177,0.0819,0.0336,0.083,0.0354,0.1671,0.0625,0.108,0.0388,0.0125,0.0102,0.0663,0.0358,0.0901,0.0422
275,-118.805,33.725,0.054,0.0179,0.0834,0.0341,0.0833,0.0355,0.1683,0.0629,0.1092,0.0392,0.0125,0.0102,0.0662,0.0357,0.0904,0.0423
276,-118.795,33.725,0.0547,0.0181,0.0849,0.0346,0.0836,0.0356,0.1695,0.0632,0.1105,0.0396,0.0126,0.0102,0.0661,0.0357,0.0907,0.0424
277,-118.785,33.725,0.0555,0.0183,0.0865,0.0352,0.0838,0.0357,0.1708,0.0636,0.1118,0.04,0.0127,0.0103,0.066,0.0357,0.091,0.0424
278,-118.775,33.725,0.0562,0.0185,0.0881,0.0357,0.0841,0.0358,0.172,0.0639,0.1131,0.0404,0.0128,0.0103,0.0659,0.0356,0.0913,0.0425
279,-118.765,33.725,0.057,0.0187,0.0898,0.0363,0.0843,0.0359,0.1731,0.0643,0.1143,0.0407,0.0129,0.0103,0.0657,0.0356,0.0916,0.0426
280,-118.755,33.725,0.0577,0.0189,0.0915,0.0369,0.0845,0.0359,0.1743,0.0646,0.1156,0.0411,0.013,0.0104,0.0656,0.0355,0.0919,0.0426
281,-118.745,33.725,0.0585,0.0191,0.0933,0.0375,0.0847,0.036,0.1754,0.0649,0.1169,0.0415,0.0131,0.0104,0.0655,0.0355,0.0923,0.0427
282,-118.735,33.725,0.0593,0.0193,0.0951,0.0381,0.0849,0.0361,0.1765,0.0652,0.1182,0.0419,0.0132,0.0105,0.0653,0.0354,0.0926,0.0427
283,-118.725,33.725,0.0601,0.0195,0.097,0.0388,0.0851,0.0361,0.1776,0.0655,0.1195,0.0422,0.0132,0.0105,0.0652,0.0354,0.0929,0.0428
284,-118.715,33.725,0.0609,0.0197,0.0989,0.0394,0.0852,0.0362,0.1787,0.0657,0.1207,0.0426,0.0133,0.0105,0.0651,0.0353,0.0932,0.0428
285,-118.705,33.725,0.0617,0.0199,0.1009,0.0401,0.0854,0.0362,0.1797,0.066,0.122,0.043,0.0134,0.0106,0.0649,0.0353,0.0934,0.0429
286,-118.695,33.725,0.0625,0.0201,0.1029,0.0408,0.0855,0.0363,0.1806,0.0662,0.1232,0.0433,0.0135,0.0106,0.0648,0.0352,0.0937,0.0429
287,-118.685,33.725,0.0634,0.0203,0.105,0.0415,0.0856,0.0363,0.1815,0.0664,0.1244,0.0437,0.0136,0.0107,0.0646,0.0352,0.094,0.043
288,-118.675,33.725,0.0642,0.0205,0.1073,0.0422,0.0857,0.0363,0.1823,0.0666,0.1256,0.044,0.0137,0.0107,0.0645,0.0351,0.0943,0.043
289,-118.665,33.725,0.0651,0.0207,0.1095,0.0429,0.0858,0.0364,0.1831,0.0667,0.1268,0.0443,0.0138,0.0108,0.0643,0.0351,0.0945,0.043
290,-118.655,33.725,0.066,0.0209,0.1118,0.0437,0.0859,0.0364,0.1839,0.0669,0.1279,0.0446,0.0139,0.0108,0.0641,0.035,0.0948,0.0431
291,-118.645,33.725,0.0668,0.0211,0.1141,0.0445,0.086,0.0364,0.1845,0.067,0.1289,0.0449,0.014,0.0108,0.064,0.035,0.095,0.0431
292,-118.635,33.725,0.0677,0.0214,0.1166,0.0453,0.086,0.0364,0.1851,0.0671,0.13,0.0452,0.0141,0.0109,0.0638,0.0349,0.0953,0.0431
293,-118.625,33.725,0.0686,0.0216,0.1192,0.0461,0.0861,0.0364,0.1857,0.0671,0.131,0.0454,0.0142,0.0109,0.0636,0.0348,0.0955,0.0431
294,-118.615,33.725,0.0695,0.0218,0.1218,0.0469,0.0861,0.0364,0.1862,0.0671,0.1319,0.0457,0.0143,0.011,0.0634,0.0348,0.0957,0.0431
295,-118.605,33.725,0.0704,0.022,0.1245,0.0478,0.0861,0.0364,0.1865,0.0671,0.1328,0.0459,0.0144,0.011,0.0633,0.0347,0.0958,0.043
296,-118.595,33.725,0.0714,0.0222,0.1272,0.0486,0.0861,0.0363,0.1868,0.067,0.1336,0.0461,0.0145,0.0111,0.0631,0.0346,0.096,0.043
297,-118.585,33.725,0.0723,0.0225,0.13,0.0495,0.0861,0.0363,0.187,0.0669,0.1343,0.0462,0.0147,0.0111,0.0629,0.0346,0.0961,0.0429
298,-118.575,33.725,0.0733,0.0227,0.133,0.0504,0.086,0.0363,0.187,0.0667,0.1349,0.0463,0.0148,0.0111,0.0627,0.0345,0.0962,0.0429
299,-118.565,33.725,0.0742,0.0229,0.136,0.0513,0.0859,0.0362,0.187,0.0665,0.1355,0.0464,0.0149,0.0112,0.0625,0.0344,0.0962,0.0428
300,-118.555,33.725,0.0752,0.0231,0.1391,0.0522,0.0858,0.0361,0.1869,0.0662,0.1358,0.0465,0.015,0.0112,0.0623,0.0344,0.0963,0.0426
301,-118.545,33.725,0.0762,0.0234,0.1423,0.0532,0.0857,0.036,0.1867,0.0658,0.1361,0.0464,0.0152,0.0113,0.0621,0.0343,0.0962,0.0425
302,-118.535,33.725,0.0771,0.0236,0.1456,0.0541,0.0855,0.0359,0.1864,0.0654,0.1364,0.0464,0.0153,0.0113,0.0619,0.0342,0.0962,0.0423
303,-118.525,33.725,0.0781,0.0238,0.1489,0.055,0.0853,0.0358,0.1859,0.0649,0.1364,0.0463,0.0155,0.0114,0.0617,0.0341,0.0961,0.0421
304,-118.515,33.725,0.0791,0.0241,0.1523,0.0559,0.0851,0.0357,0.1853,0.0644,0.1363,0.0461,0.0156,0.0114,0.0615,0.0341,0.0959,0.0419
305,-118.505,33.725,0.0801,0.0243,0.1557,0.0568,0.0848,0.0355,0.1846,0.0637,0.136,0.0459,0.0158,0.0115,0.0613,0.034,0.0956,0.0416
306,-118.495,33.725,0.0811,0.0245,0.1592,0.0577,0.0845,0.0353,0.1838,0.063,0.1356,0.0456,0.016,0.0115,0.0611,0.0339,0.0953,0.0413
307,-118.485,33.725,0.0822,0.0248,0.1627,0.0586,0.0842,0.0351,0.1829,0.0622,0.135,0.0452,0.0162,0.0115,0.0609,0.0338,0.0949,0.0409
308,-118.475,33.725,0.0832,0.025,0.1663,0.0594,0.0838,0.0349,0.1819,0.0612,0.1342,0.0448,0.0164,0.0116,0.0607,0.0338,0.0945,0.0405
309,-118.465,33.725,0.0842,0.0252,0.1698,0.0602,0.0834,0.0347,0.1809,0.0602,0.1332,0.0442,0.0167,0.0116,0.0604,0.0337,0.0939,0.04
310,-118.455,33.725,0.0853,0.0255,0.1733,0.0609,0.0829,0.0345,0.18,0.059,0.132,0.0436,0.0169,0.0117,0.0602,0.0336,0.0932,0.0395
311,-118.445,33.725,0.0863,0.0257,0.1769,0.0616,0.0825,0.0342,0.1792,0.0578,0.1305,0.0429,0.0172,0.0117,0.06,0.0335,0.0925,0.0389
312,-118.435,33.725,0.0874,0.0259,0.1806,0.0623,0.0821,0.034,0.1786,0.0564,0.1289,0.0421,0.0175,0.0117,0.0598,0.0334,0.0917,0.0383
313,-118.425,33.725,0.0884,0.0262,0.185,0.0632,0.0816,0.0337,0.1785,0.0549,0.1271,0.0413,0.0178,0.0118,0.0595,0.0334,0.0911,0.0379
314,-118.415,33.725,0.0894,0.0265,0.19,0.0644,0.0828,0.0344,0.1821,0.0549,0.1252,0.0404,0.0184,0.0121,0.0605,0.0342,0.0911,0.0377
315,-118.405,33.725,0.0905,0.0267,0.1973,0.0668,0.0917,0.0393,0.2036,0.0619,0.1234,0.0395,0.0208,0.0139,0.0672,0.0392,0.0947,0.0395
316,-118.395,33.725,0.0915,0.027,0.2061,0.0699,0.0982,0.043,0.2234,0.0678,0.1217,0.0387,0.0225,0.0152,0.0722,0.0432,0.0987,0.0415
317,-118.385,33.725,0.0925,0.0273,0.2164,0.0737,0.1024,0.0456,0.2416,0.0726,0.1201,0.0379,0.0234,0.0161,0.0754,0.046,0.1014,0.0428
318,-118.375,33.725,0.0934,0.0275,0.228,0.078,0.1031,0.0458,0.2567,0.0746,0.1184,0.037,0.0233,0.016,0.076,0.0465,0.1017,0.0428
319,-118.365,33.725,0.1052,0.0325,0.252,0.0895,0.103,0.0456,0.2715,0.076,0.129,0.0419,0.0229,0.0158,0.0758,0.0466,0.107,0.0455
320,-118.355,33.725,0.1491,0.0512,0.3353,0.1357,0.1026,0.0451,0.2879,0.0768,0.1761,0.0637,0.0224,0.0155,0.0754,0.0464,0.112,0.048
321,-118.345,33.725,0.1502,0.0517,0.3856,0.1631,0.1095,0.0487,0.3249,0.0841,0.1739,0.0625,0.0235,0.0168,0.0804,0.0504,0.1181,0.0512
322,-118.335,33.725,0.1513,0.0524,0.403,0.1717,0.1239,0.0563,0.3825,0.0977,0.1733,0.0622,0.0261,0.0198,0.0909,0.0587,0.1263,0.0557
323,-118.325,33.725,0.1521,0.0529,0.4203,0.1803,0.1261,0.0569,0.3923,0.099,0.175,0.0633,0.0258,0.021,0.0922,0.0599,0.1368,0.0622
324,-118.315,33.725,0.1524,0.0534,0.4375,0.1888,0.1256,0.056,0.3902,0.0975,0.1781,0.0652,0.0248,0.0219,0.0916,0.0595,0.143,0.0662
325,-118.305,33.725,0.1525,0.0538,0.4539,0.197,0.1247,0.0548,0.3777,0.0949,0.1815,0.0674,0.0239,0.0225,0.0909,0.0591,0.1477,0.0693
326,-118.295,33.725,0.1519,0.0541,0.4781,0.2146,0.1251,0.0544,0.3696,0.0939,0.1845,0.0694,0.0237,0.0236,0.0915,0.0598,0.154,0.0735
327,-118.285,33.725,0.1666,0.0627,0.5101,0.2417,0.1268,0.0548,0.3658,0.0945,0.2054,0.0818,0.0243,0.025,0.0935,0.0616,0.1688,0.0837
328,-118.275,33.725,0.1982,0.0825,0.5388,0.2789,0.1445,0.065,0.394,0.1113,0.2455,0.1083,0.0295,0.032,0.1081,0.0752,0.19,0.0994
329,-118.265,33.725,0.1768,0.0731,0.544,0.2941,0.1529,0.0701,0.3993,0.1197,0.2249,0.0975,0.0327,0.0362,0.1156,0.0826,0.1735,0.0882
330,-118.255,33.725,0.0947,0.0314,0.4377,0.192,0.1004,0.0409,0.2613,0.0705,0.1288,0.0432,0.0213,0.0216,0.0754,0.0488,0.1345,0.0611
331,-118.245,33.725,0.0933,0.0317,0.3906,0.1439,0.0739,0.0262,0.1862,0.0454,0.1301,0.044,0.0158,0.0146,0.0552,0.0318,0.1191,0.0515
332,-118.235,33.725,0.0918,0.0319,0.4028,0.1496,0.0734,0.0259,0.1739,0.0445,0.1312,0.0447,0.0162,0.015,0.0549,0.0317,0.1207,0.0522
333,-118.225,33.725,0.0902,0.0322,0.4174,0.1562,0.0734,0.0259,0.1642,0.0438,0.1327,0.0455,0.0166,0.0154,0.0547,0.0316,0.1231,0.0535
334,-118.215,33.725,0.0888,0.0324,0.4331,0.163,0.0775,0.0282,0.1626,0.0467,0.134,0.0462,0.018,0.0173,0.0576,0.0341,0.1275,0.056
335,-118.205,33.725,0.0877,0.0325,0.4528,0.1709,0.1018,0.0414,0.1977,0.0666,0.1351,0.0468,0.0249,0.0262,0.0757,0.0496,0.1363,0.0611
336,-118.195,33.725,0.0873,0.0327,0.4758,0.1795,0.1145,0.0486,0.2128,0.077,0.136,0.0474,0.0285,0.0311,0.0847,0.0573,0.1513,0.0712
337,-118.185,33.725,0.0874,0.0329,0.5022,0.1889,0.1158,0.0498,0.2079,0.0778,0.1366,0.0478,0.0289,0.0317,0.0844,0.0573,0.1469,0.0679
338,-118.175,33.725,0.088,0.0331,0.5356,0.1998,0.0962,0.0392,0.1718,0.0612,0.1373,0.0482,0.0235,0.0245,0.0688,0.0441,0.1362,0.0605
339,-118.165,33.725,0.089,0.0332,0.5717,0.2113,0.0766,0.0285,0.1363,0.0446,0.1384,0.0487,0.018,0.0173,0.0531,0.031,0.1294,0.0562
340,-118.155,33.725,0.0901,0.0332,0.6144,0.2242,0.0773,0.029,0.1351,0.0452,0.1393,0.0492,0.0181,0.0175,0.0529,0.0309,0.1309,0.0569
341,-118.145,33.725,0.0912,0.0332,0.6606,0.2381,0.0781,0.0295,0.1342,0.0456,0.1402,0.0496,0.0182,0.0176,0.0526,0.0308,0.1334,0.0581
342,-118.135,33.725,0.0925,0.033,0.7103,0.253,0.0788,0.0299,0.1335,0.0458,0.1411,0.05,0.0182,0.0177,0.0523,0.0307,0.1382,0.0607
343,-118.125,33.725,0.094,0.0328,0.7647,0.2694,0.0985,0.0412,0.1621,0.0617,0.1418,0.0504,0.0232,0.0245,0.0651,0.0416,0.1465,0.0656
344,-118.115,33.725,0.0957,0.0327,0.8299,0.3152,0.1182,0.0524,0.1907,0.0771,0.1424,0.0507,0.0282,0.0312,0.0779,0.0524,0.162,0.0756
345,-118.105,33.725,0.1323,0.0505,0.9433,0.5031,0.1188,0.0528,0.1896,0.075,0.1898,0.0784,0.0281,0.0312,0.0772,0.052,0.1832,0.0898
346,-118.095,33.725,0.1885,0.0782,1.0153,0.6108,0.1323,0.0608,0.2076,0.0823,0.2626,0.1214,0.0312,0.0357,0.0852,0.0591,0.2065,0.1058
347,-118.085,33.725,0.1934,0.079,1.0458,0.6383,0.1588,0.0763,0.2447,0.099,0.2652,0.1233,0.0377,0.0447,0.1019,0.0735,0.2307,0.1232
348,-118.075,33.725,0.198,0.0797,1.0955,0.6386,0.1621,0.0783,0.2476,0.098,0.2675,0.1252,0.0383,0.0456,0.103,0.0746,0.2555,0.1425
349,-118.065,33.725,0.1895,0.0728,1.1339,0.6334,0.1604,0.0773,0.2434,0.0933,0.2542,0.1156,0.0375,0.0448,0.1009,0.0728,0.2579,0.144
350,-118.055,33.725,0.2002,0.0772,1.098,0.6294,0.1576,0.0757,0.2387,0.0889,0.2642,0.1231,0.0366,0.0438,0.0982,0.0706,0.2577,0.1432
351,-118.045,33.725,0.2008,0.0758,1.0698,0.6141,0.1584,0.0763,0.2401,0.0887,0.2623,0.1219,0.0367,0.0441,0.098,0.0706,0.2591,0.1439
352,-118.035,33.725,0.2038,0.0759,1.0495,0.5876,0.1628,0.0792,0.2478,0.0928,0.2634,0.1231,0.038,0.046,0.1003,0.073,0.2651,0.1487
353,-118.025,33.725,0.2113,0.0787,0.999,0.5633,0.1675,0.0824,0.2579,0.1003,0.2699,0.1282,0.0395,0.0478,0.1034,0.0762,0.2747,0.1569
354,-118.015,33.725,0.2182,0.0814,0.9466,0.5384,0.1713,0.0849,0.2667,0.1077,0.2745,0.1321,0.0407,0.0493,0.106,0.0789,0.2797,0.1608
355,-118.005,33.725,0.2196,0.081,0.9148,0.5089,0.1698,0.0837,0.2663,0.1105,0.2728,0.1312,0.0405,0.0484,0.1055,0.0787,0.282,0.1624
356,-117.995,33.725,0.2228,0.0818,0.8808,0.4841,0.1694,0.0834,0.2671,0.1142,0.2733,0.1319,0.0406,0.0478,0.1059,0.0794,0.284,0.1637
357,-117.985,33.725,0.227,0.0834,0.8447,0.4638,0.1701,0.0838,0.2691,0.1188,0.2752,0.1337,0.0409,0.0474,0.1073,0.081,0.2886,0.1673
358,-117.975,33.725,0.2278,0.0831,0.8191,0.4422,0.1681,0.0824,0.2674,0.121,0.2732,0.1325,0.0406,0.046,0.1069,0.081,0.2911,0.1691
359,-117.965,33.725,0.228,0.0827,0.7954,0.4217,0.1656,0.0808,0.2653,0.1226,0.2706,0.1308,0.0403,0.0444,0.1064,0.0807,0.2929,0.1702
360,-117.955,33.725,0.2307,0.0839,0.7703,0.4078,0.1639,0.0796,0.2642,0.1247,0.2708,0.1313,0.0405,0.0435,0.1064,0.0809,0.2944,0.1712
361,-117.945,33.725,0.2315,0.0841,0.748,0.3919,0.1609,0.0777,0.2611,0.1244,0.2688,0.1303,0.0408,0.0427,0.1056,0.0805,0.2954,0.1715
362,-117.935,33.725,0.2307,0.0836,0.7285,0.3742,0.1568,0.0751,0.2558,0.1219,0.2649,0.1277,0.0413,0.042,0.1041,0.0793,0.295,0.1705
363,-117.925,33.725,0.2302,0.0833,0.7071,0.3571,0.1529,0.0727,0.2512,0.1192,0.2612,0.1253,0.0424,0.0419,0.103,0.0784,0.2946,0.1696
364,-117.915,33.725,0.2303,0.0835,0.6853,0.3405,0.1491,0.0704,0.2467,0.1163,0.258,0.1234,0.0435,0.042,0.1019,0.0777,0.2944,0.1688
365,-117.905,33.725,0.2307,0.0839,0.6626,0.3252,0.1452,0.0682,0.2422,0.1123,0.2553,0.1219,0.0447,0.0423,0.1009,0.0769,0.2942,0.1681
366,-117.895,33.725,0.2304,0.0841,0.6397,0.3093,0.1414,0.0662,0.2375,0.1078,0.2518,0.1199,0.0456,0.0427,0.0998,0.0761,0.2931,0.1666
367,-117.885,33.725,0.2283,0.0832,0.6165,0.2928,0.1378,0.0644,0.2325,0.1026,0.2474,0.1173,0.0462,0.0432,0.0985,0.075,0.2916,0.1647
368,-117.875,33.725,0.2258,0.0821,0.5925,0.277,0.1362,0.0638,0.2292,0.0978,0.2433,0.1148,0.0463,0.044,0.0974,0.0743,0.2898,0.1624
369,-117.865,33.725,0.2233,0.0811,0.5681,0.2614,0.1353,0.0638,0.2263,0.0931,0.2393,0.1124,0.0463,0.0447,0.0965,0.0736,0.2879,0.1602
370,-117.855,33.725,0.2202,0.0798,0.5429,0.2456,0.1364,0.065,0.2248,0.0884,0.2349,0.1097,0.0459,0.0454,0.0953,0.0727,0.2853,0.1572
371,-117.845,33.725,0.2167,0.0784,0.5181,0.2303,0.1378,0.0664,0.2236,0.0838,0.2301,0.1069,0.0454,0.046,0.094,0.0717,0.2826,0.1541
372,-117.835,33.725,0.2129,0.0769,0.4937,0.2154,0.1395,0.0679,0.2227,0.0793,0.2251,0.1039,0.0448,0.0463,0.0924,0.0704,0.2798,0.1511
373,-117.825,33.725,0.2082,0.075,0.4716,0.203,0.1416,0.0698,0.2227,0.0768,0.2198,0.1007,0.0446,0.0468,0.0912,0.0695,0.2771,0.1482
374,-117.815,33.725,0.205,0.074,0.4507,0.1917,0.1438,0.0717,0.2228,0.0756,0.2167,0.099,0.0445,0.0472,0.0901,0.0686,0.2763,0.147
375,-117.805,33.725,0.202,0.073,0.4339,0.1838,0.1457,0.0734,0.2219,0.0784,0.2144,0.0979,0.0447,0.0473,0.0892,0.068,0.2755,0.1459
376,-117.795,33.725,0.1966,0.0708,0.4168,0.1754,0.1467,0.0744,0.2199,0.081,0.2101,0.0955,0.0448,0.0467,0.0878,0.0668,0.2744,0.1445
377,-117.785,33.725,0.1904,0.0683,0.3995,0.1665,0.1467,0.0747,0.217,0.0832,0.2054,0.0929,0.0449,0.0455,0.0859,0.0652,0.2727,0.1426
378,-117.775,33.725,0.1845,0.0658,0.3841,0.1592,0.147,0.0752,0.2147,0.0855,0.2012,0.0905,0.0453,0.0436,0.0842,0.0638,0.2715,0.1414
379,-117.765,33.725,0.1792,0.0638,0.3692,0.1523,0.1456,0.0746,0.2103,0.0865,0.1978,0.0887,0.0453,0.041,0.0817,0.0616,0.2682,0.1383
380,-117.755,33.725,0.1737,0.0617,0.3552,0.146,0.1359,0.0686,0.1948,0.0808,0.1941,0.0868,0.0427,0.0352,0.0746,0.0552,0.2599,0.1316
381,-117.745,33.725,0.1529,0.0523,0.3212,0.1274,0.1278,0.0635,0.1822,0.0761,0.1735,0.0744,0.04,0.0302,0.0686,0.0498,0.2458,0.1205
382,-117.735,33.725,0.1241,0.0396,0.2672,0.0965,0.1213,0.0595,0.1725,0.0722,0.1432,0.0571,0.0372,0.0259,0.0637,0.0455,0.225,0.1046
383,-117.725,33.725,0.1121,0.035,0.2501,0.0888,0.1117,0.0537,0.1584,0.0659,0.131,0.0508,0.0335,0.0217,0.0576,0.0401,0.2111,0.0948
384,-117.715,33.725,0.1152,0.0367,0.2424,0.0866,0.1046,0.0494,0.1477,0.0614,0.1359,0.0535,0.0306,0.0182,0.0528,0.036,0.2088,0.0928
385,-117.705,33.725,0.1186,0.0386,0.243,0.0889,0.1121,0.0544,0.1574,0.0683,0.141,0.0565,0.0324,0.0186,0.0558,0.0388,0.2148,0.0965
386,-117.695,33.725,0.12,0.0397,0.245,0.092,0.1182,0.0586,0.1651,0.0742,0.1439,0.0584,0.0336,0.0186,0.0581,0.041,0.2218,0.1008
387,-117.685,33.725,0.1227,0.0414,0.2485,0.0959,0.1231,0.062,0.1708,0.0791,0.1485,0.0612,0.0345,0.0182,0.0597,0.0425,0.2228,0.1011
388,-117.675,33.725,0.1038,0.0336,0.2238,0.0841,0.1155,0.0574,0.1595,0.0736,0.1275,0.0499,0.0318,0.0159,0.0551,0.0386,0.216,0.0963
389,-117.665,33.725,0.0962,0.0308,0.1988,0.072,0.1074,0.0525,0.1474,0.0677,0.1194,0.0459,0.029,0.0137,0.0504,0.0345,0.2098,0.0919
390,-117.655,33.725,0.0964,0.0313,0.2,0.0739,0.1091,0.0539,0.1486,0.0697,0.1207,0.0468,0.0294,0.0137,0.0506,0.0348,0.2134,0.0938
391,-118.945,33.735,0.0452,0.0156,0.0658,0.0279,0.0787,0.0341,0.1533,0.0582,0.0936,0.0346,0.0116,0.0098,0.0681,0.0364,0.087,0.0416
392,-118.935,33.735,0.0458,0.0157,0.0669,0.0283,0.0792,0.0342,0.1544,0.0585,0.0947,0.0349,0.0117,0.0099,0.0681,0.0364,0.0873,0.0416
393,-118.925,33.735,0.0465,0.0159,0.068,0.0287,0.0797,0.0344,0.1556,0.0589,0.0959,0.0352,0.0118,0.0099,0.068,0.0364,0.0876,0.0417
394,-118.915,33.735,0.0471,0.0161,0.0692,0.0291,0.0802,0.0346,0.1568,0.0593,0.097,0.0356,0.0118,0.0099,0.068,0.0364,0.0879,0.0417
395,-118.905,33.735,0.0477,0.0162,0.0704,0.0295,0.0806,0.0347,0.158,0.0597,0.0982,0.0359,0.0119,0.01,0.0679,0.0364,0.0882,0.0418
396,-118.895,33.735,0.0483,0.0164,0.0716,0.03,0.0811,0.0349,0.1593,0.0601,0.0994,0.0363,0.012,0.01,0.0678,0.0363,0.0885,0.0419
397,-118.885,33.735,0.049,0.0166,0.0728,0.0304,0.0816,0.035,0.1605,0.0605,0.1006,0.0366,0.012,0.01,0.0678,0.0363,0.0888,0.0419
398,-118.875,33.735,0.0496,0.0168,0.0741,0.0309,0.082,0.0352,0.1619,0.0609,0.1018,0.037,0.0121,0.01,0.0677,0.0363,0.0891,0.042
399,-118.865,33.735,0.0503,0.0169,0.0753,0.0313,0.0824,0.0353,0.1632,0.0613,0.103,0.0374,0.0122,0.0101,0.0676,0.0362,0.0894,0.0421
400,-118.855,33.735,0.051,0.0171,0.0767,0.0318,0.0828,0.0354,0.1646,0.0617,0.1043,0.0377,0.0123,0.0101,0.0675,0.0362,0.0897,0.0421
401,-118.845,33.735,0.0517,0.0173,0.078,0.0323,0.0832,0.0356,0.1659,0.0621,0.1056,0.0381,0.0123,0.0101,0.0674,0.0362,0.09,0.0422
402,-118.835,33.735,0.0524,0.0175,0.0794,0.0328,0.0836,0.0357,0.1673,0.0625,0.1068,0.0385,0.0124,0.0102,0.0673,0.0361,0.0903,0.0423
403,-118.825,33.735,0.0531,0.0177,0.0809,0.0333,0.084,0.0358,0.1686,0.0629,0.1081,0.0389,0.0125,0.0102,0.0672,0.0361,0.0906,0.0423
404,-118.815,33.735,0.0538,0.0179,0.0823,0.0338,0.0844,0.0359,0.1699,0.0633,0.1095,0.0393,0.0126,0.0102,0.0671,0.0361,0.0909,0.0424
405,-118.805,33.735,0.0545,0.018,0.0839,0.0343,0.0847,0.036,0.1712,0.0637,0.1108,0.0397,0.0127,0.0103,0.067,0.036,0.0912,0.0425
406,-118.795,33.735,0.0552,0.0182,0.0854,0.0349,0.0849,0.0361,0.1725,0.064,0.1121,0.0401,0.0128,0.0103,0.0669,0.036,0.0916,0.0425
407,-118.785,33.735,0.056,0.0184,0.087,0.0354,0.0852,0.0362,0.1738,0.0644,0.1135,0.0405,0.0128,0.0103,0.0668,0.0359,0.0919,0.0426
408,-118.775,33.735,0.0567,0.0186,0.0887,0.036,0.0855,0.0363,0.175,0.0648,0.1148,0.0409,0.0129,0.0104,0.0666,0.0359,0.0922,0.0427
409,-118.765,33.735,0.0575,0.0188,0.0904,0.0366,0.0857,0.0364,0.1763,0.0651,0.1162,0.0413,0.013,0.0104,0.0665,0.0359,0.0925,0.0428
410,-118.755,33.735,0.0583,0.019,0.0921,0.0372,0.0859,0.0365,0.1775,0.0655,0.1175,0.0417,0.0131,0.0105,0.0664,0.0358,0.0928,0.0428
411,-118.745,33.735,0.0591,0.0192,0.0939,0.0378,0.0861,0.0365,0.1786,0.0658,0.1189,0.0421,0.0132,0.0105,0.0663,0.0358,0.0931,0.0429
412,-118.735,33.735,0.0599,0.0194,0.0957,0.0384,0.0863,0.0366,0.1798,0.0661,0.1202,0.0425,0.0133,0.0105,0.0661,0.0357,0.0934,0.0429
413,-118.725,33.735,0.0607,0.0196,0.0977,0.0391,0.0864,0.0366,0.1809,0.0664,0.1216,0.0429,0.0134,0.0106,0.066,0.0357,0.0937,0.043
414,-118.715,33.735,0.0615,0.0198,0.0996,0.0397,0.0866,0.0367,0.1821,0.0667,0.123,0.0432,0.0135,0.0106,0.0658,0.0356,0.0941,0.0431
415,-118.705,33.735,0.0624,0.02,0.1017,0.0404,0.0867,0.0367,0.1831,0.067,0.1243,0.0436,0.0136,0.0107,0.0657,0.0356,0.0944,0.0431
416,-118.695,33.735,0.0632,0.0203,0.1037,0.0411,0.0868,0.0368,0.1841,0.0672,0.1256,0.044,0.0136,0.0107,0.0655,0.0355,0.0946,0.0432
417,-118.685,33.735,0.0641,0.0205,0.1059,0.0418,0.087,0.0368,0.1851,0.0674,0.1269,0.0444,0.0137,0.0108,0.0654,0.0355,0.0949,0.0432
418,-118.675,33.735,0.0649,0.0207,0.1081,0.0426,0.0871,0.0368,0.1859,0.0677,0.1282,0.0448,0.0138,0.0108,0.0652,0.0354,0.0952,0.0433
419,-118.665,33.735,0.0658,0.0209,0.1104,0.0433,0.0872,0.0369,0.1868,0.0678,0.1295,0.0451,0.0139,0.0108,0.065,0.0353,0.0955,0.0433
420,-118.655,33.735,0.0667,0.0211,0.1127,0.0441,0.0872,0.0369,0.1876,0.068,0.1307,0.0455,0.014,0.0109,0.0649,0.0353,0.0958,0.0433
421,-118.645,33.735,0.0676,0.0213,0.1152,0.0449,0.0873,0.0369,0.1883,0.0681,0.1318,0.0458,0.0141,0.0109,0.0647,0.0352,0.096,0.0433
422,-118.635,33.735,0.0685,0.0216,0.1177,0.0457,0.0874,0.0369,0.1889,0.0682,0.133,0.0461,0.0142,0.011,0.0645,0.0352,0.0962,0.0433
423,-118.625,33.735,0.0694,0.0218,0.1203,0.0466,0.0874,0.0369,0.1894,0.0683,0.134,0.0464,0.0143,0.011,0.0644,0.0351,0.0965,0.0433
424,-118.615,33.735,0.0704,0.022,0.123,0.0474,0.0874,0.0369,0.1899,0.0683,0.1351,0.0466,0.0145,0.0111,0.0642,0.035,0.0967,0.0433
425,-118.605,33.735,0.0713,0.0222,0.1257,0.0483,0.0874,0.0369,0.1903,0.0683,0.1361,0.0469,0.0146,0.0111,0.064,0.035,0.0968,0.0433
426,-118.595,33.735,0.0723,0.0225,0.1286,0.0492,0.0874,0.0369,0.1906,0.0682,0.1369,0.0471,0.0147,0.0112,0.0638,0.0349,0.097,0.0433
427,-118.585,33.735,0.0732,0.0227,0.1314,0.0501,0.0873,0.0368,0.1908,0.0681,0.1378,0.0473,0.0148,0.0112,0.0636,0.0348,0.0971,0.0432
428,-118.575,33.735,0.0742,0.0229,0.1345,0.0511,0.0873,0.0368,0.1908,0.0679,0.1384,0.0474,0.0149,0.0113,0.0634,0.0348,0.0972,0.0432
429,-118.565,33.735,0.0752,0.0231,0.1376,0.052,0.0872,0.0367,0.1908,0.0677,0.139,0.0475,0.015,0.0113,0.0632,0.0347,0.0973,0.0431
430,-118.555,33.735,0.0762,0.0234,0.1408,0.0529,0.087,0.0366,0.1906,0.0674,0.1396,0.0476,0.0152,0.0113,0.063,0.0346,0.0973,0.0429
431,-118.545,33.735,0.0772,0.0236,0.1441,0.0539,0.0869,0.0365,0.1903,0.0671,0.1399,0.0476,0.0153,0.0114,0.0628,0.0345,0.0973,0.0428
432,-118.535,33.735,0.0782,0.0238,0.1475,0.0549,0.0867,0.0364,0.1899,0.0667,0.1402,0.0476,0.0155,0.0114,0.0626,0.0345,0.0973,0.0426
433,-118.525,33.735,0.0792,0.0241,0.151,0.0559,0.0864,0.0363,0.1894,0.0662,0.1403,0.0475,0.0156,0.0115,0.0624,0.0344,0.0972,0.0424
434,-118.515,33.735,0.0802,0.0243,0.1545,0.0568,0.0862,0.0361,0.1887,0.0656,0.1403,0.0474,0.0158,0.0115,0.0622,0.0343,0.097,0.0422
435,-118.505,33.735,0.0813,0.0245,0.1581,0.0578,0.0859,0.0359,0.1878,0.0649,0.14,0.0471,0.016,0.0116,0.062,0.0342,0.0968,0.0419
436,-118.495,33.735,0.0823,0.0248,0.1617,0.0587,0.0855,0.0357,0.1868,0.0642,0.1397,0.0468,0.0162,0.0116,0.0618,0.0342,0.0965,0.0416
437,-118.485,33.735,0.0834,0.025,0.1654,0.0596,0.0851,0.0355,0.1857,0.0633,0.1391,0.0465,0.0164,0.0117,0.0616,0.0341,0.0961,0.0413
438,-118.475,33.735,0.0845,0.0252,0.1691,0.0604,0.0846,0.0353,0.1844,0.0623,0.1383,0.046,0.0166,0.0117,0.0613,0.034,0.0956,0.0408
439,-118.465,33.735,0.0855,0.0255,0.1728,0.0612,0.0841,0.035,0.1831,0.0613,0.1372,0.0455,0.0169,0.0118,0.0611,0.0339,0.095,0.0404
440,-118.455,33.735,0.0866,0.0257,0.1764,0.062,0.0836,0.0348,0.1818,0.06,0.136,0.0449,0.0172,0.0118,0.0609,0.0338,0.0943,0.0398
441,-118.445,33.735,0.0877,0.026,0.18,0.0626,0.0831,0.0345,0.1806,0.0585,0.1345,0.0441,0.0175,0.0119,0.0607,0.0338,0.0934,0.0392
442,-118.435,33.735,0.0888,0.0262,0.1836,0.0632,0.0826,0.0342,0.1795,0.0569,0.1327,0.0433,0.0178,0.0119,0.0604,0.0337,0.0928,0.0387
443,-118.425,33.735,0.0899,0.0265,0.2028,0.0713,0.0834,0.0347,0.1811,0.0562,0.1307,0.0424,0.0185,0.0122,0.0612,0.0343,0.0935,0.0389
444,-118.415,33.735,0.0965,0.0289,0.2233,0.08,0.0872,0.0368,0.1892,0.0581,0.1359,0.0447,0.0199,0.0131,0.0641,0.0366,0.0969,0.0406
445,-118.405,33.735,0.1088,0.0337,0.2342,0.0843,0.104,0.0462,0.2263,0.0715,0.1478,0.0501,0.0244,0.0165,0.0768,0.0462,0.1059,0.0454
446,-118.395,33.735,0.1375,0.0456,0.2524,0.093,0.1166,0.0534,0.2596,0.0828,0.18,0.0656,0.0275,0.0191,0.0864,0.0537,0.1157,0.0508
447,-118.385,33.735,0.1459,0.0492,0.2779,0.1061,0.1249,0.0585,0.2894,0.092,0.1862,0.0686,0.0294,0.0208,0.0928,0.0591,0.1228,0.0546
448,-118.375,33.735,0.1491,0.0504,0.2982,0.1163,0.1267,0.0594,0.3115,0.0959,0.1855,0.0681,0.0294,0.0209,0.0942,0.0604,0.124,0.0551
449,-118.365,33.735,0.1511,0.0512,0.3205,0.1274,0.1269,0.0593,0.3323,0.0984,0.1831,0.0666,0.029,0.0207,0.0943,0.0606,0.1287,0.0575
450,-118.355,33.735,0.1512,0.0513,0.3577,0.1459,0.1261,0.0585,0.3547,0.0997,0.1783,0.0639,0.0284,0.0201,0.0936,0.0602,0.1318,0.0591
451,-118.345,33.735,0.1516,0.0516,0.39,0.1631,0.1264,0.0582,0.3807,0.1011,0.1737,0.0613,0.028,0.0199,0.0935,0.0603,0.1337,0.0598
452,-118.335,33.735,0.1554,0.0534,0.4173,0.1789,0.1278,0.0584,0.4105,0.1026,0.1745,0.0617,0.0277,0.0202,0.0941,0.061,0.135,0.0603
453,-118.325,33.735,0.1538,0.0529,0.4366,0.1889,0.1278,0.0577,0.4129,0.102,0.1753,0.0624,0.0269,0.0213,0.0938,0.0608,0.1385,0.0626
454,-118.315,33.735,0.1569,0.0547,0.4543,0.1977,0.1274,0.0567,0.4074,0.1007,0.1831,0.0669,0.026,0.0226,0.0932,0.0605,0.1445,0.0665
455,-118.305,33.735,0.1571,0.0552,0.4718,0.2068,0.1264,0.0554,0.3901,0.0976,0.1877,0.0698,0.0252,0.0237,0.0925,0.0601,0.1504,0.0704
456,-118.295,33.735,0.1569,0.0557,0.4958,0.2241,0.1271,0.0551,0.3802,0.0965,0.1917,0.0724,0.0252,0.0251,0.0935,0.0612,0.1577,0.0753
457,-118.285,33.735,0.1633,0.06,0.5266,0.2497,0.1297,0.0558,0.3778,0.0974,0.2037,0.0796,0.026,0.0268,0.0963,0.0637,0.1742,0.0867
458,-118.275,33.735,0.204,0.085,0.556,0.2903,0.1457,0.0647,0.4037,0.1124,0.2543,0.1129,0.0309,0.0335,0.1101,0.0764,0.2015,0.1077
459,-118.265,33.735,0.2014,0.0856,0.574,0.3203,0.1532,0.0691,0.4074,0.1197,0.2572,0.1152,0.0339,0.0377,0.1172,0.0835,0.1977,0.1047
460,-118.255,33.735,0.1654,0.0684,0.5371,0.283,0.1055,0.0428,0.2751,0.075,0.2183,0.0932,0.0234,0.0243,0.0807,0.0528,0.1697,0.0839
461,-118.245,33.735,0.1152,0.0434,0.5236,0.2702,0.0814,0.0294,0.2017,0.0521,0.1601,0.0602,0.0184,0.0179,0.0624,0.0375,0.1464,0.069
462,-118.235,33.735,0.1132,0.044,0.5337,0.2819,0.0809,0.0291,0.1873,0.0509,0.1621,0.0616,0.019,0.0185,0.0623,0.0376,0.1482,0.0701
463,-118.225,33.735,0.1103,0.0441,0.545,0.2912,0.0808,0.0291,0.1758,0.0499,0.1636,0.0625,0.0194,0.019,0.0619,0.0374,0.151,0.0717
464,-118.215,33.735,0.1075,0.0442,0.5573,0.3009,0.0882,0.0333,0.1782,0.0551,0.1648,0.0631,0.0218,0.0221,0.0671,0.0419,0.1578,0.0758
465,-118.205,33.735,0.1335,0.0613,0.5728,0.315,0.1319,0.0571,0.2457,0.0911,0.2064,0.0878,0.034,0.0381,0.1001,0.0699,0.1736,0.0855
466,-118.195,33.735,0.1754,0.0877,0.5928,0.3292,0.1547,0.07,0.2767,0.1099,0.2693,0.1251,0.0404,0.0466,0.1164,0.0838,0.2014,0.1048
467,-118.185,33.735,0.1763,0.0885,0.6175,0.3436,0.1566,0.0719,0.271,0.1115,0.2706,0.1262,0.0408,0.0475,0.116,0.0837,0.1837,0.0915
468,-118.175,33.735,0.0889,0.0344,0.6088,0.2851,0.1168,0.0503,0.202,0.0782,0.1423,0.05,0.0297,0.0328,0.0848,0.0574,0.1524,0.0697
469,-118.165,33.735,0.0901,0.0346,0.6039,0.2265,0.0778,0.029,0.1352,0.0455,0.1434,0.0505,0.0187,0.0183,0.0543,0.0318,0.1328,0.0577
470,-118.155,33.735,0.0914,0.0347,0.6514,0.2402,0.0839,0.0325,0.1424,0.051,0.1443,0.051,0.0202,0.0204,0.0578,0.0349,0.1377,0.0604
471,-118.145,33.735,0.0926,0.0346,0.7127,0.3069,0.0875,0.0347,0.1461,0.0543,0.1452,0.0514,0.0211,0.0216,0.0595,0.0365,0.1465,0.0657
472,-118.135,33.735,0.11,0.044,0.7878,0.4264,0.0887,0.0355,0.1463,0.0552,0.1691,0.066,0.0212,0.0218,0.0595,0.0366,0.1615,0.0755
473,-118.125,33.735,0.1157,0.0459,0.8464,0.4617,0.1241,0.0557,0.199,0.0842,0.1757,0.07,0.0302,0.0339,0.0828,0.0563,0.1835,0.0904
474,-118.115,33.735,0.1833,0.0803,0.9114,0.489,0.1591,0.0757,0.2512,0.1121,0.2679,0.1234,0.039,0.0458,0.1058,0.0758,0.2114,0.1085
475,-118.105,33.735,0.1825,0.077,1.024,0.5611,0.158,0.075,0.248,0.1072,0.2624,0.1194,0.0383,0.0449,0.1036,0.0739,0.2321,0.1235
476,-118.095,33.735,0.1887,0.0782,1.0783,0.6105,0.1599,0.0763,0.2487,0.1043,0.2659,0.122,0.0384,0.0452,0.1035,0.0742,0.2483,0.136
477,-118.085,33.735,0.1982,0.0815,1.0744,0.6374,0.1648,0.0795,0.2534,0.1035,0.2736,0.1277,0.0394,0.0468,0.1057,0.0764,0.2602,0.1457
478,-118.075,33.735,0.2063,0.0841,1.0748,0.6365,0.1679,0.0816,0.256,0.102,0.2796,0.1325,0.0398,0.0476,0.1065,0.0775,0.2669,0.1511
479,-118.065,33.735,0.2091,0.0834,1.0715,0.6278,0.1701,0.0832,0.2576,0.1003,0.2791,0.1323,0.0401,0.0482,0.1069,0.0781,0.2691,0.1526
480,-118.055,33.735,0.212,0.0831,1.0456,0.6082,0.1708,0.0837,0.2567,0.0979,0.2791,0.1326,0.0399,0.0482,0.1063,0.0777,0.2711,0.1538
481,-118.045,33.735,0.2144,0.0825,1.0182,0.5829,0.1717,0.0844,0.2576,0.0976,0.2787,0.1325,0.0401,0.0484,0.1061,0.0778,0.2734,0.1554
482,-118.035,33.735,0.2183,0.083,0.9893,0.5521,0.173,0.0853,0.2602,0.0994,0.2804,0.1341,0.0405,0.0488,0.1063,0.0783,0.2763,0.1576
483,-118.025,33.735,0.2222,0.0837,0.9473,0.5225,0.1726,0.085,0.2634,0.1031,0.2819,0.1356,0.0407,0.0487,0.106,0.0782,0.2803,0.1608
484,-118.015,33.735,0.2229,0.0826,0.9044,0.4933,0.1718,0.0844,0.2665,0.1073,0.2794,0.134,0.0409,0.0484,0.1056,0.0782,0.283,0.1627
485,-118.005,33.735,0.2247,0.0823,0.8697,0.4648,0.1706,0.0834,0.2681,0.1112,0.2783,0.1335,0.0412,0.0482,0.1056,0.0784,0.2856,0.1645
486,-117.995,33.735,0.2281,0.0831,0.8363,0.4404,0.1699,0.0827,0.2698,0.1154,0.2793,0.1347,0.0416,0.0479,0.106,0.0791,0.2889,0.1671
487,-117.985,33.735,0.2308,0.0838,0.804,0.42,0.1696,0.0824,0.2716,0.1198,0.2794,0.1352,0.0421,0.0475,0.1069,0.0802,0.2918,0.1692
488,-117.975,33.735,0.2316,0.0836,0.7802,0.403,0.1675,0.0809,0.2708,0.1226,0.2772,0.1338,0.0422,0.0463,0.1066,0.0802,0.2935,0.1703
489,-117.965,33.735,0.2339,0.0844,0.7584,0.3873,0.165,0.0791,0.2693,0.1249,0.2765,0.1337,0.0422,0.045,0.1061,0.08,0.2951,0.1711
490,-117.955,33.735,0.2352,0.0849,0.7375,0.3748,0.1622,0.0773,0.2673,0.1267,0.275,0.1329,0.0422,0.0441,0.1056,0.0797,0.2966,0.1719
491,-117.945,33.735,0.2349,0.0845,0.7173,0.3615,0.1589,0.0751,0.2637,0.1264,0.2716,0.1307,0.0426,0.0435,0.1049,0.0793,0.2969,0.1716
492,-117.935,33.735,0.2355,0.0848,0.698,0.3477,0.1552,0.0727,0.2583,0.124,0.2691,0.1292,0.0432,0.0431,0.1039,0.0786,0.2973,0.1714
493,-117.925,33.735,0.2362,0.0852,0.6771,0.3337,0.1514,0.0704,0.2537,0.1215,0.2666,0.1278,0.0443,0.0432,0.1032,0.0782,0.2976,0.1712
494,-117.915,33.735,0.2372,0.0859,0.6557,0.3197,0.1475,0.068,0.2493,0.1187,0.2643,0.1267,0.0454,0.0435,0.1024,0.0777,0.2978,0.1708
495,-117.905,33.735,0.2374,0.0862,0.6338,0.3056,0.1428,0.0654,0.2446,0.1146,0.2612,0.1248,0.0463,0.0439,0.1015,0.0771,0.2975,0.17
496,-117.895,33.735,0.2367,0.0861,0.6118,0.2912,0.1384,0.063,0.2399,0.1101,0.2573,0.1225,0.0469,0.0442,0.1005,0.0764,0.2963,0.1683
497,-117.885,33.735,0.2353,0.0857,0.5897,0.2765,0.1342,0.0609,0.2351,0.1051,0.2533,0.1201,0.0472,0.0444,0.0994,0.0756,0.2951,0.1666
498,-117.875,33.735,0.2339,0.0852,0.5672,0.2626,0.1324,0.0604,0.232,0.1005,0.2498,0.1182,0.0473,0.0447,0.0988,0.0752,0.2938,0.1648
499,-117.865,33.735,0.2312,0.084,0.5441,0.2483,0.1317,0.0606,0.2292,0.0959,0.2457,0.1157,0.0472,0.045,0.098,0.0748,0.292,0.1626
500,-117.855,33.735,0.2266,0.0819,0.5182,0.2312,0.1332,0.0621,0.2264,0.0904,0.2402,0.1123,0.0463,0.045,0.0964,0.0734,0.2884,0.1587
501,-117.845,33.735,0.2219,0.0798,0.4931,0.2152,0.1352,0.0638,0.2243,0.0852,0.2343,0.1086,0.0455,0.045,0.0948,0.0721,0.2847,0.1547
502,-117.835,33.735,0.2176,0.0782,0.4689,0.2003,0.1377,0.066,0.2228,0.0803,0.2287,0.1052,0.0446,0.045,0.0931,0.0707,0.2812,0.151
503,-117.825,33.735,0.2132,0.0765,0.4479,0.1886,0.1404,0.0683,0.2228,0.0774,0.2235,0.102,0.0441,0.0453,0.0919,0.0697,0.278,0.1475
504,-117.815,33.735,0.2093,0.0751,0.4282,0.178,0.143,0.0704,0.2227,0.0757,0.2199,0.1001,0.0439,0.0456,0.0907,0.0688,0.2763,0.1456
505,-117.805,33.735,0.2047,0.0734,0.4119,0.1703,0.1448,0.072,0.2213,0.0784,0.2162,0.0981,0.0441,0.0458,0.0894,0.0678,0.2737,0.1429
506,-117.795,33.735,0.1981,0.0706,0.3961,0.1627,0.1451,0.0726,0.2185,0.0804,0.2109,0.095,0.0442,0.0454,0.0875,0.0662,0.27,0.1395
507,-117.785,33.735,0.1922,0.0682,0.3808,0.1554,0.1441,0.0723,0.2141,0.0816,0.2067,0.0927,0.0441,0.0443,0.0848,0.0639,0.2658,0.1357
508,-117.775,33.735,0.1815,0.0636,0.3669,0.1492,0.1448,0.073,0.2124,0.084,0.1977,0.0874,0.0449,0.0431,0.0834,0.0627,0.2634,0.1335
509,-117.765,33.735,0.1773,0.0621,0.3497,0.141,0.1424,0.0717,0.2067,0.084,0.1955,0.0864,0.0447,0.0405,0.0803,0.06,0.2555,0.1269
510,-117.755,33.735,0.1506,0.05,0.3146,0.1219,0.1235,0.0597,0.1784,0.071,0.1691,0.0708,0.0392,0.0319,0.0678,0.0486,0.2409,0.1157
511,-117.745,33.735,0.1264,0.0397,0.2841,0.1057,0.1124,0.0528,0.1616,0.0638,0.1444,0.0568,0.0355,0.0261,0.0601,0.0417,0.2227,0.1021
512,-117.735,33.735,0.1232,0.0388,0.2581,0.0923,0.1092,0.0511,0.1564,0.0624,0.1422,0.0559,0.0337,0.0232,0.0573,0.0394,0.213,0.0953
513,-117.725,33.735,0.1137,0.0353,0.2423,0.0856,0.1072,0.0502,0.1528,0.0619,0.1328,0.0511,0.0324,0.0211,0.0552,0.0377,0.2085,0.0921
514,-117.715,33.735,0.1121,0.035,0.2314,0.0818,0.1078,0.0509,0.153,0.0634,0.1322,0.0511,0.0319,0.0197,0.0546,0.0374,0.2124,0.0944
515,-117.705,33.735,0.1202,0.0389,0.2343,0.0851,0.1204,0.0592,0.1697,0.0743,0.1429,0.0571,0.0353,0.0212,0.0602,0.0425,0.2218,0.1002
516,-117.695,33.735,0.1231,0.0407,0.2313,0.0852,0.1261,0.0631,0.1767,0.0797,0.1476,0.06,0.0364,0.0212,0.0622,0.0444,0.2302,0.1055
517,-117.685,33.735,0.1176,0.0388,0.2223,0.0823,0.1249,0.0627,0.1741,0.0797,0.1427,0.0575,0.0355,0.0196,0.0606,0.0431,0.2265,0.1026
518,-117.675,33.735,0.1016,0.0323,0.2125,0.0785,0.117,0.0579,0.1622,0.0739,0.1251,0.0482,0.0327,0.0172,0.0559,0.039,0.2206,0.0984
519,-117.665,33.735,0.1044,0.034,0.2026,0.0745,0.109,0.0531,0.1501,0.068,0.1297,0.0509,0.0299,0.015,0.0511,0.035,0.2169,0.0955
520,-117.655,33.735,0.1068,0.0356,0.1933,0.071,0.107,0.0522,0.1463,0.067,0.1337,0.0535,0.0291,0.0143,0.0495,0.0337,0.2189,0.0965
521,-118.945,33.745,0.0455,0.0157,0.0661,0.028,0.0799,0.0345,0.1558,0.0588,0.0945,0.0348,0.0118,0.0099,0.069,0.0367,0.0878,0.0417
522,-118.935,33.745,0.0462,0.0158,0.0672,0.0284,0.0804,0.0347,0.157,0.0592,0.0956,0.0351,0.0118,0.0099,0.0689,0.0367,0.0881,0.0418
523,-118.925,33.745,0.0468,0.016,0.0683,0.0288,0.0809,0.0348,0.1582,0.0596,0.0968,0.0355,0.0119,0.01,0.0689,0.0367,0.0884,0.0419
524,-118.915,33.745,0.0474,0.0162,0.0695,0.0293,0.0814,0.035,0.1594,0.06,0.098,0.0358,0.012,0.01,0.0688,0.0367,0.0887,0.0419
525,-118.905,33.745,0.0481,0.0164,0.0707,0.0297,0.0819,0.0352,0.1607,0.0604,0.0992,0.0362,0.012,0.01,0.0687,0.0366,0.089,0.042
526,-118.895,33.745,0.0487,0.0165,0.0719,0.0301,0.0824,0.0353,0.1619,0.0608,0.1005,0.0366,0.0121,0.0101,0.0687,0.0366,0.0893,0.042
527,-118.885,33.745,0.0494,0.0167,0.0731,0.0306,0.0829,0.0355,0.1632,0.0612,0.1017,0.0369,0.0122,0.0101,0.0686,0.0366,0.0896,0.0421
528,-118.875,33.745,0.05,0.0169,0.0744,0.031,0.0833,0.0356,0.1646,0.0616,0.103,0.0373,0.0122,0.0101,0.0685,0.0366,0.0899,0.0422
529,-118.865,33.745,0.0507,0.0171,0.0757,0.0315,0.0838,0.0358,0.1659,0.062,0.1042,0.0377,0.0123,0.0101,0.0684,0.0365,0.0902,0.0422
530,-118.855,33.745,0.0514,0.0172,0.0771,0.032,0.0842,0.0359,0.1673,0.0624,0.1056,0.0381,0.0124,0.0102,0.0683,0.0365,0.0905,0.0423
531,-118.845,33.745,0.0521,0.0174,0.0784,0.0325,0.0846,0.0361,0.1687,0.0628,0.1069,0.0385,0.0125,0.0102,0.0682,0.0365,0.0908,0.0424
532,-118.835,33.745,0.0528,0.0176,0.0798,0.033,0.085,0.0362,0.1701,0.0632,0.1082,0.0389,0.0125,0.0102,0.0681,0.0364,0.0911,0.0424
533,-118.825,33.745,0.0535,0.0178,0.0813,0.0335,0.0854,0.0363,0.1714,0.0636,0.1096,0.0393,0.0126,0.0103,0.068,0.0364,0.0914,0.0425
534,-118.815,33.745,0.0543,0.018,0.0828,0.034,0.0857,0.0364,0.1728,0.0641,0.111,0.0397,0.0127,0.0103,0.0679,0.0364,0.0917,0.0426
535,-118.805,33.745,0.055,0.0182,0.0843,0.0345,0.086,0.0365,0.1742,0.0645,0.1124,0.0401,0.0128,0.0104,0.0678,0.0363,0.0921,0.0427
536,-118.795,33.745,0.0557,0.0184,0.0859,0.0351,0.0863,0.0366,0.1755,0.0649,0.1138,0.0405,0.0129,0.0104,0.0677,0.0363,0.0924,0.0427
537,-118.785,33.745,0.0565,0.0186,0.0875,0.0357,0.0866,0.0367,0.1768,0.0653,0.1152,0.0409,0.013,0.0104,0.0676,0.0362,0.0927,0.0428
538,-118.775,33.745,0.0573,0.0188,0.0892,0.0362,0.0868,0.0368,0.1782,0.0656,0.1166,0.0414,0.013,0.0105,0.0674,0.0362,0.093,0.0429
539,-118.765,33.745,0.0581,0.019,0.0909,0.0368,0.0871,0.0369,0.1795,0.066,0.118,0.0418,0.0131,0.0105,0.0673,0.0361,0.0934,0.043
540,-118.755,33.745,0.0589,0.0192,0.0927,0.0374,0.0873,0.037,0.1808,0.0664,0.1194,0.0422,0.0132,0.0105,0.0672,0.0361,0.0937,0.043
541,-118.745,33.745,0.0597,0.0194,0.0945,0.0381,0.0875,0.0371,0.182,0.0667,0.1209,0.0426,0.0133,0.0106,0.067,0.036,0.094,0.0431
542,-118.735,33.745,0.0605,0.0196,0.0964,0.0387,0.0877,0.0371,0.1832,0.0671,0.1224,0.0431,0.0134,0.0106,0.0669,0.036,0.0943,0.0432
543,-118.725,33.745,0.0613,0.0198,0.0983,0.0394,0.0878,0.0372,0.1844,0.0674,0.1238,0.0435,0.0135,0.0107,0.0668,0.0359,0.0947,0.0432
544,-118.715,33.745,0.0621,0.02,0.1003,0.0401,0.088,0.0372,0.1856,0.0677,0.1252,0.0439,0.0136,0.0107,0.0666,0.0359,0.095,0.0433
545,-118.705,33.745,0.063,0.0202,0.1024,0.0408,0.0881,0.0373,0.1867,0.068,0.1267,0.0443,0.0137,0.0108,0.0665,0.0358,0.0953,0.0433
546,-118.695,33.745,0.0639,0.0204,0.1045,0.0415,0.0883,0.0373,0.1877,0.0683,0.1281,0.0447,0.0138,0.0108,0.0663,0.0358,0.0956,0.0434
547,-118.685,33.745,0.0647,0.0206,0.1067,0.0422,0.0884,0.0374,0.1888,0.0685,0.1294,0.0452,0.0139,0.0108,0.0661,0.0357,0.0959,0.0434
548,-118.675,33.745,0.0656,0.0209,0.109,0.043,0.0885,0.0374,0.1897,0.0688,0.1309,0.0456,0.014,0.0109,0.066,0.0357,0.0962,0.0435
549,-118.665,33.745,0.0665,0.0211,0.1113,0.0437,0.0886,0.0374,0.1906,0.069,0.1322,0.0459,0.0141,0.0109,0.0658,0.0356,0.0965,0.0435
550,-118.655,33.745,0.0674,0.0213,0.1137,0.0446,0.0887,0.0374,0.1914,0.0692,0.1335,0.0463,0.0142,0.011,0.0656,0.0355,0.0967,0.0436
551,-118.645,33.745,0.0684,0.0215,0.1162,0.0454,0.0887,0.0375,0.1921,0.0693,0.1348,0.0467,0.0143,0.011,0.0655,0.0355,0.097,0.0436
552,-118.635,33.745,0.0693,0.0218,0.1187,0.0462,0.0888,0.0375,0.1928,0.0694,0.1361,0.047,0.0144,0.0111,0.0653,0.0354,0.0973,0.0436
553,-118.625,33.745,0.0702,0.022,0.1214,0.0471,0.0888,0.0375,0.1934,0.0695,0.1373,0.0473,0.0145,0.0111,0.0651,0.0354,0.0975,0.0436
554,-118.615,33.745,0.0712,0.0222,0.1241,0.048,0.0888,0.0375,0.1939,0.0696,0.1384,0.0477,0.0146,0.0112,0.0649,0.0353,0.0977,0.0436
555,-118.605,33.745,0.0721,0.0224,0.127,0.0489,0.0888,0.0374,0.1943,0.0696,0.1395,0.0479,0.0147,0.0112,0.0647,0.0352,0.0979,0.0436
556,-118.595,33.745,0.0731,0.0227,0.1299,0.0498,0.0887,0.0374,0.1946,0.0695,0.1405,0.0482,0.0148,0.0113,0.0645,0.0352,0.0981,0.0436
557,-118.585,33.745,0.0741,0.0229,0.1329,0.0507,0.0887,0.0374,0.1948,0.0694,0.1414,0.0484,0.0149,0.0113,0.0643,0.0351,0.0982,0.0435
558,-118.575,33.745,0.0751,0.0231,0.136,0.0517,0.0886,0.0373,0.1948,0.0693,0.1422,0.0486,0.015,0.0114,0.0641,0.035,0.0984,0.0435
559,-118.565,33.745,0.0761,0.0234,0.1392,0.0527,0.0885,0.0372,0.1948,0.0691,0.1429,0.0487,0.0152,0.0114,0.0639,0.0349,0.0984,0.0434
560,-118.555,33.745,0.0771,0.0236,0.1425,0.0537,0.0883,0.0371,0.1946,0.0688,0.1435,0.0488,0.0153,0.0115,0.0637,0.0349,0.0985,0.0433
561,-118.545,33.745,0.0782,0.0238,0.1459,0.0547,0.0881,0.037,0.1943,0.0685,0.144,0.0489,0.0154,0.0115,0.0635,0.0348,0.0985,0.0432
562,-118.535,33.745,0.0792,0.0241,0.1495,0.0557,0.0879,0.0369,0.1938,0.0681,0.1444,0.0489,0.0156,0.0116,0.0633,0.0347,0.0985,0.043
563,-118.525,33.745,0.0803,0.0243,0.1531,0.0567,0.0876,0.0368,0.1932,0.0676,0.1446,0.0488,0.0157,0.0116,0.0631,0.0346,0.0984,0.0428
564,-118.515,33.745,0.0813,0.0245,0.1567,0.0578,0.0873,0.0366,0.1925,0.067,0.1446,0.0487,0.0159,0.0117,0.0629,0.0346,0.0982,0.0426
565,-118.505,33.745,0.0824,0.0248,0.1605,0.0588,0.087,0.0364,0.1915,0.0664,0.1444,0.0485,0.0161,0.0117,0.0627,0.0345,0.098,0.0423
566,-118.495,33.745,0.0835,0.025,0.1643,0.0598,0.0865,0.0362,0.1904,0.0656,0.1441,0.0483,0.0163,0.0118,0.0625,0.0344,0.0978,0.042
567,-118.485,33.745,0.0846,0.0252,0.1682,0.0607,0.0861,0.036,0.1892,0.0648,0.1436,0.0479,0.0165,0.0118,0.0622,0.0343,0.0974,0.0417
568,-118.475,33.745,0.0857,0.0255,0.1721,0.0616,0.0855,0.0357,0.1877,0.0638,0.1429,0.0475,0.0167,0.0119,0.062,0.0342,0.0969,0.0413
569,-118.465,33.745,0.0868,0.0257,0.176,0.0625,0.085,0.0354,0.1861,0.0627,0.1419,0.047,0.017,0.0119,0.0618,0.0342,0.0963,0.0408
570,-118.455,33.745,0.088,0.026,0.1799,0.0633,0.0844,0.0351,0.1847,0.0614,0.1406,0.0464,0.0173,0.012,0.0616,0.0341,0.0957,0.0403
571,-118.445,33.745,0.0891,0.0262,0.1837,0.064,0.0838,0.0348,0.1832,0.0599,0.1392,0.0456,0.0176,0.012,0.0613,0.034,0.0948,0.0397
572,-118.435,33.745,0.0903,0.0265,0.1875,0.0647,0.0832,0.0345,0.1819,0.0582,0.1374,0.0448,0.018,0.0121,0.0611,0.0339,0.0949,0.0395
573,-118.425,33.745,0.0915,0.0267,0.2197,0.0793,0.0915,0.0391,0.1985,0.0639,0.1352,0.0438,0.0206,0.0139,0.0676,0.0388,0.099,0.0416
574,-118.415,33.745,0.1203,0.0378,0.2541,0.0952,0.1016,0.0448,0.2188,0.0711,0.1706,0.0598,0.0236,0.0161,0.0754,0.0446,0.1118,0.0485
575,-118.405,33.745,0.1241,0.0392,0.2702,0.1026,0.1111,0.0503,0.2384,0.0773,0.1706,0.0599,0.0264,0.0182,0.0827,0.0503,0.1194,0.0528
576,-118.395,33.745,0.1398,0.046,0.2942,0.1148,0.1189,0.0548,0.2614,0.0841,0.1861,0.0679,0.0284,0.0199,0.0886,0.0551,0.1287,0.0583
577,-118.385,33.745,0.1464,0.0486,0.326,0.1318,0.1249,0.0585,0.2877,0.0916,0.1904,0.0699,0.0296,0.0211,0.0932,0.059,0.1363,0.0628
578,-118.375,33.745,0.1526,0.0512,0.3507,0.1449,0.1273,0.0599,0.3117,0.0959,0.1931,0.0713,0.0297,0.0213,0.0949,0.0606,0.1387,0.0639
579,-118.365,33.745,0.1546,0.0521,0.3714,0.1554,0.1285,0.0604,0.3347,0.0993,0.1908,0.0698,0.0296,0.0212,0.0957,0.0614,0.1391,0.0637
580,-118.355,33.745,0.1529,0.0512,0.3797,0.1568,0.1271,0.0592,0.3555,0.1005,0.184,0.0661,0.0289,0.0205,0.0946,0.0606,0.1365,0.0616
581,-118.345,33.745,0.1522,0.0509,0.3996,0.1669,0.1276,0.059,0.3807,0.1025,0.1779,0.0627,0.0285,0.0204,0.0946,0.0608,0.135,0.0602
582,-118.335,33.745,0.1593,0.0544,0.4311,0.1856,0.13,0.0596,0.4105,0.1054,0.1818,0.0646,0.0284,0.0208,0.0956,0.0618,0.1369,0.061
583,-118.325,33.745,0.1526,0.0514,0.4524,0.1969,0.1302,0.0589,0.4132,0.1053,0.1777,0.0628,0.0277,0.0219,0.0953,0.0618,0.1404,0.0633
584,-118.315,33.745,0.1613,0.0559,0.4714,0.2067,0.1299,0.0578,0.4079,0.1041,0.1918,0.0707,0.0269,0.0231,0.0947,0.0614,0.1478,0.0682
585,-118.305,33.745,0.1618,0.0566,0.49,0.2167,0.1288,0.0563,0.3899,0.1008,0.1968,0.0738,0.0263,0.0243,0.0942,0.0611,0.155,0.0729
586,-118.295,33.745,0.1624,0.0575,0.5141,0.2338,0.1308,0.0566,0.381,0.1005,0.2016,0.0769,0.0267,0.0263,0.0963,0.0631,0.1631,0.0784
587,-118.285,33.745,0.174,0.0646,0.5437,0.258,0.1359,0.0587,0.381,0.1033,0.2192,0.0876,0.0283,0.0291,0.1012,0.0675,0.1812,0.091
588,-118.275,33.745,0.2129,0.0893,0.5738,0.3024,0.1483,0.0652,0.3946,0.1143,0.2672,0.1207,0.0324,0.035,0.1125,0.078,0.2087,0.1125
589,-118.265,33.745,0.2052,0.0867,0.6004,0.3438,0.1567,0.0694,0.3975,0.1218,0.2642,0.1185,0.0359,0.0398,0.1209,0.086,0.2204,0.1214
590,-118.255,33.745,0.1989,0.0855,0.6103,0.3512,0.1381,0.0584,0.3348,0.1037,0.2628,0.1177,0.0328,0.036,0.108,0.0753,0.2189,0.1197
591,-118.245,33.745,0.197,0.0876,0.6195,0.3629,0.1286,0.0526,0.2943,0.0939,0.267,0.1211,0.0319,0.035,0.102,0.0704,0.2183,0.119
592,-118.235,33.745,0.1945,0.0899,0.6279,0.3789,0.1282,0.0521,0.276,0.0924,0.272,0.125,0.0332,0.0367,0.1026,0.0713,0.2234,0.1227
593,-118.225,33.745,0.188,0.0896,0.6365,0.3908,0.1277,0.0521,0.2584,0.0895,0.2733,0.1259,0.0337,0.0374,0.1015,0.0704,0.2272,0.1254
594,-118.215,33.745,0.1812,0.0892,0.6456,0.403,0.1301,0.0539,0.2468,0.0889,0.2743,0.1266,0.0349,0.039,0.1022,0.0712,0.2317,0.1286
595,-118.205,33.745,0.1775,0.0907,0.6567,0.4206,0.1475,0.0645,0.2636,0.1018,0.2781,0.1296,0.04,0.0459,0.1141,0.0814,0.2396,0.1348
596,-118.195,33.745,0.1769,0.092,0.6745,0.4382,0.1567,0.0706,0.2691,0.1089,0.2805,0.1316,0.0425,0.0495,0.1193,0.086,0.2485,0.1419
597,-118.185,33.745,0.1785,0.0926,0.6991,0.4558,0.1578,0.0723,0.2633,0.1103,0.2803,0.1316,0.0425,0.05,0.1179,0.085,0.2106,0.1117
598,-118.175,33.745,0.0906,0.0361,0.6805,0.3735,0.1176,0.0506,0.1967,0.0776,0.1477,0.0519,0.0308,0.0343,0.0859,0.0581,0.1635,0.0763
599,-118.165,33.745,0.0921,0.0364,0.6667,0.2906,0.0836,0.0322,0.1404,0.0504,0.1487,0.0524,0.0207,0.0209,0.0586,0.0352,0.138,0.0604
600,-118.155,33.745,0.1083,0.0459,0.7194,0.3045,0.1207,0.0534,0.1947,0.0838,0.1714,0.0661,0.0308,0.0348,0.0844,0.0571,0.1568,0.0712
601,-118.145,33.745,0.1329,0.0606,0.7832,0.3923,0.141,0.0653,0.2235,0.1024,0.2063,0.0875,0.0363,0.0421,0.0978,0.0688,0.1843,0.0891
602,-118.135,33.745,0.1833,0.0896,0.8582,0.5539,0.1445,0.0678,0.2267,0.1063,0.2772,0.1315,0.0369,0.0431,0.099,0.0701,0.2223,0.1175
603,-118.125,33.745,0.1982,0.0957,0.9098,0.5996,0.1592,0.0766,0.2471,0.1175,0.2965,0.1437,0.0403,0.0478,0.1075,0.0776,0.2619,0.1493
604,-118.115,33.745,0.1944,0.0889,0.9638,0.617,0.1714,0.0838,0.2645,0.1254,0.2882,0.1372,0.043,0.0514,0.1143,0.0834,0.2631,0.1491
605,-118.105,33.745,0.1807,0.0765,1.053,0.6121,0.1607,0.0767,0.2497,0.1109,0.2649,0.1197,0.0393,0.0461,0.1051,0.075,0.2529,0.1393
606,-118.095,33.745,0.1809,0.0735,1.0923,0.6174,0.1569,0.074,0.2443,0.1022,0.2595,0.1155,0.0376,0.0437,0.1009,0.0713,0.2503,0.1363
607,-118.085,33.745,0.1934,0.0783,1.0818,0.6329,0.1598,0.0758,0.2484,0.0993,0.2703,0.1233,0.038,0.0442,0.1016,0.0721,0.2576,0.1421
608,-118.075,33.745,0.2108,0.0861,1.0513,0.6269,0.1665,0.0802,0.2572,0.1015,0.2866,0.1358,0.0394,0.0463,0.1048,0.0755,0.2704,0.153
609,-118.065,33.745,0.215,0.086,1.019,0.6131,0.1726,0.0843,0.2652,0.1039,0.2873,0.1365,0.0407,0.0483,0.1078,0.0785,0.275,0.1566
610,-118.055,33.745,0.2178,0.0853,0.9979,0.5823,0.1728,0.0844,0.2644,0.1023,0.2866,0.1362,0.0404,0.0478,0.1069,0.0778,0.2769,0.1579
611,-118.045,33.745,0.2193,0.084,0.9702,0.55,0.1735,0.0849,0.2651,0.1023,0.2845,0.1349,0.0404,0.0477,0.1064,0.0776,0.2782,0.1586
612,-118.035,33.745,0.2234,0.0844,0.9358,0.5162,0.1747,0.0858,0.2674,0.104,0.2855,0.1361,0.0407,0.0477,0.1064,0.0779,0.2807,0.1604
613,-118.025,33.745,0.2277,0.0852,0.8992,0.4835,0.1743,0.0854,0.27,0.1068,0.287,0.1376,0.041,0.0475,0.1061,0.0779,0.2837,0.1627
614,-118.015,33.745,0.2291,0.0844,0.8623,0.4516,0.1735,0.0847,0.2725,0.1101,0.2851,0.1366,0.0413,0.0473,0.1058,0.0779,0.2861,0.1643
615,-118.005,33.745,0.2314,0.0843,0.8257,0.4231,0.172,0.0834,0.2744,0.1137,0.2847,0.1367,0.0418,0.0471,0.1059,0.0783,0.2885,0.166
616,-117.995,33.745,0.2338,0.0845,0.7929,0.3989,0.1704,0.0821,0.2755,0.1173,0.285,0.1373,0.0425,0.0468,0.106,0.0786,0.2916,0.1683
617,-117.985,33.745,0.2351,0.0844,0.7639,0.3791,0.1688,0.0808,0.2757,0.1206,0.2837,0.1367,0.0432,0.0463,0.1061,0.079,0.2936,0.1696
618,-117.975,33.745,0.2366,0.0846,0.7426,0.3664,0.1663,0.079,0.2735,0.1226,0.282,0.1358,0.0433,0.0452,0.1056,0.0788,0.2952,0.1705
619,-117.965,33.745,0.2381,0.0851,0.7232,0.3553,0.1636,0.077,0.2707,0.1242,0.2804,0.1349,0.0434,0.0439,0.1051,0.0785,0.2965,0.1711
620,-117.955,33.745,0.2389,0.0853,0.7057,0.3448,0.1607,0.075,0.2673,0.1252,0.2781,0.1336,0.0435,0.0432,0.1046,0.0783,0.2976,0.1715
621,-117.945,33.745,0.2396,0.0855,0.6876,0.3343,0.1575,0.0729,0.2635,0.1251,0.2757,0.1322,0.0441,0.043,0.1041,0.078,0.2984,0.1717
622,-117.935,33.745,0.2408,0.0861,0.6688,0.3238,0.1542,0.0707,0.2592,0.124,0.2739,0.1313,0.045,0.0434,0.1035,0.0778,0.2995,0.1722
623,-117.925,33.745,0.242,0.0869,0.6483,0.3121,0.1505,0.0683,0.2551,0.1224,0.272,0.1303,0.0463,0.0438,0.103,0.0776,0.3006,0.1726
624,-117.915,33.745,0.243,0.0876,0.6274,0.3,0.1464,0.0659,0.2511,0.1203,0.2697,0.1292,0.0476,0.0444,0.1025,0.0774,0.3012,0.1727
625,-117.905,33.745,0.2436,0.0882,0.6058,0.2868,0.1415,0.0629,0.2471,0.1168,0.267,0.1277,0.0484,0.0449,0.102,0.0772,0.3012,0.1721
626,-117.895,33.745,0.2429,0.088,0.5844,0.2736,0.1365,0.0603,0.2428,0.1127,0.2629,0.1252,0.0488,0.0451,0.1014,0.0768,0.3,0.1704
627,-117.885,33.745,0.2422,0.088,0.563,0.2602,0.1316,0.0579,0.2383,0.1081,0.2593,0.1232,0.0489,0.0451,0.1007,0.0764,0.2994,0.1693
628,-117.875,33.745,0.243,0.0889,0.5416,0.2477,0.1299,0.0577,0.2363,0.1046,0.2576,0.1226,0.0491,0.0456,0.101,0.077,0.2989,0.1683
629,-117.865,33.745,0.2409,0.0882,0.5193,0.2345,0.1294,0.0583,0.2342,0.1007,0.2539,0.1205,0.0491,0.0459,0.101,0.0773,0.2975,0.1664
630,-117.855,33.745,0.2341,0.0848,0.4929,0.2164,0.1315,0.06,0.2289,0.0941,0.2462,0.1153,0.0475,0.0446,0.0982,0.0748,0.2922,0.1608
631,-117.845,33.745,0.2281,0.082,0.4678,0.2,0.1343,0.0623,0.2251,0.0887,0.2391,0.1108,0.0461,0.0439,0.096,0.0729,0.2874,0.1557
632,-117.835,33.745,0.2235,0.0801,0.4439,0.1854,0.1377,0.0651,0.2228,0.0844,0.2333,0.1071,0.0451,0.0438,0.0944,0.0715,0.283,0.1511
633,-117.825,33.745,0.219,0.0785,0.4239,0.1743,0.1406,0.0676,0.2216,0.0819,0.2279,0.104,0.0443,0.0438,0.0928,0.0703,0.2791,0.1471
634,-117.815,33.745,0.2129,0.0759,0.4052,0.1644,0.1431,0.0698,0.2204,0.0802,0.2224,0.1006,0.0437,0.0439,0.0912,0.0689,0.2755,0.1434
635,-117.805,33.745,0.2063,0.0731,0.3898,0.157,0.1437,0.0706,0.2188,0.081,0.2169,0.0974,0.0437,0.044,0.0894,0.0674,0.2675,0.1361
636,-117.795,33.745,0.1866,0.0642,0.3709,0.1478,0.1395,0.0682,0.2103,0.0786,0.1982,0.0863,0.0423,0.042,0.0845,0.063,0.2558,0.1264
637,-117.785,33.745,0.1799,0.0614,0.3486,0.1366,0.1303,0.0626,0.1949,0.0729,0.1932,0.0833,0.0395,0.038,0.0767,0.0559,0.2424,0.1157
638,-117.775,33.745,0.15,0.048,0.3386,0.1327,0.1337,0.0651,0.1976,0.0766,0.1639,0.0662,0.0411,0.0381,0.077,0.0563,0.2383,0.1126
639,-117.765,33.745,0.1687,0.0572,0.3248,0.1266,0.1364,0.067,0.1994,0.0797,0.1856,0.0795,0.0425,0.0379,0.077,0.0565,0.232,0.1079
640,-117.755,33.745,0.1343,0.042,0.28,0.102,0.123,0.0587,0.179,0.0706,0.1509,0.0594,0.0385,0.0314,0.0677,0.0481,0.2235,0.1018
641,-117.745,33.745,0.1278,0.0398,0.2563,0.09,0.1135,0.0529,0.1644,0.0644,0.1454,0.0567,0.0353,0.0265,0.0609,0.0422,0.2146,0.0955
642,-117.735,33.745,0.1241,0.0387,0.2537,0.0908,0.1078,0.0498,0.1555,0.0611,0.1429,0.0556,0.0331,0.0231,0.0566,0.0386,0.2117,0.0934
643,-117.725,33.745,0.1176,0.0364,0.2412,0.0861,0.1127,0.0531,0.1616,0.0658,0.137,0.0528,0.0342,0.0229,0.0582,0.0401,0.2135,0.0943
644,-117.715,33.745,0.121,0.0384,0.229,0.0815,0.1185,0.057,0.1691,0.0711,0.1423,0.056,0.0355,0.0231,0.0603,0.0422,0.218,0.097
645,-117.705,33.745,0.1188,0.038,0.2285,0.0828,0.1185,0.0573,0.1682,0.072,0.1413,0.0556,0.0349,0.0216,0.0593,0.0414,0.2224,0.0996
646,-117.695,33.745,0.1144,0.0365,0.2213,0.0806,0.1192,0.058,0.1683,0.0734,0.1376,0.0539,0.0346,0.0205,0.0587,0.041,0.2221,0.0991
647,-117.685,33.745,0.1089,0.0347,0.2073,0.0749,0.1206,0.0593,0.1694,0.0753,0.1326,0.0515,0.0345,0.0197,0.0585,0.0409,0.2235,0.0997
648,-117.675,33.745,0.1155,0.0381,0.2042,0.0746,0.116,0.0567,0.1619,0.0723,0.1418,0.0568,0.0327,0.018,0.0553,0.0383,0.2239,0.0995
649,-117.665,33.745,0.1047,0.0338,0.201,0.0742,0.1107,0.0537,0.1534,0.0686,0.1305,0.0508,0.0307,0.0163,0.0519,0.0354,0.2211,0.0974
650,-117.655,33.745,0.0972,0.0311,0.1863,0.068,0.1079,0.0523,0.1482,0.0669,0.1228,0.0471,0.0296,0.0153,0.0498,0.0338,0.2132,0.0923
651,-118.945,33.755,0.0459,0.0158,0.0664,0.0282,0.0812,0.0349,0.1584,0.0595,0.0954,0.035,0.0119,0.01,0.0698,0.037,0.0886,0.0419
652,-118.935,33.755,0.0465,0.016,0.0675,0.0286,0.0817,0.0351,0.1596,0.0599,0.0966,0.0354,0.0119,0.01,0.0698,0.037,0.0889,0.042
653,-118.925,33.755,0.0472,0.0161,0.0686,0.029,0.0822,0.0353,0.1608,0.0603,0.0978,0.0357,0.012,0.0101,0.0697,0.037,0.0892,0.042
654,-118.915,33.755,0.0478,0.0163,0.0698,0.0294,0.0828,0.0355,0.1621,0.0607,0.099,0.0361,0.0121,0.0101,0.0696,0.037,0.0895,0.0421
655,-118.905,33.755,0.0484,0.0165,0.071,0.0298,0.0833,0.0356,0.1633,0.0611,0.1003,0.0365,0.0121,0.0101,0.0696,0.0369,0.0898,0.0422
656,-118.895,33.755,0.0491,0.0166,0.0722,0.0303,0.0838,0.0358,0.1646,0.0615,0.1015,0.0368,0.0122,0.0101,0.0695,0.0369,0.0901,0.0422
657,-118.885,33.755,0.0498,0.0168,0.0734,0.0307,0.0842,0.036,0.166,0.0619,0.1028,0.0372,0.0123,0.0102,0.0694,0.0369,0.0904,0.0423
658,-118.875,33.755,0.0504,0.017,0.0748,0.0312,0.0847,0.0361,0.1673,0.0623,0.1041,0.0376,0.0124,0.0102,0.0693,0.0369,0.0907,0.0424
659,-118.865,33.755,0.0511,0.0172,0.0761,0.0317,0.0852,0.0363,0.1686,0.0627,0.1054,0.038,0.0124,0.0102,0.0692,0.0368,0.091,0.0424
660,-118.855,33.755,0.0518,0.0174,0.0774,0.0321,0.0856,0.0364,0.17,0.0631,0.1068,0.0384,0.0125,0.0103,0.0691,0.0368,0.0913,0.0425
661,-118.845,33.755,0.0525,0.0175,0.0788,0.0326,0.086,0.0366,0.1715,0.0636,0.1082,0.0388,0.0126,0.0103,0.069,0.0368,0.0916,0.0426
662,-118.835,33.755,0.0533,0.0177,0.0803,0.0331,0.0864,0.0367,0.1729,0.064,0.1096,0.0392,0.0127,0.0103,0.0689,0.0367,0.0919,0.0426
663,-118.825,33.755,0.054,0.0179,0.0817,0.0337,0.0867,0.0368,0.1743,0.0644,0.111,0.0397,0.0127,0.0104,0.0688,0.0367,0.0923,0.0427
664,-118.815,33.755,0.0547,0.0181,0.0832,0.0342,0.0871,0.0369,0.1758,0.0649,0.1125,0.0401,0.0128,0.0104,0.0687,0.0366,0.0926,0.0428
665,-118.805,33.755,0.0555,0.0183,0.0848,0.0348,0.0874,0.0371,0.1772,0.0653,0.114,0.0405,0.0129,0.0104,0.0686,0.0366,0.0929,0.0429
666,-118.795,33.755,0.0562,0.0185,0.0864,0.0353,0.0877,0.0372,0.1786,0.0657,0.1154,0.041,0.013,0.0105,0.0685,0.0366,0.0932,0.0429
667,-118.785,33.755,0.057,0.0187,0.088,0.0359,0.088,0.0373,0.18,0.0661,0.1169,0.0414,0.0131,0.0105,0.0684,0.0365,0.0936,0.043
668,-118.775,33.755,0.0578,0.0189,0.0897,0.0365,0.0883,0.0374,0.1814,0.0665,0.1184,0.0419,0.0132,0.0105,0.0682,0.0365,0.0939,0.0431
669,-118.765,33.755,0.0586,0.0191,0.0915,0.0371,0.0885,0.0375,0.1828,0.0669,0.1199,0.0423,0.0132,0.0106,0.0681,0.0364,0.0942,0.0432
670,-118.755,33.755,0.0594,0.0193,0.0933,0.0377,0.0887,0.0375,0.1841,0.0673,0.1214,0.0428,0.0133,0.0106,0.068,0.0364,0.0946,0.0432
671,-118.745,33.755,0.0602,0.0195,0.0951,0.0384,0.0889,0.0376,0.1854,0.0677,0.123,0.0432,0.0134,0.0107,0.0678,0.0363,0.0949,0.0433
672,-118.735,33.755,0.0611,0.0197,0.097,0.039,0.0891,0.0377,0.1867,0.068,0.1245,0.0437,0.0135,0.0107,0.0677,0.0363,0.0952,0.0434
673,-118.725,33.755,0.0619,0.02,0.099,0.0397,0.0893,0.0377,0.1879,0.0684,0.126,0.0441,0.0136,0.0108,0.0675,0.0362,0.0956,0.0434
674,-118.715,33.755,0.0628,0.0202,0.101,0.0404,0.0894,0.0378,0.1892,0.0688,0.1276,0.0446,0.0137,0.0108,0.0674,0.0362,0.0959,0.0435
675,-118.705,33.755,0.0636,0.0204,0.1031,0.0411,0.0896,0.0378,0.1903,0.0691,0.1291,0.0451,0.0138,0.0108,0.0672,0.0361,0.0962,0.0436
676,-118.695,33.755,0.0645,0.0206,0.1053,0.0418,0.0897,0.0379,0.1915,0.0694,0.1306,0.0455,0.0139,0.0109,0.0671,0.0361,0.0965,0.0436
677,-118.685,33.755,0.0654,0.0208,0.1075,0.0426,0.0898,0.0379,0.1926,0.0697,0.1321,0.0459,0.014,0.0109,0.0669,0.036,0.0969,0.0437
678,-118.675,33.755,0.0663,0.021,0.1098,0.0434,0.0899,0.038,0.1935,0.0699,0.1336,0.0464,0.0141,0.011,0.0667,0.0359,0.0972,0.0437
679,-118.665,33.755,0.0672,0.0213,0.1121,0.0442,0.09,0.038,0.1945,0.0702,0.1351,0.0468,0.0142,0.011,0.0666,0.0359,0.0975,0.0438
680,-118.655,33.755,0.0682,0.0215,0.1146,0.045,0.0901,0.038,0.1954,0.0704,0.1366,0.0472,0.0143,0.0111,0.0664,0.0358,0.0978,0.0438
681,-118.645,33.755,0.0691,0.0217,0.1171,0.0458,0.0902,0.038,0.1962,0.0706,0.138,0.0476,0.0144,0.0111,0.0662,0.0358,0.098,0.0439
682,-118.635,33.755,0.0701,0.0219,0.1197,0.0467,0.0902,0.038,0.1969,0.0707,0.1393,0.048,0.0145,0.0112,0.066,0.0357,0.0983,0.0439
683,-118.625,33.755,0.071,0.0222,0.1225,0.0476,0.0902,0.038,0.1975,0.0708,0.1406,0.0484,0.0146,0.0112,0.0658,0.0356,0.0986,0.0439
684,-118.615,33.755,0.072,0.0224,0.1252,0.0485,0.0902,0.038,0.1981,0.0709,0.1419,0.0487,0.0147,0.0113,0.0657,0.0356,0.0988,0.0439
685,-118.605,33.755,0.073,0.0226,0.1281,0.0494,0.0902,0.038,0.1985,0.0709,0.1431,0.049,0.0148,0.0113,0.0655,0.0355,0.099,0.0439
686,-118.595,33.755,0.074,0.0229,0.1311,0.0504,0.0901,0.038,0.1988,0.0709,0.1442,0.0493,0.0149,0.0114,0.0653,0.0354,0.0992,0.0439
687,-118.585,33.755,0.075,0.0231,0.1342,0.0514,0.0901,0.0379,0.199,0.0708,0.1452,0.0496,0.015,0.0114,0.0651,0.0353,0.0994,0.0439
688,-118.575,33.755,0.076,0.0233,0.1375,0.0524,0.09,0.0379,0.1991,0.0707,0.1461,0.0498,0.0152,0.0115,0.0649,0.0353,0.0995,0.0438
689,-118.565,33.755,0.0771,0.0236,0.1408,0.0534,0.0898,0.0378,0.1991,0.0705,0.147,0.05,0.0153,0.0115,0.0647,0.0352,0.0997,0.0438
690,-118.555,33.755,0.0781,0.0238,0.1442,0.0544,0.0896,0.0377,0.1988,0.0703,0.1477,0.0501,0.0154,0.0116,0.0645,0.0351,0.0998,0.0437
691,-118.545,33.755,0.0792,0.0241,0.1478,0.0555,0.0894,0.0376,0.1985,0.07,0.1483,0.0502,0.0156,0.0116,0.0642,0.0351,0.0998,0.0436
692,-118.535,33.755,0.0803,0.0243,0.1514,0.0566,0.0892,0.0375,0.198,0.0696,0.1488,0.0503,0.0157,0.0117,0.064,0.035,0.0998,0.0434
693,-118.525,33.755,0.0813,0.0245,0.1552,0.0577,0.0889,0.0373,0.1973,0.0691,0.1491,0.0503,0.0159,0.0117,0.0638,0.0349,0.0997,0.0433
694,-118.515,33.755,0.0824,0.0248,0.159,0.0588,0.0886,0.0371,0.1965,0.0686,0.1493,0.0502,0.016,0.0118,0.0636,0.0348,0.0996,0.0431
695,-118.505,33.755,0.0835,0.025,0.163,0.0599,0.0881,0.0369,0.1956,0.0679,0.1493,0.0501,0.0162,0.0118,0.0634,0.0347,0.0994,0.0428
696,-118.495,33.755,0.0847,0.0252,0.1671,0.061,0.0877,0.0367,0.1944,0.0672,0.149,0.0498,0.0164,0.0119,0.0631,0.0347,0.0992,0.0426
697,-118.485,33.755,0.0858,0.0255,0.1712,0.062,0.0871,0.0364,0.1931,0.0664,0.1486,0.0495,0.0166,0.012,0.0629,0.0346,0.0989,0.0422
698,-118.475,33.755,0.087,0.0257,0.1754,0.0631,0.0865,0.0361,0.1916,0.0654,0.148,0.0492,0.0168,0.012,0.0627,0.0345,0.0985,0.0419
699,-118.465,33.755,0.0881,0.026,0.1797,0.0641,0.0859,0.0358,0.19,0.0643,0.1471,0.0487,0.0171,0.0121,0.0625,0.0344,0.098,0.0415
700,-118.455,33.755,0.0893,0.0262,0.1841,0.0651,0.0852,0.0355,0.1885,0.0631,0.146,0.0481,0.0173,0.0121,0.0622,0.0343,0.0974,0.041
701,-118.445,33.755,0.0905,0.0264,0.1886,0.0662,0.0892,0.0379,0.1967,0.0665,0.1446,0.0475,0.0188,0.0132,0.0656,0.037,0.0978,0.041
702,-118.435,33.755,0.0917,0.0267,0.1933,0.0672,0.0979,0.0431,0.2146,0.0746,0.143,0.0467,0.0213,0.0153,0.0726,0.0425,0.1059,0.0455
703,-118.425,33.755,0.1271,0.0413,0.2347,0.0872,0.1077,0.0487,0.2346,0.0815,0.1886,0.0698,0.0243,0.0176,0.0804,0.0484,0.1188,0.0527
704,-118.415,33.755,0.1305,0.0417,0.2796,0.1093,0.1168,0.0538,0.253,0.0873,0.1893,0.0686,0.0271,0.0196,0.0876,0.0538,0.1299,0.0592
705,-118.405,33.755,0.1392,0.0454,0.3042,0.1224,0.1206,0.056,0.2611,0.0882,0.1958,0.0722,0.0285,0.0206,0.0907,0.0563,0.1358,0.0627
706,-118.395,33.755,0.1497,0.0497,0.3267,0.134,0.1241,0.0581,0.2749,0.0905,0.2045,0.0768,0.0295,0.0214,0.0933,0.0586,0.141,0.0657
707,-118.385,33.755,0.1528,0.0508,0.3468,0.1441,0.1273,0.0601,0.2946,0.0944,0.2043,0.0765,0.03,0.0219,0.0955,0.0605,0.1446,0.0677
708,-118.375,33.755,0.1563,0.0522,0.367,0.1542,0.1296,0.0613,0.3159,0.0975,0.2042,0.0764,0.0301,0.022,0.0966,0.0616,0.1456,0.068
709,-118.365,33.755,0.1582,0.0529,0.3862,0.1635,0.1311,0.062,0.3369,0.1001,0.2022,0.0751,0.03,0.022,0.0972,0.0623,0.1459,0.0678
710,-118.355,33.755,0.1586,0.053,0.4006,0.1691,0.13,0.061,0.355,0.1013,0.1985,0.073,0.0293,0.0213,0.0961,0.0615,0.1432,0.0656
711,-118.345,33.755,0.1504,0.0493,0.4199,0.1785,0.1301,0.0604,0.3758,0.1033,0.1853,0.0659,0.0288,0.021,0.0957,0.0613,0.1413,0.064
712,-118.335,33.755,0.1587,0.0532,0.444,0.1915,0.1315,0.0603,0.3991,0.1062,0.1929,0.0699,0.0285,0.0211,0.0959,0.0616,0.1426,0.0646
713,-118.325,33.755,0.1631,0.0554,0.4669,0.2039,0.1325,0.06,0.4039,0.1077,0.1989,0.0734,0.028,0.0221,0.0961,0.062,0.1497,0.0691
714,-118.315,33.755,0.1657,0.0569,0.4891,0.216,0.1332,0.0594,0.4019,0.1081,0.2046,0.0768,0.0275,0.0233,0.0964,0.0624,0.1568,0.0737
715,-118.305,33.755,0.1666,0.0579,0.5092,0.2269,0.133,0.0584,0.3855,0.1048,0.2088,0.0795,0.0273,0.0248,0.0966,0.0628,0.1637,0.0783
716,-118.295,33.755,0.172,0.0613,0.5335,0.2439,0.1346,0.0583,0.3742,0.1034,0.2181,0.0854,0.0278,0.0269,0.0986,0.0646,0.172,0.084
717,-118.285,33.755,0.1795,0.0663,0.5623,0.2669,0.1379,0.0592,0.3682,0.1039,0.23,0.0929,0.0291,0.0294,0.1022,0.068,0.1869,0.0945
718,-118.275,33.755,0.2144,0.0883,0.5924,0.3155,0.1507,0.0657,0.3791,0.1149,0.2727,0.1226,0.0336,0.0359,0.1143,0.0792,0.2141,0.116
719,-118.265,33.755,0.2142,0.0907,0.6195,0.3622,0.1622,0.0714,0.3866,0.125,0.277,0.1262,0.0381,0.0422,0.1256,0.0897,0.2295,0.1281
720,-118.255,33.755,0.21,0.0909,0.6304,0.3734,0.1579,0.0676,0.3607,0.1202,0.2771,0.1266,0.0389,0.0435,0.1247,0.0891,0.234,0.1314
721,-118.245,33.755,0.2074,0.0929,0.6398,0.3876,0.1548,0.0648,0.3374,0.1165,0.2803,0.1292,0.0401,0.0452,0.1244,0.0891,0.2378,0.1342
722,-118.235,33.755,0.2042,0.0952,0.6479,0.4047,0.1528,0.0629,0.3169,0.1138,0.2849,0.1328,0.0415,0.0471,0.1247,0.0897,0.2428,0.138
723,-118.225,33.755,0.1972,0.0952,0.6544,0.4186,0.1521,0.063,0.2963,0.1094,0.2862,0.1337,0.0422,0.048,0.1231,0.0883,0.2466,0.1407
724,-118.215,33.755,0.1903,0.0956,0.6608,0.4323,0.152,0.064,0.2767,0.1052,0.2883,0.1354,0.0427,0.0488,0.1211,0.0868,0.2501,0.1432
725,-118.205,33.755,0.1849,0.097,0.6674,0.448,0.1536,0.0668,0.2628,0.1031,0.2918,0.1382,0.0432,0.0497,0.1199,0.0858,0.2544,0.1464
726,-118.195,33.755,0.1821,0.097,0.6846,0.4645,0.1531,0.0681,0.2516,0.1018,0.2913,0.1379,0.0428,0.0495,0.117,0.0834,0.2546,0.1458
727,-118.185,33.755,0.1836,0.097,0.7123,0.4818,0.1503,0.0677,0.2431,0.1013,0.2892,0.1363,0.0414,0.0482,0.1125,0.0796,0.2321,0.1265
728,-118.175,33.755,0.1408,0.0675,0.7494,0.4682,0.1213,0.0521,0.1962,0.0789,0.2233,0.0945,0.0324,0.0363,0.0885,0.0595,0.2053,0.1049
729,-118.165,33.755,0.1425,0.0681,0.7917,0.4539,0.0991,0.0402,0.1601,0.0625,0.2242,0.095,0.0254,0.0269,0.0696,0.0437,0.1902,0.0939
730,-118.155,33.755,0.1561,0.0761,0.8505,0.4668,0.1366,0.0618,0.2154,0.0971,0.2436,0.1064,0.0355,0.0406,0.0954,0.0656,0.2059,0.1045
731,-118.145,33.755,0.1801,0.0905,0.8913,0.5115,0.1588,0.0748,0.2467,0.118,0.2785,0.1279,0.0412,0.0485,0.1099,0.0782,0.2264,0.1194
732,-118.135,33.755,0.1919,0.0972,0.9143,0.5881,0.1656,0.0794,0.254,0.1253,0.294,0.1395,0.0427,0.0505,0.1131,0.0814,0.2509,0.139
733,-118.125,33.755,0.2023,0.1016,0.9358,0.6269,0.1726,0.0843,0.262,0.1305,0.3064,0.1494,0.0442,0.0525,0.1162,0.0845,0.2748,0.1591
734,-118.115,33.755,0.2071,0.0999,0.9569,0.6522,0.1771,0.0875,0.2671,0.1323,0.309,0.1515,0.0448,0.0534,0.1175,0.086,0.279,0.1624
735,-118.105,33.755,0.2077,0.0953,0.9771,0.6492,0.1691,0.0821,0.2574,0.12,0.3032,0.1469,0.0419,0.0491,0.1101,0.0793,0.2747,0.1578
736,-118.095,33.755,0.2019,0.087,1.0069,0.6389,0.1647,0.0791,0.2534,0.1107,0.2887,0.1354,0.04,0.0463,0.1055,0.0752,0.2697,0.1524
737,-118.085,33.755,0.2025,0.0832,1.0463,0.6215,0.1641,0.0783,0.2549,0.1044,0.2831,0.1307,0.0392,0.0452,0.1036,0.0736,0.2684,0.1503
738,-118.075,33.755,0.2172,0.089,1.022,0.6021,0.1697,0.0819,0.2639,0.1062,0.2954,0.1404,0.0402,0.0467,0.1062,0.0762,0.2763,0.157
739,-118.065,33.755,0.2213,0.0885,0.9865,0.58,0.1753,0.0855,0.2727,0.1088,0.2952,0.1405,0.0414,0.0483,0.1088,0.079,0.2797,0.1596
740,-118.055,33.755,0.2247,0.0879,0.9597,0.5471,0.175,0.0852,0.2726,0.1074,0.2946,0.1403,0.0409,0.0475,0.1076,0.078,0.2812,0.1605
741,-118.045,33.755,0.2265,0.0866,0.9294,0.5137,0.1753,0.0854,0.2739,0.1075,0.2923,0.1388,0.0408,0.047,0.1068,0.0776,0.2822,0.1609
742,-118.035,33.755,0.23,0.0866,0.8958,0.4799,0.1762,0.086,0.2766,0.1089,0.2923,0.1392,0.0409,0.0467,0.1066,0.0777,0.2841,0.1622
743,-118.025,33.755,0.2342,0.0872,0.8585,0.4481,0.1756,0.0854,0.2792,0.1109,0.2932,0.1404,0.0411,0.0462,0.1062,0.0776,0.2869,0.1644
744,-118.015,33.755,0.2364,0.0868,0.8206,0.4169,0.1745,0.0844,0.2817,0.1133,0.2918,0.1398,0.0414,0.0457,0.1058,0.0775,0.2888,0.1656
745,-118.005,33.755,0.2381,0.0863,0.7838,0.3863,0.1726,0.0829,0.283,0.1163,0.2904,0.1391,0.042,0.0453,0.1058,0.0777,0.2907,0.1668
746,-117.995,33.755,0.2395,0.086,0.7519,0.362,0.1706,0.0812,0.2829,0.1191,0.2896,0.1389,0.0427,0.0448,0.1056,0.0778,0.2932,0.1684
747,-117.985,33.755,0.2407,0.0857,0.7249,0.344,0.1685,0.0795,0.2813,0.1217,0.2883,0.1384,0.0436,0.0442,0.1054,0.0778,0.2951,0.1697
748,-117.975,33.755,0.2417,0.0857,0.7074,0.335,0.1659,0.0776,0.2776,0.123,0.2865,0.1373,0.044,0.0433,0.1049,0.0776,0.2966,0.1705
749,-117.965,33.755,0.2428,0.0859,0.6918,0.328,0.1631,0.0756,0.2733,0.124,0.2845,0.1362,0.0444,0.0424,0.1044,0.0774,0.2981,0.1713
750,-117.955,33.755,0.2443,0.0866,0.676,0.3212,0.1602,0.0735,0.2686,0.1244,0.283,0.1355,0.0449,0.0422,0.104,0.0773,0.2996,0.1722
751,-117.945,33.755,0.2456,0.0871,0.6596,0.3136,0.1571,0.0713,0.2642,0.1243,0.2812,0.1346,0.0457,0.0426,0.1036,0.0772,0.301,0.1728
752,-117.935,33.755,0.247,0.0879,0.6424,0.3053,0.1538,0.069,0.2601,0.1238,0.2796,0.1339,0.047,0.0435,0.1033,0.0772,0.3025,0.1736
753,-117.925,33.755,0.2477,0.0883,0.6222,0.2941,0.15,0.0665,0.2566,0.1229,0.2775,0.1327,0.0486,0.0443,0.103,0.0771,0.3037,0.1742
754,-117.915,33.755,0.2483,0.0889,0.6013,0.2822,0.1459,0.0638,0.2531,0.1216,0.2751,0.1315,0.0501,0.045,0.1027,0.0771,0.3045,0.1744
755,-117.905,33.755,0.2492,0.0896,0.5795,0.2695,0.1408,0.0606,0.2494,0.1186,0.2725,0.1303,0.0506,0.0454,0.1024,0.0771,0.3046,0.174
756,-117.895,33.755,0.2487,0.0897,0.5579,0.2568,0.1358,0.0579,0.2453,0.115,0.2685,0.1279,0.0508,0.0455,0.102,0.077,0.3034,0.1723
757,-117.885,33.755,0.2486,0.09,0.5365,0.244,0.131,0.0556,0.2409,0.1106,0.2652,0.126,0.0505,0.0452,0.1014,0.0767,0.3029,0.1712
758,-117.875,33.755,0.2497,0.0912,0.5154,0.2321,0.1296,0.0558,0.2387,0.1073,0.2641,0.1259,0.0504,0.0454,0.1018,0.0774,0.3024,0.1702
759,-117.865,33.755,0.2476,0.0904,0.4933,0.2193,0.1294,0.0567,0.2363,0.1036,0.2603,0.1237,0.0501,0.0452,0.1019,0.0778,0.3008,0.1682
760,-117.855,33.755,0.24,0.0866,0.4664,0.2009,0.1318,0.0588,0.2304,0.0971,0.2515,0.1178,0.0483,0.0434,0.0992,0.0753,0.2953,0.1623
761,-117.845,33.755,0.2336,0.0837,0.4415,0.1847,0.1347,0.0613,0.2259,0.0918,0.2441,0.113,0.0467,0.0423,0.097,0.0734,0.29,0.1567
762,-117.835,33.755,0.2283,0.0814,0.4185,0.1709,0.1382,0.0643,0.223,0.0879,0.2378,0.1091,0.0455,0.0417,0.0953,0.0721,0.2848,0.1513
763,-117.825,33.755,0.2228,0.0792,0.3992,0.1602,0.1409,0.0668,0.2209,0.0855,0.2315,0.1052,0.0444,0.0417,0.0935,0.0706,0.2794,0.1459
764,-117.815,33.755,0.2156,0.0761,0.3814,0.1508,0.1428,0.0687,0.2188,0.0836,0.2246,0.1009,0.0435,0.0417,0.0915,0.0689,0.2739,0.1405
765,-117.805,33.755,0.2081,0.0729,0.3674,0.1443,0.1421,0.0687,0.2158,0.0826,0.2179,0.0969,0.043,0.0417,0.0887,0.0664,0.266,0.1334
766,-117.795,33.755,0.1879,0.0638,0.3366,0.128,0.1346,0.0643,0.2031,0.0769,0.1987,0.0855,0.0405,0.0389,0.0818,0.0602,0.25,0.1208
767,-117.785,33.755,0.1553,0.0491,0.2891,0.102,0.1202,0.0556,0.1807,0.0666,0.1667,0.0668,0.0361,0.0332,0.0707,0.0501,0.2262,0.1029
768,-117.775,33.755,0.1368,0.0415,0.2876,0.103,0.1217,0.0568,0.1811,0.0684,0.1492,0.0572,0.037,0.033,0.0699,0.0496,0.2193,0.0982
769,-117.765,33.755,0.157,0.0509,0.2889,0.1057,0.1249,0.0591,0.184,0.0714,0.1726,0.0707,0.0384,0.0332,0.0703,0.0502,0.2196,0.0981
770,-117.755,33.755,0.136,0.0422,0.2576,0.0903,0.1201,0.0563,0.176,0.0685,0.1521,0.0594,0.0371,0.03,0.0661,0.0464,0.2203,0.0984
771,-117.745,33.755,0.1364,0.0429,0.2476,0.0867,0.1162,0.054,0.1695,0.0663,0.1543,0.061,0.0358,0.0273,0.0625,0.0434,0.2209,0.0987
772,-117.735,33.755,0.1368,0.0437,0.259,0.0949,0.1131,0.0525,0.1642,0.0648,0.1565,0.0625,0.0347,0.0249,0.0596,0.041,0.2275,0.103
773,-117.725,33.755,0.1343,0.0431,0.2538,0.094,0.1194,0.0567,0.1725,0.0706,0.1555,0.0623,0.0364,0.0252,0.0619,0.0432,0.2317,0.1057
774,-117.715,33.755,0.1377,0.0451,0.2441,0.0906,0.1249,0.0604,0.1796,0.0757,0.161,0.0656,0.0378,0.0254,0.0638,0.045,0.2328,0.1061
775,-117.705,33.755,0.129,0.0419,0.2286,0.0837,0.1168,0.0556,0.1673,0.0701,0.1529,0.0614,0.0347,0.022,0.0585,0.0405,0.2296,0.1035
776,-117.695,33.755,0.1156,0.0367,0.219,0.0801,0.1148,0.0547,0.1637,0.0693,0.1391,0.0542,0.0336,0.0203,0.0565,0.0388,0.2207,0.0972
777,-117.685,33.755,0.1172,0.0378,0.2152,0.0797,0.1191,0.0577,0.1687,0.0734,0.1426,0.0563,0.0345,0.0204,0.0577,0.04,0.2247,0.0996
778,-117.675,33.755,0.1138,0.0371,0.2021,0.0742,0.1154,0.0557,0.1623,0.071,0.14,0.0555,0.0329,0.0188,0.055,0.0378,0.222,0.0976
779,-117.665,33.755,0.1006,0.0318,0.1881,0.0682,0.1105,0.053,0.1542,0.0677,0.1259,0.0481,0.031,0.0171,0.0518,0.0352,0.2156,0.0934
780,-117.655,33.755,0.0951,0.03,0.1787,0.0646,0.1079,0.0518,0.1492,0.0661,0.1207,0.0457,0.0299,0.0162,0.0498,0.0336,0.2102,0.0898
781,-118.945,33.765,0.0462,0.0159,0.0666,0.0283,0.0824,0.0354,0.1611,0.0602,0.0962,0.0352,0.012,0.0101,0.0707,0.0373,0.0894,0.0421
782,-118.935,33.765,0.0469,0.0161,0.0677,0.0287,0.083,0.0356,0.1622,0.0606,0.0975,0.0356,0.0121,0.0101,0.0706,0.0373,0.0897,0.0421
783,-118.925,33.765,0.0475,0.0162,0.0689,0.0291,0.0835,0.0358,0.1635,0.061,0.0987,0.036,0.0121,0.0101,0.0705,0.0373,0.0899,0.0422
784,-118.915,33.765,0.0482,0.0164,0.0701,0.0295,0.0841,0.0359,0.1648,0.0614,0.1,0.0363,0.0122,0.0102,0.0705,0.0373,0.0902,0.0423
785,-118.905,33.765,0.0488,0.0166,0.0713,0.03,0.0846,0.0361,0.1661,0.0618,0.1013,0.0367,0.0123,0.0102,0.0704,0.0372,0.0905,0.0423
786,-118.895,33.765,0.0495,0.0168,0.0725,0.0304,0.0851,0.0363,0.1674,0.0622,0.1026,0.0371,0.0123,0.0102,0.0703,0.0372,0.0908,0.0424
787,-118.885,33.765,0.0501,0.0169,0.0738,0.0309,0.0856,0.0365,0.1687,0.0626,0.1039,0.0375,0.0124,0.0102,0.0702,0.0372,0.0912,0.0425
788,-118.875,33.765,0.0508,0.0171,0.0751,0.0313,0.0861,0.0366,0.1701,0.063,0.1053,0.0379,0.0125,0.0103,0.0702,0.0372,0.0915,0.0425
789,-118.865,33.765,0.0515,0.0173,0.0764,0.0318,0.0865,0.0368,0.1715,0.0634,0.1066,0.0383,0.0126,0.0103,0.0701,0.0371,0.0918,0.0426
790,-118.855,33.765,0.0522,0.0175,0.0778,0.0323,0.0869,0.0369,0.1729,0.0639,0.1081,0.0387,0.0126,0.0103,0.07,0.0371,0.0921,0.0427
791,-118.845,33.765,0.053,0.0177,0.0792,0.0328,0.0873,0.0371,0.1743,0.0643,0.1095,0.0392,0.0127,0.0104,0.0699,0.0371,0.0924,0.0427
792,-118.835,33.765,0.0537,0.0179,0.0806,0.0333,0.0877,0.0372,0.1758,0.0648,0.111,0.0396,0.0128,0.0104,0.0698,0.037,0.0928,0.0428
793,-118.825,33.765,0.0544,0.0181,0.0821,0.0339,0.0881,0.0373,0.1773,0.0652,0.1125,0.0401,0.0129,0.0104,0.0697,0.037,0.0931,0.0429
794,-118.815,33.765,0.0552,0.0183,0.0837,0.0344,0.0885,0.0375,0.1788,0.0657,0.114,0.0405,0.0129,0.0105,0.0696,0.0369,0.0934,0.043
795,-118.805,33.765,0.0559,0.0185,0.0852,0.035,0.0888,0.0376,0.1803,0.0661,0.1155,0.041,0.013,0.0105,0.0694,0.0369,0.0938,0.043
796,-118.795,33.765,0.0567,0.0186,0.0869,0.0355,0.0891,0.0377,0.1818,0.0665,0.117,0.0414,0.0131,0.0105,0.0693,0.0369,0.0941,0.0431
797,-118.785,33.765,0.0575,0.0189,0.0885,0.0361,0.0894,0.0378,0.1832,0.067,0.1186,0.0419,0.0132,0.0106,0.0692,0.0368,0.0944,0.0432
798,-118.775,33.765,0.0583,0.0191,0.0902,0.0367,0.0897,0.0379,0.1846,0.0674,0.1202,0.0424,0.0133,0.0106,0.0691,0.0368,0.0948,0.0433
799,-118.765,33.765,0.0591,0.0193,0.092,0.0373,0.09,0.038,0.1861,0.0678,0.1218,0.0429,0.0134,0.0107,0.0689,0.0367,0.0951,0.0434
800,-118.755,33.765,0.06,0.0195,0.0938,0.038,0.0902,0.0381,0.1875,0.0683,0.1234,0.0433,0.0135,0.0107,0.0688,0.0367,0.0955,0.0434
801,-118.745,33.765,0.0608,0.0197,0.0957,0.0386,0.0904,0.0382,0.1889,0.0687,0.125,0.0438,0.0135,0.0107,0.0686,0.0366,0.0958,0.0435
802,-118.735,33.765,0.0616,0.0199,0.0976,0.0393,0.0906,0.0382,0.1903,0.0691,0.1267,0.0443,0.0136,0.0108,0.0685,0.0366,0.0961,0.0436
803,-118.725,33.765,0.0625,0.0201,0.0996,0.04,0.0908,0.0383,0.1916,0.0695,0.1283,0.0448,0.0137,0.0108,0.0683,0.0365,0.0965,0.0437
804,-118.715,33.765,0.0634,0.0203,0.1017,0.0407,0.0909,0.0384,0.1929,0.0698,0.13,0.0453,0.0138,0.0109,0.0682,0.0365,0.0968,0.0437
805,-118.705,33.765,0.0643,0.0206,0.1038,0.0414,0.0911,0.0384,0.1941,0.0702,0.1315,0.0458,0.0139,0.0109,0.068,0.0364,0.0972,0.0438
806,-118.695,33.765,0.0652,0.0208,0.106,0.0422,0.0912,0.0385,0.1953,0.0705,0.1332,0.0463,0.014,0.011,0.0679,0.0363,0.0975,0.0439
807,-118.685,33.765,0.0661,0.021,0.1082,0.0429,0.0913,0.0385,0.1964,0.0708,0.1349,0.0467,0.0141,0.011,0.0677,0.0363,0.0978,0.0439
808,-118.675,33.765,0.067,0.0212,0.1106,0.0437,0.0914,0.0385,0.1975,0.0711,0.1364,0.0472,0.0142,0.0111,0.0675,0.0362,0.0982,0.044
809,-118.665,33.765,0.0679,0.0214,0.1129,0.0445,0.0915,0.0386,0.1986,0.0714,0.1381,0.0477,0.0143,0.0111,0.0673,0.0362,0.0985,0.0441
810,-118.655,33.765,0.0689,0.0217,0.1155,0.0454,0.0916,0.0386,0.1995,0.0717,0.1396,0.0481,0.0144,0.0112,0.0672,0.0361,0.0988,0.0441
811,-118.645,33.765,0.0699,0.0219,0.118,0.0463,0.0917,0.0386,0.2004,0.0719,0.1411,0.0486,0.0145,0.0112,0.067,0.036,0.0991,0.0442
812,-118.635,33.765,0.0708,0.0221,0.1207,0.0471,0.0917,0.0386,0.2011,0.0721,0.1427,0.049,0.0146,0.0113,0.0668,0.036,0.0994,0.0442
813,-118.625,33.765,0.0718,0.0224,0.1235,0.0481,0.0917,0.0386,0.2018,0.0722,0.1441,0.0494,0.0147,0.0113,0.0666,0.0359,0.0996,0.0442
814,-118.615,33.765,0.0728,0.0226,0.1263,0.049,0.0917,0.0386,0.2024,0.0723,0.1455,0.0498,0.0148,0.0114,0.0664,0.0358,0.0999,0.0442
815,-118.605,33.765,0.0738,0.0228,0.1293,0.05,0.0917,0.0386,0.2028,0.0724,0.1468,0.0502,0.0149,0.0114,0.0662,0.0358,0.1002,0.0443
816,-118.595,33.765,0.0749,0.0231,0.1324,0.051,0.0916,0.0386,0.2032,0.0724,0.1481,0.0505,0.015,0.0115,0.066,0.0357,0.1004,0.0443
817,-118.585,33.765,0.0759,0.0233,0.1355,0.052,0.0915,0.0385,0.2034,0.0723,0.1493,0.0508,0.0152,0.0115,0.0658,0.0356,0.1006,0.0442
818,-118.575,33.765,0.0769,0.0236,0.1389,0.053,0.0914,0.0385,0.2035,0.0722,0.1504,0.0511,0.0153,0.0116,0.0656,0.0355,0.1008,0.0442
819,-118.565,33.765,0.078,0.0238,0.1423,0.0541,0.0912,0.0384,0.2035,0.0721,0.1513,0.0514,0.0154,0.0116,0.0654,0.0355,0.1009,0.0442
820,-118.555,33.765,0.0791,0.024,0.1459,0.0552,0.091,0.0383,0.2033,0.0719,0.1522,0.0515,0.0155,0.0117,0.0652,0.0354,0.1011,0.0441
821,-118.545,33.765,0.0802,0.0243,0.1496,0.0563,0.0908,0.0382,0.2029,0.0716,0.153,0.0517,0.0157,0.0118,0.065,0.0353,0.1012,0.044
822,-118.535,33.765,0.0813,0.0245,0.1534,0.0575,0.0905,0.0381,0.2024,0.0712,0.1536,0.0518,0.0158,0.0118,0.0648,0.0352,0.1012,0.0439
823,-118.525,33.765,0.0824,0.0247,0.1573,0.0587,0.0902,0.0379,0.2017,0.0708,0.1541,0.0518,0.016,0.0119,0.0645,0.0352,0.1012,0.0438
824,-118.515,33.765,0.0835,0.025,0.1614,0.0599,0.0899,0.0377,0.201,0.0702,0.1543,0.0518,0.0161,0.0119,0.0643,0.0351,0.1011,0.0436
825,-118.505,33.765,0.0847,0.0252,0.1656,0.0611,0.0894,0.0375,0.2,0.0696,0.1544,0.0517,0.0163,0.012,0.0641,0.035,0.101,0.0434
826,-118.495,33.765,0.0858,0.0255,0.17,0.0623,0.0889,0.0372,0.1988,0.0689,0.1543,0.0516,0.0165,0.012,0.0638,0.0349,0.1009,0.0432
827,-118.485,33.765,0.087,0.0257,0.1744,0.0635,0.0883,0.037,0.1976,0.0681,0.1541,0.0513,0.0166,0.0121,0.0636,0.0348,0.1006,0.0429
828,-118.475,33.765,0.0882,0.0259,0.1791,0.0648,0.0876,0.0366,0.1961,0.0671,0.1536,0.051,0.0168,0.0121,0.0634,0.0347,0.1003,0.0426
829,-118.465,33.765,0.0894,0.0262,0.1839,0.066,0.0869,0.0363,0.1947,0.0661,0.1529,0.0506,0.0171,0.0122,0.0631,0.0347,0.0999,0.0422
830,-118.455,33.765,0.0906,0.0264,0.1889,0.0673,0.086,0.0359,0.1933,0.065,0.152,0.0502,0.0173,0.0123,0.0629,0.0346,0.0995,0.0418
831,-118.445,33.765,0.0919,0.0267,0.2073,0.0762,0.0993,0.0438,0.221,0.0783,0.1508,0.0496,0.0209,0.0154,0.0735,0.0428,0.1031,0.0437
832,-118.435,33.765,0.1295,0.0422,0.2391,0.0927,0.1267,0.0601,0.2776,0.1061,0.202,0.0759,0.0278,0.0216,0.095,0.0594,0.1203,0.0538
833,-118.425,33.765,0.1519,0.0512,0.2754,0.1108,0.1321,0.0634,0.2893,0.1091,0.2293,0.0897,0.0297,0.0231,0.0997,0.0631,0.1416,0.0666
834,-118.415,33.765,0.1517,0.0508,0.31,0.1279,0.1327,0.0638,0.2919,0.1069,0.2241,0.0868,0.0306,0.0236,0.1008,0.064,0.1484,0.0708
835,-118.405,33.765,0.1554,0.0521,0.3315,0.1391,0.1323,0.0635,0.2944,0.1041,0.2243,0.0869,0.0309,0.0237,0.1007,0.0641,0.151,0.0722
836,-118.395,33.765,0.1573,0.0526,0.3499,0.1481,0.1322,0.0633,0.3004,0.102,0.2223,0.0857,0.0309,0.0236,0.1004,0.064,0.1523,0.0727
837,-118.385,33.765,0.1585,0.0528,0.3652,0.155,0.1322,0.0632,0.3099,0.1006,0.2198,0.0841,0.0307,0.0234,0.0998,0.0636,0.1529,0.0728
838,-118.375,33.765,0.1601,0.0532,0.3833,0.1636,0.1334,0.0637,0.3241,0.1005,0.2179,0.0829,0.0304,0.0232,0.0994,0.0635,0.1531,0.0726
839,-118.365,33.765,0.1619,0.0538,0.4019,0.1725,0.1347,0.0642,0.3391,0.1009,0.2163,0.082,0.0302,0.0229,0.099,0.0633,0.1535,0.0725
840,-118.355,33.765,0.1629,0.0542,0.4198,0.1806,0.1348,0.0637,0.3534,0.1023,0.2143,0.0808,0.0297,0.0225,0.0982,0.0628,0.1527,0.0716
841,-118.345,33.765,0.1614,0.0534,0.4396,0.1901,0.134,0.0625,0.3658,0.1037,0.2101,0.0786,0.0289,0.0219,0.0968,0.0618,0.1523,0.071
842,-118.335,33.765,0.1615,0.0535,0.4613,0.201,0.1323,0.0605,0.3765,0.1049,0.2088,0.0778,0.0278,0.0212,0.0948,0.0604,0.1538,0.0718
843,-118.325,33.765,0.1686,0.0569,0.4845,0.2135,0.1345,0.0608,0.3851,0.1092,0.217,0.0827,0.0277,0.022,0.0961,0.0616,0.1603,0.0759
844,-118.315,33.765,0.172,0.0589,0.508,0.2262,0.1373,0.0615,0.3896,0.1127,0.2222,0.086,0.0279,0.0233,0.098,0.0634,0.1669,0.0802
845,-118.305,33.765,0.1788,0.0627,0.5305,0.2391,0.139,0.0615,0.3767,0.1099,0.2315,0.0918,0.0283,0.0252,0.0998,0.0651,0.1734,0.0846
846,-118.295,33.765,0.1808,0.0645,0.5546,0.2551,0.1385,0.0601,0.36,0.1053,0.2351,0.0944,0.0285,0.0267,0.1003,0.0657,0.1807,0.0895
847,-118.285,33.765,0.1799,0.065,0.5804,0.2743,0.1357,0.0574,0.3394,0.0991,0.2356,0.0949,0.0285,0.0278,0.0995,0.0652,0.1908,0.0966
848,-118.275,33.765,0.2196,0.0892,0.6103,0.3171,0.153,0.0664,0.3571,0.1141,0.2825,0.1278,0.0345,0.0364,0.1153,0.0798,0.2135,0.1143
849,-118.265,33.765,0.2277,0.097,0.6382,0.3592,0.1699,0.0751,0.3746,0.1293,0.2943,0.1376,0.0407,0.0451,0.1312,0.0945,0.2287,0.1261
850,-118.255,33.765,0.2258,0.0987,0.6523,0.3744,0.165,0.0705,0.3527,0.1245,0.2955,0.1389,0.0417,0.0469,0.1306,0.0941,0.2365,0.1323
851,-118.245,33.765,0.2235,0.1012,0.6627,0.3975,0.16,0.0659,0.3312,0.1197,0.2983,0.1413,0.0428,0.0485,0.1297,0.0936,0.2444,0.1387
852,-118.235,33.765,0.2185,0.1024,0.6691,0.4287,0.1546,0.0613,0.3101,0.115,0.3002,0.1427,0.0439,0.05,0.1285,0.0927,0.2526,0.1455
853,-118.225,33.765,0.2112,0.1023,0.6758,0.4476,0.1541,0.0621,0.2894,0.1098,0.3004,0.1427,0.0447,0.0509,0.1266,0.0911,0.258,0.1498
854,-118.215,33.765,0.2046,0.1027,0.684,0.461,0.1539,0.0637,0.2681,0.1039,0.3016,0.1435,0.0451,0.0513,0.1237,0.0887,0.2598,0.1506
855,-118.205,33.765,0.1952,0.1001,0.6991,0.4598,0.1505,0.0642,0.2434,0.0951,0.2972,0.1401,0.0437,0.0495,0.1175,0.0831,0.2572,0.1474
856,-118.195,33.765,0.1812,0.092,0.7232,0.4672,0.1439,0.0624,0.2242,0.0886,0.2821,0.1285,0.0412,0.0464,0.1095,0.076,0.2468,0.1377
857,-118.185,33.765,0.1707,0.0849,0.7562,0.4831,0.1341,0.0581,0.2105,0.0845,0.2664,0.1176,0.0375,0.0422,0.0999,0.0676,0.2341,0.1263
858,-118.175,33.765,0.1631,0.0794,0.8129,0.4983,0.1277,0.0549,0.2004,0.0822,0.2544,0.1091,0.0347,0.0387,0.0925,0.0615,0.2232,0.1166
859,-118.165,33.765,0.1633,0.0795,0.8743,0.5138,0.1242,0.0532,0.1944,0.082,0.2539,0.1087,0.0327,0.0362,0.0874,0.0573,0.2177,0.1118
860,-118.155,33.765,0.1629,0.0797,0.9342,0.5315,0.1317,0.0576,0.2045,0.091,0.254,0.1086,0.0341,0.038,0.0908,0.0604,0.2261,0.1177
861,-118.145,33.765,0.1621,0.0797,0.9743,0.5613,0.1409,0.0633,0.2157,0.1011,0.2551,0.1092,0.036,0.0405,0.0956,0.0647,0.2374,0.1263
862,-118.135,33.765,0.1762,0.0892,0.9946,0.6033,0.152,0.0703,0.2282,0.1121,0.2763,0.1239,0.0386,0.0439,0.1017,0.0703,0.2508,0.1371
863,-118.125,33.765,0.2015,0.1044,1.0144,0.6163,0.1645,0.0786,0.2436,0.1232,0.3078,0.1478,0.0417,0.0481,0.1088,0.0771,0.2642,0.1482
864,-118.115,33.765,0.2066,0.1013,1.0237,0.6247,0.1762,0.0866,0.259,0.1328,0.3082,0.1481,0.0445,0.052,0.1154,0.0834,0.2684,0.1515
865,-118.105,33.765,0.2179,0.1031,0.982,0.6395,0.1831,0.0915,0.2713,0.1346,0.3157,0.1544,0.046,0.054,0.1186,0.0869,0.2767,0.1582
866,-118.095,33.765,0.2188,0.0977,0.9767,0.6318,0.1835,0.0916,0.2759,0.1299,0.3098,0.1495,0.0455,0.0532,0.1175,0.086,0.2793,0.1596
867,-118.085,33.765,0.2189,0.0925,1.0077,0.6015,0.1776,0.087,0.2728,0.1187,0.3034,0.1441,0.043,0.0497,0.1119,0.0809,0.2779,0.1576
868,-118.075,33.765,0.225,0.0924,0.9848,0.575,0.1775,0.0866,0.2761,0.116,0.3048,0.1455,0.0424,0.0487,0.1105,0.0798,0.282,0.1608
869,-118.065,33.765,0.2288,0.0913,0.9519,0.548,0.1782,0.0868,0.2801,0.1149,0.3037,0.1448,0.0421,0.0482,0.1099,0.0795,0.284,0.1622
870,-118.055,33.765,0.2318,0.0904,0.9238,0.5145,0.1774,0.086,0.2812,0.1133,0.3022,0.144,0.0414,0.0471,0.1083,0.0783,0.285,0.1627
871,-118.045,33.765,0.2336,0.0889,0.8927,0.4821,0.1771,0.0858,0.2837,0.1131,0.2996,0.1423,0.0411,0.0463,0.1074,0.0777,0.2859,0.163
872,-118.035,33.765,0.2374,0.089,0.8585,0.4508,0.1775,0.0859,0.2878,0.1141,0.2996,0.1428,0.0411,0.0457,0.1071,0.0777,0.288,0.1644
873,-118.025,33.765,0.2413,0.0894,0.8229,0.4199,0.1764,0.085,0.2912,0.1154,0.2999,0.1435,0.0412,0.0447,0.1064,0.0773,0.2899,0.1658
874,-118.015,33.765,0.2423,0.0882,0.7872,0.3897,0.1749,0.0836,0.294,0.1168,0.2972,0.1418,0.0413,0.0437,0.1056,0.0769,0.2912,0.1665
875,-118.005,33.765,0.2435,0.0875,0.7529,0.3625,0.1726,0.0819,0.2938,0.1189,0.2952,0.1407,0.0418,0.0426,0.1052,0.0767,0.2928,0.1674
876,-117.995,33.765,0.2454,0.0875,0.723,0.3406,0.1705,0.0801,0.2921,0.1209,0.2947,0.1408,0.0425,0.0418,0.1048,0.0766,0.2952,0.1691
877,-117.985,33.765,0.2463,0.0872,0.6977,0.3239,0.1684,0.0785,0.2886,0.123,0.2933,0.1402,0.0434,0.0411,0.1046,0.0766,0.297,0.1702
878,-117.975,33.765,0.2472,0.087,0.6805,0.3157,0.1661,0.0766,0.283,0.1237,0.2914,0.1392,0.0444,0.0407,0.1043,0.0766,0.2987,0.1712
879,-117.965,33.765,0.249,0.0876,0.6651,0.3093,0.1636,0.0747,0.2769,0.1241,0.2902,0.1388,0.0452,0.0405,0.104,0.0766,0.3004,0.1722
880,-117.955,33.765,0.2509,0.0884,0.6497,0.3031,0.1608,0.0727,0.271,0.1242,0.2891,0.1384,0.0462,0.0411,0.1039,0.0767,0.3022,0.1732
881,-117.945,33.765,0.252,0.0889,0.634,0.2964,0.1577,0.0703,0.2657,0.1239,0.2871,0.1373,0.0474,0.0421,0.1036,0.0768,0.3036,0.1739
882,-117.935,33.765,0.2528,0.0893,0.6178,0.2891,0.154,0.0677,0.261,0.1233,0.2851,0.1363,0.049,0.0435,0.1032,0.0767,0.3051,0.1748
883,-117.925,33.765,0.2531,0.0895,0.5977,0.2782,0.15,0.0648,0.2581,0.1231,0.2829,0.1352,0.0511,0.0446,0.103,0.0768,0.3065,0.1755
884,-117.915,33.765,0.2539,0.0902,0.5765,0.2664,0.1458,0.0618,0.2553,0.1225,0.2811,0.1344,0.053,0.0453,0.1029,0.0769,0.3074,0.1758
885,-117.905,33.765,0.2542,0.0907,0.5542,0.2536,0.1408,0.0585,0.2518,0.1201,0.2779,0.1327,0.053,0.0454,0.1027,0.077,0.3073,0.1752
886,-117.895,33.765,0.2536,0.0907,0.532,0.2405,0.1364,0.0559,0.2476,0.1168,0.2739,0.1303,0.0527,0.0451,0.1023,0.0768,0.3062,0.1736
887,-117.885,33.765,0.2526,0.0905,0.5098,0.2273,0.1323,0.054,0.2429,0.1127,0.2697,0.1278,0.0522,0.0446,0.1017,0.0765,0.3052,0.1721
888,-117.875,33.765,0.2515,0.0904,0.4877,0.2145,0.1315,0.0546,0.2392,0.1087,0.2663,0.1259,0.0512,0.044,0.1013,0.0765,0.3041,0.1704
889,-117.865,33.765,0.2484,0.0892,0.465,0.2011,0.1317,0.056,0.2355,0.1045,0.2617,0.1232,0.0502,0.0432,0.1008,0.0763,0.3022,0.168
890,-117.855,33.765,0.2432,0.0868,0.4395,0.1846,0.1339,0.0583,0.2308,0.0992,0.2551,0.119,0.0487,0.0414,0.0992,0.075,0.2975,0.163
891,-117.845,33.765,0.2375,0.0843,0.4156,0.1697,0.1364,0.0608,0.2267,0.0947,0.2484,0.1147,0.0473,0.0399,0.0976,0.0736,0.2924,0.1576
892,-117.835,33.765,0.2314,0.0817,0.3933,0.1567,0.1392,0.0636,0.2233,0.0909,0.2415,0.1103,0.0459,0.0388,0.0959,0.0723,0.2866,0.1517
893,-117.825,33.765,0.2247,0.0788,0.3746,0.1466,0.1412,0.0657,0.2208,0.0883,0.234,0.1056,0.0445,0.0389,0.094,0.0706,0.2799,0.145
894,-117.815,33.765,0.2175,0.0757,0.355,0.1362,0.1422,0.0672,0.2178,0.0858,0.2264,0.101,0.0432,0.0391,0.0916,0.0686,0.2717,0.1372
895,-117.805,33.765,0.2078,0.0714,0.3278,0.1222,0.1398,0.0662,0.2123,0.0829,0.2168,0.0951,0.042,0.0389,0.0875,0.0649,0.257,0.1251
896,-117.795,33.765,0.1985,0.0675,0.2974,0.1063,0.1303,0.0608,0.1968,0.0753,0.2089,0.0904,0.0388,0.0359,0.0793,0.0575,0.2387,0.111
897,-117.785,33.765,0.1596,0.0502,0.2639,0.0885,0.1138,0.051,0.1715,0.0629,0.1706,0.0681,0.0337,0.0301,0.0669,0.0464,0.2199,0.0973
898,-117.775,33.765,0.1368,0.0409,0.2593,0.0881,0.1088,0.0484,0.1629,0.0594,0.1487,0.0563,0.0324,0.0278,0.0624,0.0426,0.2114,0.0917
899,-117.765,33.765,0.1391,0.0424,0.2587,0.0901,0.1079,0.0481,0.1603,0.059,0.153,0.0589,0.0325,0.0267,0.0603,0.041,0.2116,0.0917
900,-117.755,33.765,0.1386,0.0427,0.248,0.0862,0.1148,0.0524,0.1695,0.0646,0.1544,0.0599,0.035,0.0278,0.063,0.0434,0.2175,0.0956
901,-117.745,33.765,0.1471,0.047,0.2445,0.0863,0.1206,0.0562,0.1769,0.0695,0.1656,0.0665,0.0369,0.0285,0.065,0.0453,0.2268,0.1016
902,-117.735,33.765,0.1483,0.0481,0.2481,0.0902,0.1251,0.0593,0.1827,0.0737,0.1688,0.0686,0.0384,0.0286,0.0662,0.0466,0.2333,0.1058
903,-117.725,33.765,0.1434,0.0465,0.2476,0.0917,0.1275,0.0611,0.1856,0.0765,0.1652,0.067,0.0391,0.028,0.0664,0.0469,0.2379,0.1088
904,-117.715,33.765,0.1381,0.0449,0.2434,0.0912,0.1272,0.0613,0.1845,0.0771,0.1613,0.0651,0.0387,0.0266,0.0651,0.0459,0.236,0.1072
905,-117.705,33.765,0.1207,0.0379,0.2256,0.083,0.1154,0.0543,0.167,0.0686,0.1433,0.0556,0.0345,0.0223,0.0578,0.0397,0.2291,0.1022
906,-117.695,33.765,0.1121,0.0348,0.2148,0.0787,0.1131,0.0531,0.1629,0.0675,0.135,0.0515,0.0334,0.0206,0.0556,0.0379,0.2218,0.097
907,-117.685,33.765,0.1181,0.0378,0.2111,0.0782,0.1204,0.058,0.1722,0.0738,0.1436,0.0564,0.0353,0.0215,0.0584,0.0404,0.2245,0.0985
908,-117.675,33.765,0.1043,0.0325,0.1957,0.0716,0.1151,0.055,0.1635,0.0702,0.1289,0.0489,0.0333,0.0197,0.0549,0.0376,0.2198,0.0954
909,-117.665,33.765,0.1001,0.0313,0.1798,0.0646,0.1083,0.0512,0.1527,0.0653,0.1255,0.0475,0.0308,0.0175,0.0508,0.0341,0.2128,0.0909
910,-117.655,33.765,0.0954,0.0298,0.1733,0.0625,0.1069,0.0507,0.1494,0.0646,0.1212,0.0456,0.03,0.0169,0.0494,0.0331,0.2102,0.0892
911,-118.945,33.775,0.0466,0.016,0.0668,0.0284,0.0838,0.0359,0.1638,0.0609,0.0971,0.0354,0.0121,0.0102,0.0715,0.0376,0.0902,0.0423
912,-118.935,33.775,0.0472,0.0162,0.068,0.0288,0.0843,0.0361,0.165,0.0613,0.0983,0.0358,0.0122,0.0102,0.0715,0.0376,0.0904,0.0423
913,-118.925,33.775,0.0478,0.0163,0.0691,0.0292,0.0849,0.0362,0.1663,0.0617,0.0996,0.0362,0.0123,0.0102,0.0714,0.0376,0.0907,0.0424
914,-118.915,33.775,0.0485,0.0165,0.0703,0.0297,0.0855,0.0364,0.1676,0.0621,0.1009,0.0366,0.0123,0.0102,0.0713,0.0376,0.091,0.0424
915,-118.905,33.775,0.0492,0.0167,0.0715,0.0301,0.086,0.0366,0.1689,0.0625,0.1022,0.037,0.0124,0.0103,0.0713,0.0375,0.0913,0.0425
916,-118.895,33.775,0.0498,0.0169,0.0728,0.0306,0.0865,0.0368,0.1703,0.0629,0.1036,0.0374,0.0125,0.0103,0.0712,0.0375,0.0916,0.0426
917,-118.885,33.775,0.0505,0.017,0.0741,0.031,0.087,0.037,0.1716,0.0633,0.105,0.0378,0.0125,0.0103,0.0711,0.0375,0.092,0.0426
918,-118.875,33.775,0.0512,0.0172,0.0754,0.0315,0.0874,0.0371,0.173,0.0638,0.1064,0.0382,0.0126,0.0104,0.071,0.0375,0.0923,0.0427
919,-118.865,33.775,0.0519,0.0174,0.0767,0.032,0.0879,0.0373,0.1744,0.0642,0.1078,0.0386,0.0127,0.0104,0.0709,0.0374,0.0926,0.0428
920,-118.855,33.775,0.0526,0.0176,0.0781,0.0325,0.0883,0.0374,0.1758,0.0646,0.1093,0.0391,0.0127,0.0104,0.0708,0.0374,0.0929,0.0428
921,-118.845,33.775,0.0534,0.0178,0.0796,0.033,0.0888,0.0376,0.1773,0.0651,0.1108,0.0395,0.0128,0.0104,0.0707,0.0374,0.0932,0.0429
922,-118.835,33.775,0.0541,0.018,0.081,0.0335,0.0892,0.0377,0.1788,0.0655,0.1123,0.04,0.0129,0.0105,0.0706,0.0373,0.0936,0.043
923,-118.825,33.775,0.0549,0.0182,0.0825,0.0341,0.0896,0.0379,0.1803,0.066,0.1139,0.0404,0.013,0.0105,0.0705,0.0373,0.0939,0.0431
924,-118.815,33.775,0.0556,0.0184,0.0841,0.0346,0.0899,0.038,0.1819,0.0665,0.1155,0.0409,0.0131,0.0105,0.0704,0.0372,0.0943,0.0431
925,-118.805,33.775,0.0564,0.0186,0.0857,0.0352,0.0903,0.0381,0.1835,0.0669,0.1171,0.0414,0.0131,0.0106,0.0703,0.0372,0.0946,0.0432
926,-118.795,33.775,0.0572,0.0188,0.0873,0.0358,0.0906,0.0383,0.185,0.0674,0.1187,0.0419,0.0132,0.0106,0.0702,0.0371,0.0949,0.0433
927,-118.785,33.775,0.058,0.019,0.089,0.0364,0.0909,0.0384,0.1865,0.0679,0.1203,0.0424,0.0133,0.0107,0.07,0.0371,0.0953,0.0434
928,-118.775,33.775,0.0588,0.0192,0.0907,0.037,0.0912,0.0385,0.188,0.0683,0.122,0.0429,0.0134,0.0107,0.0699,0.0371,0.0956,0.0435
929,-118.765,33.775,0.0597,0.0194,0.0925,0.0376,0.0915,0.0386,0.1896,0.0688,0.1237,0.0434,0.0135,0.0107,0.0698,0.037,0.096,0.0436
930,-118.755,33.775,0.0605,0.0196,0.0943,0.0382,0.0918,0.0387,0.1911,0.0692,0.1254,0.0439,0.0136,0.0108,0.0696,0.037,0.0963,0.0436
931,-118.745,33.775,0.0613,0.0198,0.0962,0.0389,0.092,0.0388,0.1925,0.0697,0.1271,0.0444,0.0137,0.0108,0.0695,0.0369,0.0967,0.0437
932,-118.735,33.775,0.0622,0.0201,0.0982,0.0396,0.0922,0.0388,0.194,0.0701,0.1288,0.0449,0.0137,0.0109,0.0693,0.0369,0.0971,0.0438
933,-118.725,33.775,0.0631,0.0203,0.1002,0.0403,0.0924,0.0389,0.1954,0.0705,0.1306,0.0455,0.0138,0.0109,0.0692,0.0368,0.0974,0.0439
934,-118.715,33.775,0.064,0.0205,0.1023,0.041,0.0925,0.039,0.1968,0.0709,0.1324,0.046,0.0139,0.011,0.069,0.0367,0.0978,0.044
935,-118.705,33.775,0.0649,0.0207,0.1044,0.0417,0.0927,0.039,0.1981,0.0713,0.1341,0.0465,0.014,0.011,0.0688,0.0367,0.0981,0.044
936,-118.695,33.775,0.0658,0.0209,0.1066,0.0425,0.0928,0.0391,0.1994,0.0717,0.1359,0.047,0.0141,0.0111,0.0687,0.0366,0.0985,0.0441
937,-118.685,33.775,0.0667,0.0212,0.1089,0.0433,0.0929,0.0391,0.2006,0.0721,0.1376,0.0476,0.0142,0.0111,0.0685,0.0366,0.0988,0.0442
938,-118.675,33.775,0.0677,0.0214,0.1113,0.0441,0.093,0.0392,0.2018,0.0724,0.1394,0.0481,0.0143,0.0112,0.0683,0.0365,0.0992,0.0443
939,-118.665,33.775,0.0686,0.0216,0.1137,0.0449,0.0931,0.0392,0.2029,0.0727,0.1411,0.0486,0.0144,0.0112,0.0681,0.0364,0.0995,0.0443
940,-118.655,33.775,0.0696,0.0219,0.1163,0.0458,0.0932,0.0392,0.2039,0.073,0.1428,0.0491,0.0145,0.0113,0.068,0.0364,0.0998,0.0444
941,-118.645,33.775,0.0706,0.0221,0.1189,0.0467,0.0932,0.0393,0.2048,0.0732,0.1444,0.0496,0.0146,0.0113,0.0678,0.0363,0.1002,0.0445
942,-118.635,33.775,0.0716,0.0223,0.1216,0.0476,0.0933,0.0393,0.2057,0.0735,0.1461,0.0501,0.0147,0.0114,0.0676,0.0362,0.1005,0.0445
943,-118.625,33.775,0.0726,0.0226,0.1245,0.0485,0.0933,0.0393,0.2064,0.0736,0.1477,0.0505,0.0148,0.0114,0.0674,0.0362,0.1008,0.0445
944,-118.615,33.775,0.0736,0.0228,0.1274,0.0495,0.0933,0.0393,0.2071,0.0738,0.1493,0.051,0.0149,0.0115,0.0672,0.0361,0.1011,0.0446
945,-118.605,33.775,0.0746,0.023,0.1305,0.0505,0.0932,0.0393,0.2076,0.0739,0.1508,0.0514,0.0151,0.0115,0.067,0.036,0.1013,0.0446
946,-118.595,33.775,0.0757,0.0233,0.1336,0.0515,0.0932,0.0392,0.2079,0.0739,0.1522,0.0518,0.0152,0.0116,0.0668,0.036,0.1016,0.0446
947,-118.585,33.775,0.0768,0.0235,0.1369,0.0526,0.0931,0.0392,0.2082,0.074,0.1535,0.0522,0.0153,0.0117,0.0666,0.0359,0.1018,0.0446
948,-118.575,33.775,0.0778,0.0238,0.1403,0.0537,0.0929,0.0391,0.2083,0.0739,0.1548,0.0525,0.0154,0.0117,0.0664,0.0358,0.1021,0.0446
949,-118.565,33.775,0.0789,0.024,0.1438,0.0548,0.0928,0.0391,0.2084,0.0738,0.156,0.0528,0.0155,0.0118,0.0661,0.0357,0.1022,0.0446
950,-118.555,33.775,0.08,0.0242,0.1475,0.056,0.0926,0.039,0.2082,0.0736,0.1569,0.0531,0.0156,0.0118,0.0659,0.0357,0.1024,0.0445
951,-118.545,33.775,0.0811,0.0245,0.1514,0.0572,0.0923,0.0389,0.2078,0.0734,0.1579,0.0533,0.0158,0.0119,0.0657,0.0356,0.1026,0.0445
952,-118.535,33.775,0.0823,0.0247,0.1553,0.0584,0.092,0.0387,0.2074,0.073,0.1587,0.0534,0.0159,0.0119,0.0655,0.0355,0.1027,0.0444
953,-118.525,33.775,0.0834,0.025,0.1595,0.0597,0.0917,0.0386,0.2067,0.0726,0.1593,0.0535,0.016,0.012,0.0653,0.0354,0.1027,0.0443
954,-118.515,33.775,0.0846,0.0252,0.1638,0.061,0.0913,0.0384,0.2059,0.0721,0.1598,0.0536,0.0162,0.012,0.065,0.0353,0.1027,0.0442
955,-118.505,33.775,0.0858,0.0254,0.1683,0.0623,0.0908,0.0381,0.2049,0.0715,0.1601,0.0536,0.0163,0.0121,0.0648,0.0353,0.1027,0.044
956,-118.495,33.775,0.087,0.0257,0.1729,0.0637,0.0903,0.0379,0.2038,0.0709,0.1602,0.0535,0.0165,0.0121,0.0646,0.0352,0.1026,0.0438
957,-118.485,33.775,0.0882,0.0259,0.1777,0.0651,0.0896,0.0376,0.2026,0.0701,0.1601,0.0533,0.0167,0.0122,0.0643,0.0351,0.1025,0.0436
958,-118.475,33.775,0.0894,0.0262,0.1829,0.0665,0.0889,0.0372,0.2013,0.0692,0.1598,0.0531,0.0168,0.0123,0.0641,0.035,0.1023,0.0434
959,-118.465,33.775,0.0906,0.0264,0.1882,0.068,0.0881,0.0368,0.1999,0.0682,0.1594,0.0528,0.017,0.0123,0.0638,0.0349,0.1021,0.0431
960,-118.455,33.775,0.0919,0.0266,0.1939,0.0696,0.0871,0.0364,0.1987,0.067,0.1587,0.0524,0.0172,0.0124,0.0636,0.0348,0.1018,0.0428
961,-118.445,33.775,0.0932,0.0269,0.2327,0.0901,0.094,0.0406,0.2136,0.0738,0.1578,0.052,0.0192,0.0141,0.0694,0.0394,0.107,0.0455
962,-118.435,33.775,0.1407,0.0465,0.3046,0.1296,0.1087,0.0494,0.2447,0.0887,0.2251,0.0869,0.0231,0.0176,0.0813,0.0485,0.1287,0.0586
963,-118.425,33.775,0.155,0.0521,0.3288,0.1421,0.124,0.0586,0.2789,0.1034,0.2417,0.0955,0.0273,0.0214,0.094,0.0585,0.1549,0.0748
964,-118.415,33.775,0.1607,0.0543,0.3428,0.1487,0.1366,0.0663,0.3081,0.115,0.2446,0.0974,0.0308,0.0246,0.1047,0.0668,0.162,0.0794
965,-118.405,33.775,0.1635,0.0552,0.3554,0.1541,0.1352,0.0654,0.3099,0.1115,0.244,0.0971,0.0309,0.0246,0.1042,0.0665,0.162,0.0791
966,-118.395,33.775,0.1622,0.0541,0.3686,0.1596,0.1342,0.0647,0.3138,0.1081,0.2384,0.0936,0.0307,0.0245,0.1033,0.066,0.1615,0.0785
967,-118.385,33.775,0.1627,0.054,0.3824,0.1653,0.1337,0.0643,0.32,0.1048,0.2353,0.0918,0.0304,0.0242,0.1022,0.0652,0.1612,0.0779
968,-118.375,33.775,0.1639,0.0542,0.3997,0.1732,0.1352,0.0649,0.3306,0.1024,0.2334,0.0906,0.0301,0.0239,0.1014,0.0647,0.1612,0.0776
969,-118.365,33.775,0.1655,0.0546,0.418,0.1818,0.1369,0.0655,0.3418,0.1008,0.2322,0.0899,0.0299,0.0236,0.1007,0.0643,0.1619,0.0778
970,-118.355,33.775,0.1671,0.0552,0.4381,0.1915,0.1382,0.0657,0.3515,0.1019,0.2317,0.0896,0.0295,0.0231,0.0999,0.0639,0.1631,0.0783
971,-118.345,33.775,0.1688,0.0559,0.459,0.2017,0.1386,0.0651,0.3585,0.1035,0.2319,0.0899,0.0288,0.0224,0.0988,0.0631,0.1647,0.0791
972,-118.335,33.775,0.1707,0.0567,0.4806,0.2123,0.1381,0.0638,0.363,0.1055,0.2331,0.0908,0.0278,0.0215,0.0973,0.062,0.1669,0.0804
973,-118.325,33.775,0.1725,0.0577,0.5036,0.2242,0.14,0.0639,0.3657,0.1083,0.2351,0.0921,0.0276,0.0218,0.0981,0.0629,0.1714,0.0832
974,-118.315,33.775,0.1755,0.0593,0.5273,0.2369,0.1421,0.0642,0.3655,0.1103,0.2383,0.0943,0.0276,0.0226,0.0994,0.0641,0.1772,0.0871
975,-118.305,33.775,0.1791,0.0615,0.5529,0.2523,0.143,0.0636,0.3524,0.1068,0.2418,0.0968,0.028,0.0244,0.1005,0.0652,0.1832,0.0911
976,-118.295,33.775,0.1836,0.0644,0.5766,0.2669,0.1431,0.0626,0.338,0.1028,0.2459,0.0996,0.0286,0.0263,0.1014,0.0662,0.1892,0.0951
977,-118.285,33.775,0.1863,0.0667,0.5984,0.2808,0.1424,0.061,0.3223,0.0985,0.2483,0.1013,0.0293,0.0283,0.1021,0.067,0.1959,0.0997
978,-118.275,33.775,0.1918,0.0706,0.6278,0.3128,0.1499,0.0642,0.3241,0.1044,0.2547,0.1058,0.0328,0.0337,0.1102,0.0746,0.2108,0.1108
979,-118.265,33.775,0.2082,0.0814,0.6567,0.3457,0.1567,0.067,0.3254,0.1102,0.2745,0.1196,0.0363,0.039,0.1179,0.0818,0.2221,0.1193
980,-118.255,33.775,0.2085,0.084,0.6752,0.3648,0.1514,0.0625,0.3068,0.1057,0.2759,0.121,0.0371,0.0405,0.1166,0.0809,0.2301,0.1255
981,-118.245,33.775,0.2212,0.0959,0.6867,0.4002,0.1502,0.0604,0.2949,0.1047,0.2939,0.1351,0.0392,0.0434,0.1183,0.0827,0.2398,0.1333
982,-118.235,33.775,0.2329,0.1085,0.6911,0.4518,0.1531,0.0607,0.2897,0.1074,0.3132,0.1507,0.0426,0.0477,0.123,0.0871,0.2542,0.1456
983,-118.225,33.775,0.23,0.1113,0.699,0.4772,0.1583,0.0646,0.2815,0.1088,0.3164,0.1532,0.0458,0.0516,0.1263,0.0904,0.2642,0.1541
984,-118.215,33.775,0.2239,0.1113,0.7112,0.4894,0.1615,0.0681,0.2695,0.1078,0.3158,0.1526,0.0481,0.0541,0.127,0.0913,0.2668,0.1558
985,-118.205,33.775,0.2034,0.0998,0.7412,0.4639,0.1528,0.0652,0.2418,0.0963,0.2953,0.1367,0.0453,0.05,0.1168,0.082,0.2591,0.1476
986,-118.195,33.775,0.1753,0.082,0.7758,0.4582,0.1432,0.0614,0.22,0.0878,0.2621,0.1121,0.0418,0.0456,0.1067,0.073,0.2401,0.1306
987,-118.185,33.775,0.1724,0.0814,0.815,0.4721,0.1327,0.0566,0.2041,0.0822,0.2584,0.1098,0.0376,0.0408,0.0965,0.0642,0.2299,0.1215
988,-118.175,33.775,0.1718,0.0819,0.8739,0.4966,0.1308,0.056,0.2006,0.0834,0.258,0.1095,0.0359,0.039,0.0927,0.0611,0.226,0.1177
989,-118.165,33.775,0.1729,0.0838,0.9361,0.5229,0.1312,0.0565,0.2004,0.0864,0.2606,0.1112,0.0348,0.038,0.0905,0.0594,0.2261,0.1172
990,-118.155,33.775,0.1725,0.0853,0.9947,0.5482,0.134,0.0584,0.2031,0.0913,0.2628,0.1125,0.0347,0.0378,0.0906,0.0596,0.2283,0.1184
991,-118.145,33.775,0.1691,0.0856,1.045,0.577,0.1393,0.0618,0.2085,0.0979,0.2637,0.113,0.0354,0.0387,0.0925,0.0615,0.2332,0.1217
992,-118.135,33.775,0.1728,0.0911,1.0869,0.6092,0.1472,0.0668,0.2164,0.1061,0.2758,0.1211,0.037,0.0408,0.0964,0.0652,0.2407,0.1272
993,-118.125,33.775,0.1664,0.0812,1.119,0.587,0.1563,0.073,0.2271,0.1144,0.2618,0.1115,0.039,0.0435,0.1013,0.0698,0.2495,0.1337
994,-118.115,33.775,0.1716,0.0771,1.127,0.5661,0.1662,0.0796,0.2399,0.1226,0.2592,0.1097,0.0413,0.0465,0.1066,0.0749,0.2532,0.1362
995,-118.105,33.775,0.1972,0.0878,1.0267,0.6067,0.1784,0.0878,0.2605,0.1299,0.2855,0.129,0.0443,0.0504,0.1135,0.0816,0.271,0.1513
996,-118.095,33.775,0.2246,0.0996,0.9736,0.6104,0.1836,0.091,0.2724,0.1304,0.3145,0.1503,0.0453,0.0515,0.1157,0.0838,0.2819,0.1604
997,-118.085,33.775,0.2275,0.0959,0.9677,0.5773,0.1818,0.0893,0.2757,0.1243,0.3122,0.1485,0.0441,0.0497,0.1131,0.0816,0.2847,0.1624
998,-118.075,33.775,0.2323,0.0945,0.9438,0.5469,0.1816,0.0887,0.2804,0.1219,0.3121,0.1486,0.0433,0.0488,0.1118,0.0806,0.2869,0.1639
999,-118.065,33.775,0.237,0.094,0.9163,0.5165,0.1813,0.0881,0.285,0.1203,0.3121,0.1489,0.0426,0.0479,0.1107,0.0799,0.288,0.1645
1000,-118.055,33.775,0.2393,0.0925,0.8892,0.4832,0.18,0.087,0.2881,0.1186,0.3093,0.1472,0.0418,0.0466,0.109,0.0785,0.2887,0.1647
1001,-118.045,33.775,0.2422,0.0917,0.8579,0.4528,0.1795,0.0865,0.2933,0.1184,0.3079,0.1465,0.0413,0.0456,0.108,0.0778,0.2898,0.1652
1002,-118.035,33.775,0.2467,0.0922,0.8226,0.4253,0.1797,0.0864,0.3006,0.1196,0.3086,0.1476,0.0412,0.0448,0.1077,0.0778,0.292,0.1667
1003,-118.025,33.775,0.2482,0.0912,0.7898,0.3952,0.1778,0.0849,0.3069,0.1201,0.3064,0.1463,0.041,0.0432,0.1065,0.077,0.2928,0.1671
1004,-118.015,33.775,0.2479,0.0894,0.7578,0.3662,0.1756,0.0832,0.3119,0.1207,0.3025,0.1438,0.0408,0.0415,0.1054,0.0762,0.2937,0.1674
1005,-118.005,33.775,0.25,0.0892,0.7273,0.3451,0.174,0.0818,0.3112,0.1225,0.3019,0.1439,0.0413,0.0399,0.1052,0.0762,0.2953,0.1684
1006,-117.995,33.775,0.2521,0.0893,0.7001,0.3267,0.1722,0.0803,0.3067,0.1238,0.3015,0.1441,0.0421,0.0386,0.1049,0.0762,0.298,0.1704
1007,-117.985,33.775,0.2528,0.0888,0.6762,0.3111,0.1701,0.0786,0.2985,0.1248,0.2997,0.1431,0.0432,0.0376,0.1046,0.0762,0.2997,0.1714
1008,-117.975,33.775,0.254,0.0888,0.6577,0.3022,0.1678,0.0768,0.2902,0.1249,0.2982,0.1425,0.0448,0.0377,0.1043,0.0762,0.3015,0.1725
1009,-117.965,33.775,0.2558,0.0895,0.6407,0.2947,0.1653,0.0748,0.2819,0.1248,0.297,0.1421,0.0463,0.0381,0.1041,0.0762,0.3033,0.1736
1010,-117.955,33.775,0.257,0.0898,0.6252,0.2878,0.1623,0.0726,0.2743,0.1242,0.2949,0.141,0.047,0.0393,0.1037,0.0762,0.3048,0.1744
1011,-117.945,33.775,0.2577,0.0901,0.6096,0.281,0.159,0.0701,0.2681,0.1237,0.2923,0.1394,0.048,0.0407,0.1034,0.0762,0.306,0.1749
1012,-117.935,33.775,0.2585,0.0905,0.5941,0.2742,0.1555,0.0674,0.2631,0.1233,0.2904,0.1385,0.0494,0.0424,0.1031,0.0762,0.3074,0.1756
1013,-117.925,33.775,0.2588,0.0908,0.5739,0.2634,0.1514,0.0643,0.2598,0.123,0.2885,0.1377,0.0512,0.0436,0.1029,0.0763,0.3087,0.1763
1014,-117.915,33.775,0.2585,0.0909,0.5524,0.2516,0.1471,0.0611,0.2568,0.1225,0.2856,0.1362,0.0529,0.0445,0.1027,0.0764,0.3097,0.1766
1015,-117.905,33.775,0.2581,0.0909,0.5295,0.2383,0.1425,0.0577,0.2535,0.1206,0.2822,0.1343,0.0538,0.0447,0.1026,0.0765,0.3096,0.176
1016,-117.895,33.775,0.2571,0.0908,0.5064,0.2245,0.1385,0.0552,0.2496,0.1178,0.2781,0.1319,0.0542,0.0445,0.1022,0.0764,0.3086,0.1745
1017,-117.885,33.775,0.2553,0.0902,0.4831,0.2103,0.1352,0.0536,0.245,0.1141,0.2735,0.1291,0.054,0.044,0.1017,0.0762,0.3072,0.1725
1018,-117.875,33.775,0.2526,0.0892,0.4593,0.1959,0.1347,0.0546,0.2401,0.1096,0.2685,0.126,0.0524,0.0429,0.101,0.0757,0.3054,0.1702
1019,-117.865,33.775,0.2496,0.0881,0.4356,0.1816,0.135,0.0563,0.2352,0.1049,0.2637,0.1232,0.0506,0.0417,0.1002,0.0752,0.3032,0.1675
1020,-117.855,33.775,0.2456,0.0866,0.4123,0.1679,0.1369,0.0587,0.2306,0.0999,0.2586,0.12,0.0491,0.0397,0.099,0.0744,0.2997,0.1637
1021,-117.845,33.775,0.2401,0.0842,0.3899,0.1549,0.139,0.0612,0.2266,0.0955,0.2522,0.116,0.0475,0.038,0.0977,0.0734,0.2951,0.1587
1022,-117.835,33.775,0.2339,0.0815,0.3682,0.1427,0.1413,0.0636,0.2232,0.0917,0.2451,0.1116,0.046,0.0365,0.0963,0.0722,0.2891,0.1526
1023,-117.825,33.775,0.2269,0.0785,0.3499,0.1331,0.1427,0.0655,0.2205,0.089,0.2373,0.1067,0.0443,0.0368,0.0944,0.0706,0.2815,0.1451
1024,-117.815,33.775,0.2185,0.0749,0.3272,0.1211,0.1424,0.0662,0.2162,0.0856,0.2283,0.101,0.0425,0.037,0.0914,0.0681,0.2714,0.1358
1025,-117.805,33.775,0.1899,0.0621,0.2797,0.0955,0.1345,0.062,0.2031,0.0785,0.1988,0.0834,0.0395,0.0351,0.0839,0.0612,0.2483,0.1174
1026,-117.795,33.775,0.1637,0.0504,0.2558,0.0836,0.1246,0.0565,0.1874,0.0705,0.1732,0.0682,0.0363,0.0323,0.0755,0.0537,0.2278,0.1018
1027,-117.785,33.775,0.1572,0.0481,0.2555,0.0854,0.1127,0.0497,0.1692,0.0616,0.1681,0.0656,0.033,0.0286,0.0662,0.0455,0.2183,0.0953
1028,-117.775,33.775,0.1541,0.0474,0.2423,0.0806,0.1082,0.0474,0.162,0.0586,0.1667,0.0652,0.032,0.0267,0.0619,0.0419,0.2141,0.0925
1029,-117.765,33.775,0.135,0.04,0.2314,0.077,0.1064,0.0466,0.1586,0.0576,0.1482,0.0557,0.0318,0.0256,0.0594,0.0399,0.2102,0.0899
1030,-117.755,33.775,0.1394,0.0425,0.2447,0.0858,0.11,0.049,0.1633,0.0608,0.1549,0.0596,0.0332,0.026,0.0602,0.0408,0.2154,0.0932
1031,-117.745,33.775,0.1502,0.0476,0.244,0.0871,0.1142,0.0519,0.1691,0.0646,0.1684,0.0673,0.0348,0.0265,0.0614,0.042,0.228,0.1014
1032,-117.735,33.775,0.1373,0.0427,0.2294,0.0811,0.1193,0.0551,0.1759,0.069,0.1563,0.0609,0.0365,0.0269,0.063,0.0435,0.2315,0.1035
1033,-117.725,33.775,0.1366,0.043,0.2322,0.0844,0.1192,0.0555,0.1754,0.0698,0.1575,0.0619,0.0365,0.0259,0.0619,0.0427,0.2346,0.1055
1034,-117.715,33.775,0.1379,0.0442,0.2351,0.0876,0.1172,0.0546,0.1721,0.0691,0.1608,0.0642,0.0357,0.0242,0.0597,0.041,0.2301,0.1023
1035,-117.705,33.775,0.125,0.0392,0.221,0.0814,0.1109,0.051,0.1625,0.0649,0.148,0.0575,0.0334,0.0216,0.0555,0.0375,0.2224,0.0969
1036,-117.695,33.775,0.1222,0.0386,0.2097,0.0768,0.1096,0.0505,0.1599,0.0644,0.1467,0.0571,0.0327,0.0204,0.0538,0.0362,0.2212,0.0959
1037,-117.685,33.775,0.117,0.037,0.2012,0.0737,0.1132,0.0531,0.1642,0.0679,0.1426,0.0552,0.0335,0.0205,0.0548,0.0372,0.2212,0.0957
1038,-117.675,33.775,0.1044,0.0322,0.1872,0.0678,0.1105,0.0517,0.1592,0.0662,0.1292,0.0486,0.0323,0.0193,0.0527,0.0355,0.217,0.093
1039,-117.665,33.775,0.0999,0.0309,0.1738,0.0623,0.1071,0.0499,0.1531,0.0639,0.1254,0.0471,0.0309,0.018,0.0503,0.0335,0.2126,0.0901
1040,-117.655,33.775,0.0967,0.03,0.169,0.0609,0.1067,0.05,0.1511,0.0639,0.1231,0.0462,0.0304,0.0176,0.0494,0.033,0.2123,0.0898
1041,-118.945,33.785,0.0469,0.0161,0.0671,0.0285,0.0851,0.0363,0.1666,0.0616,0.0979,0.0356,0.0122,0.0102,0.0724,0.038,0.0909,0.0424
1042,-118.935,33.785,0.0475,0.0163,0.0682,0.0289,0.0857,0.0365,0.1679,0.062,0.0992,0.036,0.0123,0.0103,0.0724,0.0379,0.0912,0.0425
1043,-118.925,33.785,0.0482,0.0164,0.0694,0.0294,0.0863,0.0367,0.1692,0.0624,0.1005,0.0364,0.0124,0.0103,0.0723,0.0379,0.0915,0.0425
1044,-118.915,33.785,0.0488,0.0166,0.0706,0.0298,0.0868,0.0369,0.1705,0.0628,0.1019,0.0368,0.0124,0.0103,0.0722,0.0379,0.0918,0.0426
1045,-118.905,33.785,0.0495,0.0168,0.0718,0.0303,0.0873,0.0371,0.1718,0.0633,0.1032,0.0372,0.0125,0.0103,0.0722,0.0379,0.0921,0.0427
1046,-118.895,33.785,0.0502,0.017,0.0731,0.0307,0.0878,0.0373,0.1732,0.0637,0.1046,0.0376,0.0126,0.0104,0.0721,0.0378,0.0924,0.0427
1047,-118.885,33.785,0.0509,0.0172,0.0743,0.0312,0.0883,0.0375,0.1745,0.0641,0.106,0.0381,0.0126,0.0104,0.072,0.0378,0.0928,0.0428
1048,-118.875,33.785,0.0516,0.0173,0.0757,0.0317,0.0888,0.0377,0.1759,0.0645,0.1075,0.0385,0.0127,0.0104,0.0719,0.0378,0.0931,0.0429
1049,-118.865,33.785,0.0523,0.0175,0.077,0.0322,0.0893,0.0378,0.1774,0.065,0.109,0.0389,0.0128,0.0105,0.0718,0.0377,0.0934,0.0429
1050,-118.855,33.785,0.0531,0.0177,0.0785,0.0327,0.0898,0.038,0.1788,0.0654,0.1105,0.0394,0.0129,0.0105,0.0717,0.0377,0.0937,0.043
1051,-118.845,33.785,0.0538,0.0179,0.0799,0.0332,0.0902,0.0381,0.1803,0.0659,0.1121,0.0399,0.0129,0.0105,0.0716,0.0377,0.0941,0.0431
1052,-118.835,33.785,0.0545,0.0181,0.0814,0.0337,0.0906,0.0383,0.1819,0.0663,0.1137,0.0403,0.013,0.0105,0.0715,0.0376,0.0944,0.0432
1053,-118.825,33.785,0.0553,0.0183,0.0829,0.0343,0.091,0.0384,0.1834,0.0668,0.1153,0.0408,0.0131,0.0106,0.0714,0.0376,0.0947,0.0432
1054,-118.815,33.785,0.0561,0.0185,0.0844,0.0348,0.0914,0.0386,0.185,0.0673,0.1169,0.0413,0.0132,0.0106,0.0713,0.0375,0.0951,0.0433
1055,-118.805,33.785,0.0569,0.0187,0.0861,0.0354,0.0918,0.0387,0.1866,0.0678,0.1186,0.0418,0.0132,0.0107,0.0711,0.0375,0.0954,0.0434
1056,-118.795,33.785,0.0577,0.0189,0.0877,0.036,0.0921,0.0388,0.1883,0.0683,0.1203,0.0423,0.0133,0.0107,0.071,0.0374,0.0958,0.0435
1057,-118.785,33.785,0.0585,0.0191,0.0894,0.0366,0.0925,0.039,0.1899,0.0688,0.1221,0.0429,0.0134,0.0107,0.0709,0.0374,0.0962,0.0436
1058,-118.775,33.785,0.0593,0.0193,0.0911,0.0372,0.0928,0.0391,0.1915,0.0693,0.1238,0.0434,0.0135,0.0108,0.0707,0.0374,0.0965,0.0437
1059,-118.765,33.785,0.0602,0.0196,0.0929,0.0378,0.0931,0.0392,0.1931,0.0698,0.1256,0.0439,0.0136,0.0108,0.0706,0.0373,0.0969,0.0437
1060,-118.755,33.785,0.061,0.0198,0.0948,0.0385,0.0933,0.0393,0.1946,0.0702,0.1274,0.0445,0.0137,0.0109,0.0704,0.0373,0.0972,0.0438
1061,-118.745,33.785,0.0619,0.02,0.0967,0.0392,0.0936,0.0394,0.1962,0.0707,0.1293,0.045,0.0138,0.0109,0.0703,0.0372,0.0976,0.0439
1062,-118.735,33.785,0.0628,0.0202,0.0987,0.0399,0.0938,0.0395,0.1977,0.0712,0.1311,0.0456,0.0139,0.0109,0.0701,0.0371,0.098,0.044
1063,-118.725,33.785,0.0637,0.0204,0.1007,0.0406,0.094,0.0395,0.1992,0.0716,0.133,0.0461,0.014,0.011,0.07,0.0371,0.0984,0.0441
1064,-118.715,33.785,0.0646,0.0207,0.1028,0.0413,0.0941,0.0396,0.2007,0.0721,0.1348,0.0467,0.014,0.011,0.0698,0.037,0.0987,0.0442
1065,-118.705,33.785,0.0655,0.0209,0.105,0.0421,0.0943,0.0397,0.2021,0.0725,0.1367,0.0473,0.0141,0.0111,0.0697,0.037,0.0991,0.0443
1066,-118.695,33.785,0.0664,0.0211,0.1073,0.0428,0.0944,0.0397,0.2035,0.0729,0.1386,0.0478,0.0142,0.0112,0.0695,0.0369,0.0995,0.0444
1067,-118.685,33.785,0.0674,0.0213,0.1096,0.0436,0.0945,0.0398,0.2048,0.0733,0.1405,0.0484,0.0143,0.0112,0.0693,0.0368,0.0998,0.0444
1068,-118.675,33.785,0.0683,0.0216,0.112,0.0445,0.0947,0.0398,0.2061,0.0737,0.1424,0.049,0.0144,0.0113,0.0691,0.0368,0.1002,0.0445
1069,-118.665,33.785,0.0693,0.0218,0.1145,0.0453,0.0947,0.0398,0.2073,0.074,0.1443,0.0495,0.0145,0.0113,0.0689,0.0367,0.1005,0.0446
1070,-118.655,33.785,0.0703,0.022,0.117,0.0462,0.0948,0.0399,0.2084,0.0744,0.1461,0.0501,0.0146,0.0114,0.0688,0.0367,0.1009,0.0447
1071,-118.645,33.785,0.0713,0.0223,0.1197,0.0471,0.0949,0.0399,0.2094,0.0747,0.1479,0.0506,0.0148,0.0114,0.0686,0.0366,0.1013,0.0447
1072,-118.635,33.785,0.0723,0.0225,0.1225,0.048,0.0949,0.0399,0.2103,0.0749,0.1497,0.0512,0.0149,0.0115,0.0684,0.0365,0.1016,0.0448
1073,-118.625,33.785,0.0734,0.0228,0.1254,0.049,0.0949,0.0399,0.2111,0.0751,0.1515,0.0517,0.015,0.0115,0.0682,0.0364,0.102,0.0449
1074,-118.615,33.785,0.0744,0.023,0.1283,0.05,0.0949,0.0399,0.2118,0.0753,0.1533,0.0522,0.0151,0.0116,0.068,0.0364,0.1023,0.0449
1075,-118.605,33.785,0.0755,0.0233,0.1315,0.0511,0.0948,0.0399,0.2124,0.0755,0.1549,0.0527,0.0152,0.0117,0.0678,0.0363,0.1026,0.045
1076,-118.595,33.785,0.0765,0.0235,0.1347,0.0521,0.0948,0.0399,0.2128,0.0756,0.1565,0.0532,0.0153,0.0117,0.0675,0.0362,0.1029,0.045
1077,-118.585,33.785,0.0776,0.0237,0.138,0.0532,0.0947,0.0399,0.2132,0.0756,0.158,0.0536,0.0154,0.0118,0.0673,0.0362,0.1031,0.045
1078,-118.575,33.785,0.0787,0.024,0.1416,0.0544,0.0945,0.0398,0.2133,0.0756,0.1595,0.054,0.0155,0.0118,0.0671,0.0361,0.1034,0.045
1079,-118.565,33.785,0.0798,0.0242,0.1452,0.0556,0.0944,0.0397,0.2134,0.0756,0.1609,0.0543,0.0156,0.0119,0.0669,0.036,0.1036,0.045
1080,-118.555,33.785,0.081,0.0245,0.149,0.0568,0.0942,0.0397,0.2132,0.0754,0.162,0.0547,0.0157,0.0119,0.0667,0.0359,0.1038,0.045
1081,-118.545,33.785,0.0821,0.0247,0.153,0.0581,0.0939,0.0395,0.2129,0.0752,0.1632,0.055,0.0159,0.012,0.0665,0.0358,0.104,0.045
1082,-118.535,33.785,0.0832,0.0249,0.1572,0.0594,0.0936,0.0394,0.2125,0.075,0.1641,0.0552,0.016,0.0121,0.0662,0.0358,0.1042,0.0449
1083,-118.525,33.785,0.0844,0.0252,0.1615,0.0607,0.0932,0.0392,0.2119,0.0746,0.165,0.0554,0.0161,0.0121,0.066,0.0357,0.1043,0.0449
1084,-118.515,33.785,0.0856,0.0254,0.166,0.0621,0.0928,0.0391,0.2111,0.0741,0.1657,0.0555,0.0163,0.0122,0.0658,0.0356,0.1044,0.0448
1085,-118.505,33.785,0.0868,0.0257,0.1708,0.0636,0.0923,0.0388,0.2102,0.0736,0.1662,0.0556,0.0164,0.0122,0.0655,0.0355,0.1044,0.0447
1086,-118.495,33.785,0.088,0.0259,0.1758,0.0651,0.0917,0.0386,0.2091,0.0729,0.1665,0.0556,0.0165,0.0123,0.0653,0.0354,0.1045,0.0446
1087,-118.485,33.785,0.0893,0.0261,0.181,0.0667,0.0911,0.0383,0.2079,0.0722,0.1667,0.0555,0.0167,0.0123,0.065,0.0353,0.1045,0.0444
1088,-118.475,33.785,0.0906,0.0264,0.1866,0.0684,0.0902,0.0379,0.2066,0.0713,0.1667,0.0554,0.0168,0.0124,0.0648,0.0353,0.1044,0.0443
1089,-118.465,33.785,0.0918,0.0266,0.1925,0.0702,0.0894,0.0375,0.2054,0.0703,0.1665,0.0552,0.0169,0.0124,0.0646,0.0352,0.1044,0.0441
1090,-118.455,33.785,0.0931,0.0269,0.1988,0.0721,0.0883,0.037,0.2042,0.0692,0.1661,0.055,0.0171,0.0125,0.0643,0.0351,0.1042,0.0439
1091,-118.445,33.785,0.0945,0.0271,0.2187,0.0817,0.0872,0.0364,0.2031,0.0678,0.1656,0.0547,0.0172,0.0125,0.0641,0.035,0.1052,0.0443
1092,-118.435,33.785,0.0958,0.0274,0.2523,0.099,0.086,0.0358,0.202,0.0663,0.165,0.0544,0.0173,0.0126,0.0638,0.0349,0.1212,0.0535
1093,-118.425,33.785,0.158,0.0529,0.3037,0.1274,0.1108,0.0507,0.2576,0.0922,0.2552,0.102,0.0235,0.0185,0.0841,0.0506,0.1459,0.0682
1094,-118.415,33.785,0.1602,0.0535,0.3516,0.1537,0.1357,0.0657,0.3141,0.1179,0.2542,0.1014,0.0298,0.0245,0.1046,0.0664,0.1649,0.0808
1095,-118.405,33.785,0.1605,0.0531,0.3647,0.1593,0.1352,0.0655,0.3188,0.1161,0.2506,0.0992,0.0301,0.0249,0.1054,0.0671,0.1661,0.0813
1096,-118.395,33.785,0.1648,0.0547,0.3799,0.1663,0.1347,0.0652,0.3235,0.113,0.2529,0.1006,0.0301,0.0249,0.1052,0.0671,0.1675,0.0821
1097,-118.385,33.785,0.1661,0.0548,0.3972,0.1745,0.1344,0.0648,0.3279,0.1087,0.2513,0.0997,0.0299,0.0247,0.1041,0.0664,0.169,0.0828
1098,-118.375,33.785,0.1673,0.055,0.4152,0.1829,0.1365,0.0657,0.3355,0.1047,0.2498,0.0989,0.0296,0.0243,0.1032,0.0658,0.1694,0.0828
1099,-118.365,33.785,0.1689,0.0554,0.4336,0.1914,0.139,0.0668,0.3432,0.1014,0.2491,0.0985,0.0294,0.0239,0.1023,0.0652,0.1706,0.0833
1100,-118.355,33.785,0.1705,0.0559,0.4532,0.2003,0.1414,0.0675,0.3481,0.102,0.2489,0.0985,0.0291,0.0233,0.1015,0.0647,0.1722,0.0841
1101,-118.345,33.785,0.1721,0.0565,0.4743,0.2104,0.1434,0.0679,0.3507,0.1036,0.2494,0.099,0.0286,0.0226,0.1008,0.0644,0.1745,0.0855
1102,-118.335,33.785,0.1743,0.0575,0.4971,0.2218,0.1451,0.0679,0.3509,0.1063,0.2512,0.1003,0.0278,0.0218,0.1004,0.0642,0.1778,0.0876
1103,-118.325,33.785,0.1776,0.059,0.5221,0.2352,0.1467,0.0679,0.347,0.1073,0.255,0.1029,0.0275,0.0217,0.1007,0.0646,0.1827,0.0908
1104,-118.315,33.785,0.1814,0.061,0.5476,0.2494,0.148,0.0676,0.3407,0.107,0.258,0.1051,0.0273,0.0221,0.1011,0.0651,0.1871,0.0937
1105,-118.305,33.785,0.1854,0.0633,0.5735,0.2653,0.1479,0.0664,0.3271,0.1028,0.2591,0.106,0.0278,0.0237,0.1014,0.0655,0.1923,0.0971
1106,-118.295,33.785,0.1953,0.069,0.599,0.2823,0.1489,0.0658,0.3161,0.0999,0.2663,0.111,0.0288,0.0261,0.1029,0.067,0.1985,0.1013
1107,-118.285,33.785,0.2021,0.0733,0.6241,0.3007,0.1511,0.066,0.3075,0.0984,0.2712,0.1146,0.0304,0.0291,0.1058,0.0697,0.2059,0.1064
1108,-118.275,33.785,0.2054,0.076,0.6502,0.3238,0.1485,0.0632,0.293,0.0946,0.2732,0.1163,0.0312,0.0312,0.1057,0.0698,0.2113,0.1101
1109,-118.265,33.785,0.204,0.0765,0.6755,0.3464,0.1445,0.0597,0.2772,0.0904,0.2703,0.1147,0.0319,0.0329,0.1046,0.0691,0.2148,0.1123
1110,-118.255,33.785,0.2024,0.0777,0.6965,0.3622,0.1388,0.0555,0.2617,0.0863,0.2676,0.1132,0.0323,0.0339,0.1025,0.0675,0.2179,0.1143
1111,-118.245,33.785,0.2023,0.0803,0.7164,0.3922,0.141,0.0557,0.2585,0.0889,0.2688,0.1141,0.0351,0.0377,0.1062,0.071,0.2235,0.1182
1112,-118.235,33.785,0.2229,0.0964,0.7353,0.4365,0.1511,0.0603,0.2673,0.0981,0.2956,0.1335,0.0403,0.0442,0.1157,0.0797,0.2454,0.1362
1113,-118.225,33.785,0.2488,0.1191,0.7454,0.4793,0.162,0.0674,0.2723,0.1066,0.3291,0.161,0.046,0.0511,0.1242,0.0879,0.2648,0.1531
1114,-118.215,33.785,0.246,0.1209,0.7565,0.5162,0.1692,0.0729,0.2712,0.1116,0.33,0.1617,0.0502,0.0559,0.129,0.0927,0.275,0.1618
1115,-118.205,33.785,0.2334,0.1145,0.781,0.5263,0.1575,0.0677,0.2449,0.1,0.3187,0.1521,0.047,0.0507,0.117,0.0817,0.2698,0.156
1116,-118.195,33.785,0.2091,0.0992,0.8284,0.527,0.1461,0.0625,0.2226,0.0906,0.2908,0.1308,0.0431,0.0455,0.1058,0.0718,0.2501,0.1379
1117,-118.185,33.785,0.1921,0.0889,0.8987,0.5186,0.1353,0.0574,0.2044,0.0834,0.2706,0.1163,0.0385,0.0404,0.0955,0.063,0.2363,0.1257
1118,-118.175,33.785,0.1878,0.0874,0.959,0.5321,0.1338,0.0571,0.2009,0.0845,0.2667,0.1134,0.0367,0.0387,0.0922,0.0603,0.229,0.1192
1119,-118.165,33.785,0.1835,0.0861,1.0159,0.5502,0.1346,0.058,0.201,0.0877,0.2635,0.1113,0.0357,0.0379,0.0906,0.0592,0.2281,0.118
1120,-118.155,33.785,0.1817,0.087,1.0656,0.5689,0.1377,0.06,0.2041,0.0926,0.2655,0.1125,0.0355,0.0379,0.091,0.0596,0.2305,0.1192
1121,-118.145,33.785,0.1801,0.0886,1.0888,0.592,0.142,0.0629,0.208,0.0982,0.2694,0.1149,0.0358,0.0385,0.0923,0.0609,0.2357,0.1228
1122,-118.135,33.785,0.1834,0.0924,1.0856,0.6194,0.1475,0.0666,0.2127,0.1045,0.2787,0.1212,0.0367,0.0396,0.0945,0.0631,0.2427,0.1277
1123,-118.125,33.785,0.1881,0.0916,1.0804,0.6066,0.1526,0.0701,0.218,0.1091,0.2816,0.1233,0.0376,0.0406,0.0966,0.0652,0.2508,0.1337
1124,-118.115,33.785,0.2038,0.0951,1.0653,0.5893,0.1591,0.0745,0.2263,0.1142,0.2949,0.1326,0.0389,0.0421,0.0997,0.0681,0.259,0.1398
1125,-118.105,33.785,0.2232,0.1013,1.0041,0.5904,0.1726,0.0832,0.2492,0.1234,0.3131,0.1462,0.0423,0.0462,0.1075,0.0754,0.2735,0.152
1126,-118.095,33.785,0.2322,0.1009,0.963,0.5762,0.1809,0.0884,0.2656,0.1278,0.3191,0.151,0.0441,0.0484,0.1118,0.0796,0.2835,0.1603
1127,-118.085,33.785,0.2382,0.0993,0.942,0.5467,0.184,0.09,0.2755,0.1274,0.3217,0.1533,0.0444,0.0487,0.1127,0.0808,0.2881,0.164
1128,-118.075,33.785,0.243,0.098,0.9145,0.5178,0.1847,0.09,0.2826,0.1263,0.3218,0.1537,0.0439,0.0483,0.1123,0.0806,0.2906,0.166
1129,-118.065,33.785,0.2468,0.097,0.8857,0.4888,0.1845,0.0895,0.2888,0.125,0.3206,0.1532,0.0431,0.0476,0.1114,0.08,0.2917,0.1665
1130,-118.055,33.785,0.2489,0.0955,0.8569,0.459,0.183,0.0882,0.2941,0.1235,0.3179,0.1514,0.0421,0.0462,0.1097,0.0787,0.2927,0.167
1131,-118.045,33.785,0.2525,0.0952,0.8268,0.4308,0.1821,0.0873,0.3017,0.1234,0.317,0.1513,0.0414,0.045,0.1086,0.0779,0.2939,0.1677
1132,-118.035,33.785,0.2553,0.0948,0.7953,0.4043,0.182,0.087,0.3119,0.1247,0.316,0.151,0.0412,0.0439,0.1082,0.0778,0.2956,0.1688
1133,-118.025,33.785,0.2554,0.093,0.7652,0.3779,0.1795,0.0851,0.3211,0.1246,0.3125,0.1487,0.0406,0.0418,0.1067,0.0767,0.2957,0.1684
1134,-118.015,33.785,0.2554,0.0913,0.7357,0.3528,0.1769,0.0831,0.3284,0.1245,0.3094,0.1469,0.0402,0.0394,0.1052,0.0756,0.2966,0.1688
1135,-118.005,33.785,0.2572,0.091,0.7075,0.3345,0.1759,0.0821,0.3273,0.1261,0.3089,0.1471,0.0406,0.0371,0.1053,0.0759,0.2985,0.1701
1136,-117.995,33.785,0.2589,0.0909,0.6816,0.3182,0.1743,0.0808,0.3205,0.1268,0.3086,0.1475,0.0414,0.0352,0.1052,0.076,0.3014,0.1723
1137,-117.985,33.785,0.2598,0.0905,0.6582,0.3039,0.1722,0.0791,0.3079,0.1268,0.3071,0.1468,0.0426,0.0336,0.1047,0.0759,0.3033,0.1734
1138,-117.975,33.785,0.261,0.0906,0.6387,0.2935,0.1699,0.0772,0.297,0.1263,0.3056,0.1461,0.0448,0.0342,0.1045,0.0759,0.3049,0.1744
1139,-117.965,33.785,0.2619,0.0907,0.6202,0.2842,0.1675,0.0753,0.2867,0.1256,0.3034,0.145,0.0468,0.0354,0.1042,0.0759,0.3063,0.175
1140,-117.955,33.785,0.2624,0.0908,0.6033,0.276,0.1642,0.0727,0.2776,0.1243,0.3007,0.1434,0.0474,0.0372,0.1036,0.0756,0.3073,0.1754
1141,-117.945,33.785,0.263,0.0909,0.5864,0.2679,0.1609,0.0702,0.2706,0.1236,0.2981,0.142,0.0482,0.039,0.1032,0.0756,0.3083,0.1757
1142,-117.935,33.785,0.2634,0.0912,0.5694,0.2597,0.1576,0.0676,0.2655,0.1234,0.2957,0.1408,0.0493,0.0409,0.1031,0.0757,0.3093,0.1761
1143,-117.925,33.785,0.2627,0.0909,0.5499,0.2496,0.1536,0.0645,0.262,0.1232,0.2925,0.139,0.0507,0.0424,0.1029,0.0758,0.3103,0.1764
1144,-117.915,33.785,0.2626,0.0911,0.5295,0.2387,0.1495,0.0612,0.2588,0.1227,0.2899,0.1377,0.0523,0.0435,0.1026,0.0759,0.3112,0.1767
1145,-117.905,33.785,0.2621,0.0912,0.5075,0.226,0.1452,0.0578,0.2555,0.1212,0.2869,0.1361,0.054,0.044,0.1025,0.076,0.3116,0.1764
1146,-117.895,33.785,0.2607,0.0908,0.485,0.2128,0.1417,0.0555,0.2517,0.1188,0.2828,0.1338,0.055,0.0439,0.1022,0.076,0.3109,0.1752
1147,-117.885,33.785,0.2588,0.0902,0.4623,0.1991,0.139,0.0541,0.2473,0.1155,0.2784,0.1312,0.0553,0.0435,0.1018,0.0758,0.3096,0.1735
1148,-117.875,33.785,0.2558,0.0891,0.4387,0.1849,0.1387,0.0554,0.2415,0.1106,0.2732,0.128,0.0534,0.0422,0.1009,0.0752,0.3078,0.1711
1149,-117.865,33.785,0.2518,0.0875,0.415,0.1705,0.139,0.0572,0.2356,0.1054,0.2672,0.1242,0.0512,0.0406,0.0998,0.0744,0.3053,0.1681
1150,-117.855,33.785,0.2474,0.0858,0.3917,0.1568,0.1404,0.0595,0.2305,0.1002,0.2617,0.1208,0.0494,0.0385,0.0988,0.0738,0.3025,0.1648
1151,-117.845,33.785,0.2418,0.0835,0.3709,0.145,0.142,0.0618,0.2262,0.0957,0.2557,0.117,0.0477,0.0366,0.0977,0.073,0.2983,0.1604
1152,-117.835,33.785,0.2358,0.081,0.3525,0.1354,0.1437,0.064,0.2228,0.0918,0.249,0.1129,0.0461,0.035,0.0965,0.072,0.2926,0.1545
1153,-117.825,33.785,0.2294,0.0783,0.3375,0.1281,0.1446,0.0656,0.2201,0.0889,0.2416,0.1084,0.0443,0.0355,0.0947,0.0706,0.2852,0.1472
1154,-117.815,33.785,0.2215,0.075,0.3201,0.1194,0.1429,0.0655,0.2144,0.0848,0.2332,0.1033,0.042,0.0355,0.0912,0.0675,0.2759,0.1385
1155,-117.805,33.785,0.2029,0.0667,0.2873,0.1018,0.129,0.0578,0.1932,0.0732,0.2141,0.0915,0.0371,0.0317,0.08,0.0573,0.2498,0.118
1156,-117.795,33.785,0.1614,0.0487,0.2652,0.0908,0.1194,0.0525,0.1785,0.0655,0.1717,0.0668,0.0341,0.0292,0.0718,0.05,0.2255,0.0997
1157,-117.785,33.785,0.1559,0.0468,0.2537,0.0863,0.114,0.0499,0.1704,0.0618,0.1672,0.0644,0.0331,0.028,0.0668,0.0457,0.2149,0.0923
1158,-117.775,33.785,0.1709,0.054,0.249,0.0859,0.1122,0.0492,0.1676,0.061,0.1844,0.0745,0.0331,0.0274,0.0642,0.0437,0.2256,0.0992
1159,-117.765,33.785,0.1463,0.0441,0.2464,0.0866,0.1109,0.0487,0.1655,0.0605,0.16,0.0613,0.0332,0.0268,0.062,0.0419,0.2184,0.0944
1160,-117.755,33.785,0.1366,0.0407,0.247,0.0885,0.1078,0.0473,0.1611,0.0589,0.1515,0.0571,0.0325,0.0252,0.059,0.0395,0.2152,0.0921
1161,-117.745,33.785,0.1352,0.0408,0.2431,0.0881,0.1078,0.0475,0.1611,0.0596,0.1517,0.0577,0.0327,0.0244,0.0577,0.0386,0.221,0.0958
1162,-117.735,33.785,0.1359,0.0416,0.2347,0.0853,0.1108,0.0495,0.1654,0.0624,0.1544,0.0593,0.0339,0.0245,0.0583,0.0391,0.2276,0.0999
1163,-117.725,33.785,0.1471,0.047,0.221,0.0797,0.109,0.0487,0.1626,0.0618,0.1688,0.0676,0.0333,0.0232,0.0563,0.0376,0.2269,0.0993
1164,-117.715,33.785,0.1183,0.0355,0.2072,0.0741,0.1067,0.0477,0.1591,0.0608,0.1384,0.0517,0.0326,0.0217,0.0541,0.0359,0.2202,0.0949
1165,-117.705,33.785,0.114,0.0343,0.198,0.0706,0.1066,0.0479,0.1585,0.0613,0.1353,0.0504,0.0324,0.0209,0.0532,0.0353,0.2128,0.0901
1166,-117.695,33.785,0.1116,0.0338,0.1905,0.068,0.1064,0.0481,0.1576,0.0617,0.1343,0.0502,0.0321,0.0202,0.0522,0.0346,0.2144,0.091
1167,-117.685,33.785,0.1071,0.0325,0.1848,0.0662,0.106,0.0481,0.1562,0.0619,0.1307,0.0487,0.0317,0.0194,0.0512,0.0339,0.2138,0.0905
1168,-117.675,33.785,0.1034,0.0316,0.1768,0.0634,0.1061,0.0485,0.1552,0.0624,0.1281,0.0477,0.0315,0.0189,0.0506,0.0335,0.2134,0.0901
1169,-117.665,33.785,0.1007,0.0309,0.1692,0.0606,0.1064,0.049,0.1544,0.0629,0.1265,0.0472,0.0312,0.0185,0.05,0.0331,0.2137,0.0901
1170,-117.655,33.785,0.098,0.0303,0.1651,0.0595,0.1067,0.0495,0.1533,0.0634,0.1249,0.0467,0.031,0.0183,0.0496,0.0329,0.215,0.0907
1171,-118.945,33.795,0.0472,0.0162,0.0673,0.0286,0.0864,0.0368,0.1696,0.0624,0.0987,0.0358,0.0124,0.0103,0.0733,0.0383,0.0917,0.0426
1172,-118.935,33.795,0.0478,0.0164,0.0684,0.0291,0.087,0.037,0.1708,0.0628,0.1,0.0362,0.0124,0.0103,0.0733,0.0382,0.092,0.0426
1173,-118.925,33.795,0.0485,0.0165,0.0696,0.0295,0.0876,0.0372,0.1721,0.0632,0.1014,0.0366,0.0125,0.0104,0.0732,0.0382,0.0923,0.0427
1174,-118.915,33.795,0.0492,0.0167,0.0708,0.0299,0.0882,0.0374,0.1735,0.0636,0.1027,0.037,0.0126,0.0104,0.0731,0.0382,0.0926,0.0428
1175,-118.905,33.795,0.0499,0.0169,0.072,0.0304,0.0887,0.0376,0.1748,0.064,0.1042,0.0374,0.0126,0.0104,0.073,0.0382,0.0929,0.0428
1176,-118.895,33.795,0.0506,0.0171,0.0733,0.0309,0.0892,0.0378,0.1761,0.0644,0.1056,0.0379,0.0127,0.0104,0.073,0.0381,0.0932,0.0429
1177,-118.885,33.795,0.0513,0.0173,0.0746,0.0313,0.0897,0.038,0.1775,0.0649,0.1071,0.0383,0.0128,0.0105,0.0729,0.0381,0.0935,0.0429
1178,-118.875,33.795,0.052,0.0175,0.076,0.0318,0.0903,0.0382,0.1789,0.0653,0.1086,0.0388,0.0128,0.0105,0.0728,0.0381,0.0939,0.043
1179,-118.865,33.795,0.0527,0.0177,0.0773,0.0323,0.0907,0.0384,0.1804,0.0657,0.1102,0.0392,0.0129,0.0105,0.0727,0.038,0.0942,0.0431
1180,-118.855,33.795,0.0534,0.0178,0.0788,0.0328,0.0912,0.0385,0.1819,0.0662,0.1118,0.0397,0.013,0.0106,0.0726,0.038,0.0945,0.0432
1181,-118.845,33.795,0.0542,0.018,0.0802,0.0334,0.0917,0.0387,0.1834,0.0667,0.1134,0.0402,0.013,0.0106,0.0725,0.038,0.0949,0.0432
1182,-118.835,33.795,0.055,0.0182,0.0817,0.0339,0.0921,0.0389,0.185,0.0671,0.1151,0.0407,0.0131,0.0106,0.0724,0.0379,0.0952,0.0433
1183,-118.825,33.795,0.0557,0.0184,0.0832,0.0345,0.0926,0.039,0.1866,0.0676,0.1167,0.0412,0.0132,0.0107,0.0723,0.0379,0.0956,0.0434
1184,-118.815,33.795,0.0565,0.0186,0.0848,0.035,0.093,0.0392,0.1882,0.0681,0.1185,0.0417,0.0133,0.0107,0.0721,0.0378,0.0959,0.0435
1185,-118.805,33.795,0.0573,0.0189,0.0864,0.0356,0.0934,0.0393,0.1899,0.0686,0.1202,0.0422,0.0134,0.0107,0.072,0.0378,0.0963,0.0436
1186,-118.795,33.795,0.0582,0.0191,0.0881,0.0362,0.0937,0.0394,0.1916,0.0692,0.122,0.0428,0.0134,0.0108,0.0719,0.0378,0.0966,0.0437
1187,-118.785,33.795,0.059,0.0193,0.0898,0.0368,0.0941,0.0396,0.1933,0.0697,0.1238,0.0433,0.0135,0.0108,0.0717,0.0377,0.097,0.0438
1188,-118.775,33.795,0.0598,0.0195,0.0916,0.0374,0.0944,0.0397,0.195,0.0702,0.1256,0.0439,0.0136,0.0108,0.0716,0.0377,0.0974,0.0438
1189,-118.765,33.795,0.0607,0.0197,0.0934,0.0381,0.0947,0.0398,0.1967,0.0707,0.1275,0.0445,0.0137,0.0109,0.0714,0.0376,0.0978,0.0439
1190,-118.755,33.795,0.0615,0.0199,0.0953,0.0388,0.095,0.0399,0.1983,0.0712,0.1294,0.045,0.0138,0.0109,0.0713,0.0376,0.0981,0.044
1191,-118.745,33.795,0.0624,0.0201,0.0972,0.0394,0.0952,0.04,0.2,0.0717,0.1314,0.0456,0.0139,0.011,0.0711,0.0375,0.0985,0.0441
1192,-118.735,33.795,0.0633,0.0204,0.0992,0.0401,0.0955,0.0401,0.2016,0.0723,0.1333,0.0462,0.014,0.011,0.071,0.0374,0.0989,0.0442
1193,-118.725,33.795,0.0642,0.0206,0.1012,0.0409,0.0956,0.0402,0.2032,0.0727,0.1353,0.0468,0.0141,0.0111,0.0708,0.0374,0.0993,0.0443
1194,-118.715,33.795,0.0652,0.0208,0.1033,0.0416,0.0958,0.0402,0.2048,0.0732,0.1373,0.0474,0.0142,0.0111,0.0707,0.0373,0.0997,0.0444
1195,-118.705,33.795,0.0661,0.0211,0.1056,0.0424,0.096,0.0403,0.2063,0.0737,0.1393,0.048,0.0143,0.0112,0.0705,0.0373,0.1001,0.0445
1196,-118.695,33.795,0.0671,0.0213,0.1078,0.0432,0.0961,0.0404,0.2078,0.0742,0.1414,0.0487,0.0144,0.0112,0.0703,0.0372,0.1005,0.0446
1197,-118.685,33.795,0.068,0.0215,0.1102,0.044,0.0962,0.0404,0.2092,0.0746,0.1434,0.0493,0.0145,0.0113,0.0701,0.0371,0.1009,0.0447
1198,-118.675,33.795,0.069,0.0218,0.1126,0.0448,0.0964,0.0405,0.2105,0.075,0.1454,0.0499,0.0146,0.0113,0.0699,0.0371,0.1012,0.0448
1199,-118.665,33.795,0.07,0.022,0.1151,0.0457,0.0965,0.0405,0.2118,0.0754,0.1475,0.0505,0.0147,0.0114,0.0698,0.037,0.1016,0.0449
1200,-118.655,33.795,0.071,0.0222,0.1177,0.0466,0.0965,0.0406,0.213,0.0758,0.1495,0.0511,0.0148,0.0115,0.0696,0.0369,0.102,0.045
1201,-118.645,33.795,0.072,0.0225,0.1204,0.0475,0.0966,0.0406,0.2141,0.0761,0.1515,0.0517,0.0149,0.0115,0.0694,0.0369,0.1024,0.0451
1202,-118.635,33.795,0.0731,0.0227,0.1233,0.0485,0.0966,0.0406,0.2152,0.0765,0.1535,0.0523,0.015,0.0116,0.0692,0.0368,0.1027,0.0451
1203,-118.625,33.795,0.0741,0.023,0.1262,0.0495,0.0966,0.0406,0.2161,0.0767,0.1555,0.0529,0.0151,0.0116,0.069,0.0367,0.1031,0.0452
1204,-118.615,33.795,0.0752,0.0232,0.1292,0.0505,0.0966,0.0406,0.2169,0.077,0.1574,0.0535,0.0152,0.0117,0.0688,0.0367,0.1035,0.0453
1205,-118.605,33.795,0.0763,0.0235,0.1324,0.0516,0.0966,0.0406,0.2176,0.0772,0.1592,0.054,0.0153,0.0118,0.0685,0.0366,0.1038,0.0453
1206,-118.595,33.795,0.0774,0.0237,0.1357,0.0527,0.0965,0.0406,0.2181,0.0773,0.161,0.0546,0.0154,0.0118,0.0683,0.0365,0.1041,0.0454
1207,-118.585,33.795,0.0785,0.0239,0.1392,0.0538,0.0964,0.0406,0.2185,0.0774,0.1628,0.0551,0.0155,0.0119,0.0681,0.0364,0.1045,0.0454
1208,-118.575,33.795,0.0796,0.0242,0.1428,0.055,0.0963,0.0405,0.2187,0.0775,0.1644,0.0555,0.0156,0.0119,0.0679,0.0364,0.1048,0.0455
1209,-118.565,33.795,0.0807,0.0244,0.1466,0.0563,0.0961,0.0405,0.2188,0.0775,0.166,0.056,0.0157,0.012,0.0677,0.0363,0.1051,0.0455
1210,-118.555,33.795,0.0819,0.0247,0.1505,0.0576,0.0959,0.0404,0.2187,0.0774,0.1674,0.0564,0.0158,0.0121,0.0674,0.0362,0.1053,0.0455
1211,-118.545,33.795,0.083,0.0249,0.1546,0.0589,0.0956,0.0403,0.2185,0.0773,0.1687,0.0567,0.016,0.0121,0.0672,0.0361,0.1056,0.0455
1212,-118.535,33.795,0.0842,0.0252,0.1589,0.0603,0.0953,0.0402,0.2183,0.0771,0.1699,0.0571,0.0161,0.0122,0.067,0.036,0.1058,0.0455
1213,-118.525,33.795,0.0854,0.0254,0.1635,0.0618,0.0949,0.04,0.2177,0.0768,0.171,0.0573,0.0162,0.0122,0.0667,0.0359,0.106,0.0455
1214,-118.515,33.795,0.0866,0.0256,0.1682,0.0633,0.0945,0.0398,0.2169,0.0764,0.172,0.0576,0.0163,0.0123,0.0665,0.0359,0.1062,0.0454
1215,-118.505,33.795,0.0879,0.0259,0.1733,0.0649,0.094,0.0396,0.2159,0.0759,0.1727,0.0577,0.0164,0.0123,0.0663,0.0358,0.1063,0.0454
1216,-118.495,33.795,0.0891,0.0261,0.1786,0.0666,0.0934,0.0394,0.2148,0.0753,0.1733,0.0578,0.0165,0.0124,0.066,0.0357,0.1065,0.0453
1217,-118.485,33.795,0.0904,0.0264,0.1842,0.0683,0.0927,0.0391,0.2136,0.0746,0.1737,0.0579,0.0166,0.0124,0.0658,0.0356,0.1066,0.0453
1218,-118.475,33.795,0.0917,0.0266,0.1903,0.0703,0.0919,0.0387,0.2124,0.0737,0.174,0.0579,0.0168,0.0125,0.0655,0.0355,0.1067,0.0452
1219,-118.465,33.795,0.093,0.0268,0.1966,0.0723,0.091,0.0383,0.2111,0.0728,0.1741,0.0579,0.0169,0.0125,0.0653,0.0354,0.1068,0.0451
1220,-118.455,33.795,0.0943,0.0271,0.2036,0.0745,0.09,0.0378,0.2099,0.0716,0.1741,0.0578,0.0169,0.0126,0.065,0.0353,0.1069,0.0451
1221,-118.445,33.795,0.0957,0.0273,0.2111,0.0769,0.0888,0.0372,0.2087,0.0703,0.1739,0.0576,0.017,0.0126,0.0648,0.0352,0.1073,0.0451
1222,-118.435,33.795,0.0971,0.0276,0.2192,0.0796,0.0875,0.0366,0.2077,0.0689,0.1736,0.0575,0.0171,0.0126,0.0645,0.0351,0.1151,0.0494
1223,-118.425,33.795,0.1355,0.0432,0.277,0.1115,0.1047,0.0467,0.2485,0.0871,0.2299,0.0874,0.0213,0.0167,0.0789,0.046,0.13,0.058
1224,-118.415,33.795,0.1484,0.0476,0.3383,0.1456,0.1232,0.0577,0.293,0.1068,0.2481,0.0958,0.0258,0.0212,0.0945,0.0578,0.15,0.0702
1225,-118.405,33.795,0.1503,0.0479,0.3674,0.1609,0.1302,0.0623,0.3139,0.1148,0.2476,0.0955,0.028,0.0236,0.1021,0.064,0.1635,0.079
1226,-118.395,33.795,0.1662,0.0546,0.3915,0.1733,0.1339,0.0647,0.3265,0.1172,0.2665,0.1071,0.0291,0.0247,0.1057,0.0671,0.172,0.0846
1227,-118.385,33.795,0.169,0.0555,0.4106,0.1828,0.1343,0.0649,0.3306,0.1138,0.2674,0.1078,0.029,0.0246,0.1056,0.0671,0.1763,0.0874
1228,-118.375,33.795,0.1703,0.0557,0.4296,0.1918,0.1377,0.0665,0.3345,0.1098,0.2664,0.1073,0.0287,0.024,0.1046,0.0665,0.1774,0.0879
1229,-118.365,33.795,0.1718,0.056,0.4489,0.2009,0.1416,0.0683,0.3378,0.1062,0.2659,0.1071,0.0283,0.0233,0.1036,0.0658,0.1789,0.0887
1230,-118.355,33.795,0.173,0.0563,0.4702,0.2113,0.1446,0.0694,0.3379,0.1052,0.2653,0.1069,0.0279,0.0225,0.1025,0.0651,0.181,0.0899
1231,-118.345,33.795,0.1753,0.0571,0.4927,0.2225,0.1482,0.0708,0.3374,0.1055,0.2663,0.1078,0.0276,0.022,0.1023,0.0652,0.1843,0.092
1232,-118.335,33.795,0.18,0.0593,0.5166,0.2346,0.1522,0.0724,0.3361,0.1071,0.2708,0.1109,0.0274,0.0217,0.103,0.0659,0.1891,0.0952
1233,-118.325,33.795,0.1864,0.0624,0.5429,0.2492,0.1557,0.0735,0.3312,0.1074,0.2776,0.1157,0.0276,0.0222,0.1042,0.0671,0.1956,0.0997
1234,-118.315,33.795,0.1923,0.0654,0.5693,0.2643,0.1585,0.0742,0.3245,0.1068,0.281,0.1182,0.0279,0.0229,0.1053,0.0683,0.2007,0.1031
1235,-118.305,33.795,0.1991,0.0691,0.5941,0.2792,0.1586,0.0731,0.313,0.1027,0.2824,0.1195,0.0286,0.0248,0.1057,0.0688,0.2053,0.1061
1236,-118.295,33.795,0.2064,0.0734,0.6201,0.2972,0.1594,0.0724,0.3024,0.0992,0.2845,0.1212,0.0298,0.0272,0.107,0.0701,0.2102,0.1093
1237,-118.285,33.795,0.2148,0.0786,0.6471,0.3182,0.1609,0.0721,0.293,0.0962,0.2892,0.1248,0.0313,0.0302,0.1092,0.0722,0.2172,0.1142
1238,-118.275,33.795,0.222,0.0835,0.6713,0.3366,0.1602,0.0705,0.2824,0.0933,0.2935,0.1284,0.0327,0.0329,0.1101,0.0732,0.2234,0.1186
1239,-118.265,33.795,0.2236,0.0857,0.6949,0.3536,0.1582,0.0682,0.2713,0.0905,0.292,0.1276,0.0338,0.0352,0.1102,0.0736,0.2267,0.1206
1240,-118.255,33.795,0.2221,0.0866,0.7182,0.3669,0.152,0.0636,0.2587,0.0875,0.2877,0.1249,0.0341,0.036,0.1074,0.0713,0.2277,0.1209
1241,-118.245,33.795,0.2196,0.0873,0.744,0.3938,0.1492,0.0612,0.2511,0.0873,0.2842,0.1224,0.0353,0.0377,0.1068,0.071,0.2286,0.1211
1242,-118.235,33.795,0.2266,0.0941,0.7723,0.4342,0.1497,0.0609,0.2483,0.0899,0.2926,0.1284,0.0376,0.0403,0.1084,0.0727,0.2434,0.1329
1243,-118.225,33.795,0.259,0.1194,0.7867,0.486,0.1608,0.0678,0.2574,0.1,0.3299,0.1579,0.043,0.0467,0.1167,0.0805,0.2608,0.1478
1244,-118.215,33.795,0.2574,0.1211,0.8002,0.5366,0.1712,0.0747,0.265,0.1092,0.3295,0.1575,0.048,0.0526,0.1239,0.0873,0.2738,0.159
1245,-118.205,33.795,0.2566,0.1232,0.8235,0.5705,0.1675,0.0737,0.2532,0.1065,0.3303,0.1583,0.0479,0.0515,0.119,0.083,0.2749,0.1593
1246,-118.195,33.795,0.2547,0.1243,0.8802,0.576,0.1578,0.069,0.2352,0.0995,0.3291,0.1575,0.045,0.0474,0.1099,0.0751,0.2648,0.1494
1247,-118.185,33.795,0.2188,0.1002,0.9703,0.5531,0.1421,0.0607,0.2112,0.0881,0.2876,0.1263,0.0392,0.0403,0.0967,0.0636,0.2461,0.1329
1248,-118.175,33.795,0.2036,0.091,1.0326,0.5612,0.1388,0.0593,0.2053,0.0873,0.2712,0.1145,0.0369,0.0378,0.0923,0.06,0.2316,0.1203
1249,-118.165,33.795,0.2002,0.0903,1.0856,0.575,0.1385,0.0596,0.2039,0.0891,0.2701,0.1137,0.0357,0.0366,0.0902,0.0584,0.2301,0.1186
1250,-118.155,33.795,0.1975,0.0903,1.1216,0.586,0.1409,0.0613,0.2066,0.0932,0.2718,0.1147,0.0355,0.0369,0.0903,0.0587,0.2327,0.1201
1251,-118.145,33.795,0.1971,0.0914,1.1183,0.6027,0.1495,0.0669,0.217,0.1023,0.2763,0.1176,0.0372,0.0395,0.0946,0.0627,0.2424,0.1272
1252,-118.135,33.795,0.2178,0.1059,1.0759,0.6252,0.1642,0.0764,0.2349,0.1164,0.3055,0.1384,0.0407,0.0445,0.1031,0.0703,0.2573,0.1389
1253,-118.125,33.795,0.2325,0.1134,1.0438,0.6155,0.1709,0.081,0.2431,0.122,0.323,0.1516,0.042,0.0461,0.1063,0.0734,0.2735,0.1523
1254,-118.115,33.795,0.2352,0.1098,1.0131,0.5974,0.1759,0.0844,0.25,0.1256,0.3233,0.1516,0.0429,0.047,0.1084,0.0755,0.2779,0.1553
1255,-118.105,33.795,0.2397,0.107,0.9791,0.5709,0.1806,0.0874,0.26,0.1275,0.325,0.1529,0.0438,0.0475,0.1103,0.0776,0.2829,0.159
1256,-118.095,33.795,0.244,0.1041,0.9466,0.5441,0.1839,0.0893,0.2685,0.1281,0.3262,0.1538,0.0443,0.0476,0.1114,0.0788,0.2867,0.1617
1257,-118.085,33.795,0.2483,0.1018,0.9156,0.517,0.1857,0.0902,0.2755,0.1273,0.3275,0.155,0.0443,0.0473,0.1116,0.0793,0.2896,0.1638
1258,-118.075,33.795,0.2532,0.1007,0.8851,0.4901,0.1869,0.0906,0.2827,0.1271,0.3291,0.1568,0.0438,0.0473,0.1116,0.0795,0.2933,0.1669
1259,-118.065,33.795,0.257,0.0999,0.855,0.4633,0.1876,0.0908,0.2899,0.127,0.3284,0.1568,0.0431,0.0471,0.1114,0.0795,0.2954,0.1685
1260,-118.055,33.795,0.2605,0.0993,0.8261,0.4364,0.1867,0.0899,0.297,0.1268,0.3271,0.1563,0.0422,0.046,0.1102,0.0787,0.2968,0.1695
1261,-118.045,33.795,0.263,0.0986,0.7976,0.4105,0.1855,0.0887,0.305,0.1269,0.3252,0.1553,0.0414,0.0445,0.109,0.0779,0.2977,0.1699
1262,-118.035,33.795,0.264,0.0972,0.7695,0.3856,0.1839,0.0874,0.3138,0.1273,0.3224,0.1536,0.0406,0.0427,0.1078,0.077,0.2983,0.17
1263,-118.025,33.795,0.2644,0.0956,0.742,0.3629,0.1819,0.0858,0.3236,0.1276,0.3195,0.1519,0.04,0.0403,0.1067,0.0762,0.2991,0.1702
1264,-118.015,33.795,0.2645,0.0941,0.7146,0.3415,0.18,0.0843,0.3317,0.128,0.3172,0.1507,0.0395,0.0376,0.1058,0.0757,0.3004,0.1711
1265,-118.005,33.795,0.2655,0.0933,0.6881,0.325,0.1789,0.0832,0.3307,0.1291,0.3167,0.1509,0.0393,0.0344,0.1057,0.0759,0.3025,0.1725
1266,-117.995,33.795,0.2667,0.0929,0.6633,0.3099,0.1774,0.0819,0.3241,0.1294,0.3167,0.1515,0.0394,0.0312,0.1055,0.076,0.3052,0.1746
1267,-117.985,33.795,0.2674,0.0925,0.6402,0.2963,0.1754,0.0803,0.3121,0.1289,0.3154,0.1511,0.0398,0.0282,0.1052,0.0758,0.3071,0.1758
1268,-117.975,33.795,0.268,0.0923,0.6197,0.2848,0.1728,0.0783,0.3004,0.1276,0.313,0.1498,0.0423,0.0292,0.1046,0.0756,0.3081,0.1761
1269,-117.965,33.795,0.268,0.0919,0.6001,0.274,0.1701,0.0761,0.2893,0.126,0.3097,0.1478,0.0449,0.0312,0.1039,0.0753,0.3088,0.176
1270,-117.955,33.795,0.2681,0.0917,0.5822,0.2648,0.167,0.0737,0.2801,0.1246,0.3065,0.1459,0.0463,0.0341,0.1034,0.075,0.3092,0.1758
1271,-117.945,33.795,0.2681,0.0916,0.5643,0.2558,0.1639,0.0713,0.2731,0.1239,0.3035,0.1442,0.0475,0.0369,0.103,0.075,0.3101,0.1759
1272,-117.935,33.795,0.2678,0.0914,0.5464,0.2467,0.1609,0.0689,0.2683,0.1238,0.3005,0.1426,0.0486,0.0394,0.1029,0.0751,0.3111,0.1763
1273,-117.925,33.795,0.2675,0.0914,0.5277,0.2374,0.1581,0.0666,0.2659,0.1245,0.2978,0.1412,0.05,0.0415,0.1033,0.0757,0.3125,0.1771
1274,-117.915,33.795,0.2684,0.0922,0.5084,0.2275,0.1552,0.0642,0.2636,0.1249,0.2963,0.1408,0.0514,0.0433,0.1035,0.0763,0.3139,0.1779
1275,-117.905,33.795,0.2669,0.0917,0.487,0.2151,0.1512,0.0613,0.2592,0.1227,0.2925,0.1387,0.0526,0.0439,0.103,0.0761,0.3141,0.1774
1276,-117.895,33.795,0.2647,0.0909,0.4653,0.2024,0.1481,0.0593,0.2549,0.1201,0.2879,0.136,0.0534,0.044,0.1026,0.0759,0.3134,0.1763
1277,-117.885,33.795,0.2623,0.0901,0.4433,0.1895,0.1458,0.0583,0.2505,0.1169,0.2835,0.1335,0.054,0.0437,0.1022,0.0758,0.3127,0.175
1278,-117.875,33.795,0.2602,0.0896,0.4205,0.1758,0.1452,0.059,0.2451,0.1124,0.2795,0.1312,0.0529,0.0425,0.1014,0.0753,0.3113,0.1732
1279,-117.865,33.795,0.2548,0.0873,0.3975,0.162,0.1449,0.0601,0.2392,0.1073,0.2723,0.1265,0.0515,0.041,0.1005,0.0747,0.3084,0.1698
1280,-117.855,33.795,0.2487,0.0847,0.3747,0.1485,0.1447,0.0614,0.2318,0.1004,0.2651,0.1219,0.0496,0.0391,0.0989,0.0735,0.3045,0.1654
1281,-117.845,33.795,0.2432,0.0825,0.3553,0.1378,0.1452,0.063,0.226,0.0948,0.259,0.1181,0.048,0.0376,0.0976,0.0725,0.3001,0.1608
1282,-117.835,33.795,0.2376,0.0803,0.3395,0.13,0.1464,0.0649,0.2218,0.0903,0.2524,0.1141,0.0467,0.0366,0.0966,0.0717,0.2949,0.1554
1283,-117.825,33.795,0.232,0.0782,0.3241,0.1225,0.1472,0.0663,0.2191,0.0873,0.246,0.1102,0.0454,0.0369,0.0951,0.0705,0.2882,0.1487
1284,-117.815,33.795,0.2237,0.0748,0.3079,0.1145,0.1445,0.0657,0.2126,0.0826,0.2369,0.1046,0.0431,0.0363,0.0914,0.0673,0.2759,0.1376
1285,-117.805,33.795,0.2013,0.0648,0.2869,0.1036,0.1258,0.0553,0.1858,0.0685,0.2137,0.0902,0.0366,0.0307,0.0773,0.0546,0.2496,0.117
1286,-117.795,33.795,0.1623,0.0482,0.2684,0.0946,0.1183,0.0513,0.1752,0.063,0.1733,0.0669,0.0343,0.0287,0.0706,0.0487,0.2281,0.1006
1287,-117.785,33.795,0.1659,0.0503,0.2523,0.0875,0.1219,0.0539,0.1809,0.0663,0.1779,0.0696,0.036,0.0305,0.0713,0.0495,0.2226,0.0967
1288,-117.775,33.795,0.1732,0.0542,0.2536,0.0902,0.1266,0.0572,0.1883,0.0707,0.1867,0.075,0.0381,0.0322,0.0726,0.0508,0.2359,0.1056
1289,-117.765,33.795,0.1738,0.0554,0.2554,0.0931,0.129,0.0591,0.1923,0.0734,0.1889,0.0769,0.0394,0.0328,0.0725,0.051,0.2386,0.1073
1290,-117.755,33.795,0.1609,0.0505,0.2419,0.0874,0.1187,0.0532,0.1781,0.0666,0.1771,0.0706,0.0364,0.0287,0.0651,0.0446,0.2334,0.1036
1291,-117.745,33.795,0.1494,0.0462,0.2327,0.0841,0.1114,0.0491,0.168,0.062,0.1668,0.0651,0.0342,0.0257,0.0597,0.04,0.224,0.0969
1292,-117.735,33.795,0.1426,0.044,0.228,0.0832,0.1071,0.047,0.162,0.0597,0.1614,0.0627,0.033,0.0237,0.0562,0.0372,0.2206,0.0945
1293,-117.725,33.795,0.1317,0.04,0.2073,0.0739,0.106,0.0466,0.1606,0.0596,0.1514,0.0575,0.0328,0.0226,0.0546,0.036,0.2169,0.0922
1294,-117.715,33.795,0.1181,0.035,0.1866,0.0644,0.1058,0.0467,0.1603,0.0601,0.1379,0.0509,0.0327,0.0218,0.0535,0.0352,0.2133,0.0899
1295,-117.705,33.795,0.114,0.0339,0.1812,0.063,0.1062,0.0473,0.1607,0.061,0.1351,0.0498,0.0328,0.0212,0.0529,0.0349,0.211,0.0884
1296,-117.695,33.795,0.1108,0.0332,0.1766,0.0618,0.1065,0.0477,0.1605,0.0616,0.1333,0.0493,0.0327,0.0206,0.0522,0.0344,0.2123,0.0891
1297,-117.685,33.795,0.1078,0.0325,0.1726,0.0609,0.1064,0.0479,0.1597,0.062,0.1316,0.0487,0.0324,0.02,0.0514,0.0339,0.2136,0.0897
1298,-117.675,33.795,0.1048,0.0318,0.1687,0.06,0.1067,0.0484,0.1589,0.0626,0.1299,0.0482,0.0322,0.0195,0.0509,0.0335,0.2149,0.0903
1299,-117.665,33.795,0.102,0.0311,0.1648,0.0591,0.1069,0.0488,0.1581,0.0631,0.1283,0.0477,0.032,0.0191,0.0503,0.0332,0.2164,0.0909
1300,-117.655,33.795,0.0993,0.0305,0.1612,0.0582,0.1072,0.0493,0.1569,0.0635,0.1268,0.0472,0.0317,0.0189,0.0499,0.033,0.218,0.0917
1301,-118.945,33.805,0.0475,0.0163,0.0675,0.0287,0.0878,0.0373,0.1726,0.0632,0.0994,0.036,0.0125,0.0104,0.0742,0.0386,0.0925,0.0427
1302,-118.935,33.805,0.0481,0.0165,0.0686,0.0292,0.0884,0.0375,0.1738,0.0636,0.1008,0.0364,0.0125,0.0104,0.0742,0.0386,0.0928,0.0428
1303,-118.925,33.805,0.0488,0.0166,0.0698,0.0296,0.0889,0.0378,0.1752,0.064,0.1022,0.0368,0.0126,0.0104,0.0741,0.0385,0.0931,0.0428
1304,-118.915,33.805,0.0495,0.0168,0.071,0.0301,0.0895,0.038,0.1765,0.0644,0.1036,0.0372,0.0127,0.0105,0.074,0.0385,0.0934,0.0429
1305,-118.905,33.805,0.0502,0.017,0.0723,0.0305,0.0901,0.0382,0.1778,0.0648,0.1051,0.0377,0.0127,0.0105,0.0739,0.0385,0.0937,0.043
1306,-118.895,33.805,0.0509,0.0172,0.0736,0.031,0.0906,0.0384,0.1792,0.0652,0.1066,0.0381,0.0128,0.0105,0.0739,0.0385,0.094,0.043
1307,-118.885,33.805,0.0516,0.0174,0.0749,0.0315,0.0912,0.0386,0.1805,0.0656,0.1081,0.0386,0.0129,0.0105,0.0738,0.0384,0.0943,0.0431
1308,-118.875,33.805,0.0524,0.0176,0.0762,0.032,0.0917,0.0387,0.182,0.0661,0.1096,0.039,0.0129,0.0106,0.0737,0.0384,0.0947,0.0432
1309,-118.865,33.805,0.0531,0.0178,0.0776,0.0325,0.0922,0.0389,0.1835,0.0665,0.1113,0.0395,0.013,0.0106,0.0736,0.0384,0.095,0.0432
1310,-118.855,33.805,0.0538,0.018,0.079,0.033,0.0927,0.0391,0.185,0.067,0.113,0.04,0.0131,0.0106,0.0735,0.0383,0.0953,0.0433
1311,-118.845,33.805,0.0546,0.0182,0.0805,0.0335,0.0932,0.0393,0.1866,0.0675,0.1146,0.0405,0.0132,0.0107,0.0734,0.0383,0.0957,0.0434
1312,-118.835,33.805,0.0554,0.0184,0.082,0.0341,0.0937,0.0395,0.1881,0.0679,0.1164,0.041,0.0132,0.0107,0.0733,0.0382,0.096,0.0435
1313,-118.825,33.805,0.0562,0.0186,0.0836,0.0346,0.0941,0.0396,0.1898,0.0684,0.1181,0.0416,0.0133,0.0107,0.0731,0.0382,0.0964,0.0436
1314,-118.815,33.805,0.057,0.0188,0.0851,0.0352,0.0945,0.0398,0.1914,0.069,0.1199,0.0421,0.0134,0.0107,0.073,0.0382,0.0968,0.0437
1315,-118.805,33.805,0.0578,0.019,0.0868,0.0358,0.095,0.0399,0.1932,0.0695,0.1217,0.0426,0.0135,0.0108,0.0729,0.0381,0.0971,0.0437
1316,-118.795,33.805,0.0586,0.0192,0.0885,0.0364,0.0953,0.0401,0.195,0.0701,0.1236,0.0432,0.0135,0.0108,0.0727,0.0381,0.0975,0.0438
1317,-118.785,33.805,0.0595,0.0194,0.0902,0.037,0.0957,0.0402,0.1967,0.0706,0.1255,0.0438,0.0136,0.0109,0.0726,0.038,0.0979,0.0439
1318,-118.775,33.805,0.0603,0.0196,0.092,0.0377,0.096,0.0403,0.1985,0.0712,0.1275,0.0444,0.0137,0.0109,0.0725,0.038,0.0983,0.044
1319,-118.765,33.805,0.0612,0.0198,0.0938,0.0383,0.0964,0.0404,0.2003,0.0717,0.1294,0.045,0.0138,0.011,0.0723,0.0379,0.0986,0.0441
1320,-118.755,33.805,0.0621,0.0201,0.0957,0.039,0.0967,0.0406,0.2021,0.0723,0.1314,0.0456,0.0139,0.011,0.0722,0.0379,0.099,0.0442
1321,-118.745,33.805,0.063,0.0203,0.0976,0.0397,0.0969,0.0407,0.2038,0.0728,0.1335,0.0462,0.014,0.011,0.072,0.0378,0.0994,0.0443
1322,-118.735,33.805,0.0639,0.0205,0.0996,0.0404,0.0972,0.0408,0.2055,0.0733,0.1356,0.0469,0.0141,0.0111,0.0718,0.0377,0.0998,0.0444
1323,-118.725,33.805,0.0648,0.0207,0.1017,0.0411,0.0974,0.0408,0.2072,0.0739,0.1377,0.0475,0.0142,0.0112,0.0717,0.0377,0.1003,0.0445
1324,-118.715,33.805,0.0657,0.021,0.1038,0.0419,0.0976,0.0409,0.2089,0.0744,0.1398,0.0482,0.0143,0.0112,0.0715,0.0376,0.1006,0.0446
1325,-118.705,33.805,0.0667,0.0212,0.1061,0.0427,0.0977,0.041,0.2106,0.0749,0.142,0.0488,0.0144,0.0113,0.0713,0.0376,0.1011,0.0447
1326,-118.695,33.805,0.0677,0.0215,0.1084,0.0435,0.0979,0.0411,0.2122,0.0754,0.1442,0.0495,0.0145,0.0113,0.0711,0.0375,0.1015,0.0449
1327,-118.685,33.805,0.0687,0.0217,0.1107,0.0443,0.098,0.0411,0.2137,0.0759,0.1464,0.0502,0.0146,0.0114,0.071,0.0374,0.1019,0.045
1328,-118.675,33.805,0.0697,0.0219,0.1132,0.0452,0.0981,0.0412,0.2151,0.0764,0.1486,0.0508,0.0147,0.0114,0.0708,0.0374,0.1023,0.0451
1329,-118.665,33.805,0.0707,0.0222,0.1158,0.0461,0.0982,0.0412,0.2166,0.0768,0.1508,0.0515,0.0148,0.0115,0.0706,0.0373,0.1027,0.0452
1330,-118.655,33.805,0.0717,0.0224,0.1184,0.047,0.0983,0.0413,0.2179,0.0773,0.153,0.0522,0.0149,0.0116,0.0704,0.0372,0.1031,0.0453
1331,-118.645,33.805,0.0727,0.0227,0.1212,0.0479,0.0984,0.0413,0.2191,0.0777,0.1552,0.0528,0.015,0.0116,0.0702,0.0372,0.1035,0.0454
1332,-118.635,33.805,0.0738,0.0229,0.124,0.0489,0.0984,0.0413,0.2203,0.078,0.1574,0.0535,0.0151,0.0117,0.07,0.0371,0.1039,0.0455
1333,-118.625,33.805,0.0749,0.0232,0.127,0.0499,0.0984,0.0414,0.2213,0.0784,0.1595,0.0542,0.0152,0.0117,0.0698,0.037,0.1043,0.0456
1334,-118.615,33.805,0.076,0.0234,0.1301,0.051,0.0984,0.0414,0.2222,0.0787,0.1617,0.0548,0.0153,0.0118,0.0696,0.0369,0.1047,0.0456
1335,-118.605,33.805,0.0771,0.0237,0.1333,0.0521,0.0984,0.0414,0.2229,0.0789,0.1637,0.0554,0.0154,0.0119,0.0693,0.0369,0.1051,0.0457
1336,-118.595,33.805,0.0782,0.0239,0.1367,0.0532,0.0983,0.0414,0.2236,0.0791,0.1658,0.056,0.0155,0.0119,0.0691,0.0368,0.1055,0.0458
1337,-118.585,33.805,0.0793,0.0241,0.1402,0.0544,0.0982,0.0414,0.224,0.0793,0.1678,0.0566,0.0156,0.012,0.0689,0.0367,0.1059,0.0459
1338,-118.575,33.805,0.0804,0.0244,0.144,0.0557,0.0981,0.0413,0.2244,0.0795,0.1697,0.0572,0.0157,0.0121,0.0687,0.0366,0.1062,0.0459
1339,-118.565,33.805,0.0816,0.0246,0.1478,0.057,0.0979,0.0413,0.2247,0.0796,0.1715,0.0577,0.0158,0.0121,0.0684,0.0365,0.1066,0.046
1340,-118.555,33.805,0.0828,0.0249,0.1519,0.0583,0.0977,0.0412,0.2248,0.0796,0.1731,0.0582,0.0159,0.0122,0.0682,0.0365,0.1069,0.046
1341,-118.545,33.805,0.084,0.0251,0.1561,0.0598,0.0974,0.0411,0.2247,0.0795,0.1747,0.0586,0.016,0.0122,0.068,0.0364,0.1071,0.0461
1342,-118.535,33.805,0.0852,0.0254,0.1606,0.0612,0.0971,0.041,0.2245,0.0795,0.1762,0.0591,0.0162,0.0123,0.0677,0.0363,0.1075,0.0461
1343,-118.525,33.805,0.0864,0.0256,0.1654,0.0628,0.0967,0.0409,0.2239,0.0792,0.1775,0.0594,0.0163,0.0123,0.0675,0.0362,0.1077,0.0461
1344,-118.515,33.805,0.0876,0.0259,0.1703,0.0644,0.0963,0.0407,0.2231,0.0788,0.1787,0.0597,0.0164,0.0124,0.0673,0.0361,0.108,0.0461
1345,-118.505,33.805,0.0889,0.0261,0.1756,0.0662,0.0958,0.0405,0.2219,0.0783,0.1797,0.06,0.0165,0.0124,0.067,0.036,0.1083,0.0461
1346,-118.495,33.805,0.0902,0.0263,0.1812,0.068,0.0952,0.0402,0.2207,0.0778,0.1806,0.0603,0.0165,0.0125,0.0668,0.0359,0.1085,0.0461
1347,-118.485,33.805,0.0914,0.0266,0.1872,0.07,0.0946,0.04,0.2196,0.0771,0.1813,0.0604,0.0166,0.0125,0.0665,0.0359,0.1088,0.0462
1348,-118.475,33.805,0.0928,0.0268,0.1937,0.0721,0.0938,0.0396,0.2183,0.0763,0.1819,0.0606,0.0167,0.0126,0.0662,0.0358,0.109,0.0462
1349,-118.465,33.805,0.0941,0.0271,0.2005,0.0744,0.0929,0.0392,0.2171,0.0754,0.1823,0.0607,0.0168,0.0126,0.066,0.0357,0.1093,0.0462
1350,-118.455,33.805,0.0955,0.0273,0.2081,0.0769,0.0919,0.0387,0.2157,0.0743,0.1826,0.0607,0.0168,0.0126,0.0657,0.0356,0.1096,0.0462
1351,-118.445,33.805,0.0969,0.0275,0.2163,0.0796,0.0908,0.0382,0.2145,0.0731,0.1828,0.0608,0.0168,0.0127,0.0655,0.0355,0.11,0.0463
1352,-118.435,33.805,0.0983,0.0278,0.225,0.0826,0.0895,0.0376,0.2133,0.0717,0.1829,0.0608,0.0168,0.0127,0.0652,0.0354,0.1128,0.0478
1353,-118.425,33.805,0.0998,0.028,0.247,0.0931,0.0985,0.0428,0.2362,0.0813,0.1829,0.0608,0.019,0.0148,0.0731,0.0412,0.1201,0.0518
1354,-118.415,33.805,0.123,0.0369,0.2805,0.1108,0.1107,0.05,0.2663,0.0944,0.2181,0.0788,0.0219,0.0178,0.0836,0.0491,0.1344,0.06
1355,-118.405,33.805,0.1598,0.0517,0.357,0.1551,0.1277,0.0607,0.3071,0.1137,0.273,0.109,0.0261,0.0222,0.0986,0.061,0.1606,0.0767
1356,-118.395,33.805,0.1678,0.0549,0.4039,0.1813,0.1367,0.0664,0.3288,0.1219,0.2816,0.1145,0.0281,0.0243,0.1063,0.0671,0.1759,0.0867
1357,-118.385,33.805,0.1698,0.0553,0.4212,0.1893,0.1378,0.0669,0.3313,0.1189,0.2817,0.1146,0.028,0.0241,0.1064,0.0674,0.1826,0.0913
1358,-118.375,33.805,0.172,0.0559,0.4415,0.1992,0.1427,0.0695,0.3336,0.116,0.282,0.1151,0.0279,0.0236,0.1064,0.0676,0.185,0.0927
1359,-118.365,33.805,0.1755,0.0571,0.4635,0.2106,0.1483,0.0725,0.3354,0.1134,0.2843,0.1168,0.0277,0.0229,0.1064,0.0677,0.1898,0.096
1360,-118.355,33.805,0.1815,0.0596,0.4912,0.2268,0.1535,0.075,0.3347,0.1127,0.2897,0.1208,0.0276,0.0225,0.1064,0.068,0.1939,0.0987
1361,-118.345,33.805,0.1836,0.0604,0.5174,0.2414,0.1582,0.0772,0.3321,0.112,0.2896,0.1209,0.0276,0.0223,0.1067,0.0684,0.1978,0.1013
1362,-118.335,33.805,0.1902,0.0635,0.5421,0.2545,0.1624,0.079,0.3277,0.1112,0.2948,0.1248,0.0276,0.0223,0.1071,0.0689,0.202,0.1042
1363,-118.325,33.805,0.1987,0.0677,0.5682,0.2694,0.1657,0.08,0.3205,0.1097,0.3012,0.1294,0.028,0.023,0.1079,0.0698,0.2082,0.1085
1364,-118.315,33.805,0.2052,0.0711,0.5937,0.284,0.1682,0.0806,0.3122,0.1075,0.303,0.131,0.0284,0.024,0.1087,0.0707,0.2124,0.1111
1365,-118.305,33.805,0.2111,0.0744,0.6147,0.2952,0.1682,0.0793,0.3013,0.103,0.3024,0.1309,0.0293,0.0258,0.109,0.0711,0.216,0.1134
1366,-118.295,33.805,0.2177,0.0783,0.6383,0.3108,0.1689,0.0786,0.2911,0.0988,0.3022,0.1311,0.0305,0.0282,0.11,0.0722,0.2201,0.116
1367,-118.285,33.805,0.2275,0.0843,0.6645,0.3309,0.1703,0.0782,0.2817,0.0949,0.3063,0.1345,0.032,0.0311,0.1118,0.074,0.227,0.1209
1368,-118.275,33.805,0.239,0.0916,0.6901,0.3531,0.1709,0.0775,0.2736,0.0924,0.3128,0.1399,0.0337,0.0341,0.1134,0.0757,0.2338,0.1259
1369,-118.265,33.805,0.2436,0.0955,0.7157,0.374,0.1702,0.076,0.2655,0.0904,0.3122,0.14,0.0351,0.0367,0.1142,0.0766,0.2371,0.1279
1370,-118.255,33.805,0.2427,0.0963,0.7409,0.3868,0.1643,0.0716,0.2565,0.089,0.307,0.1362,0.0354,0.0375,0.1112,0.0742,0.2376,0.1277
1371,-118.245,33.805,0.2412,0.097,0.7673,0.4149,0.1617,0.0695,0.2516,0.0902,0.3026,0.1329,0.0365,0.0391,0.1104,0.0737,0.2379,0.1275
1372,-118.235,33.805,0.2531,0.1066,0.7948,0.4584,0.1626,0.07,0.2507,0.094,0.3132,0.1413,0.0386,0.0417,0.1117,0.0752,0.2523,0.1393
1373,-118.225,33.805,0.2779,0.1259,0.8174,0.5019,0.1709,0.0751,0.259,0.1033,0.3384,0.1615,0.0429,0.0468,0.1178,0.0809,0.2668,0.1516
1374,-118.215,33.805,0.278,0.1279,0.8406,0.5439,0.1784,0.0798,0.2658,0.1117,0.3369,0.1604,0.047,0.0514,0.123,0.0858,0.2766,0.16
1375,-118.205,33.805,0.2786,0.1303,0.8716,0.5781,0.1742,0.0779,0.2568,0.1102,0.3366,0.1603,0.047,0.0507,0.1187,0.0822,0.2775,0.1602
1376,-118.195,33.805,0.2753,0.1297,0.9307,0.5846,0.1643,0.0727,0.2406,0.1038,0.3326,0.1573,0.0444,0.0469,0.1102,0.0749,0.2663,0.1493
1377,-118.185,33.805,0.2407,0.1066,1.0177,0.5633,0.1487,0.064,0.2175,0.0924,0.2951,0.1291,0.0391,0.0401,0.0974,0.0638,0.2489,0.134
1378,-118.175,33.805,0.2273,0.0988,1.0825,0.5771,0.1451,0.0624,0.2116,0.0911,0.2828,0.1201,0.0372,0.0378,0.0933,0.0604,0.2362,0.1229
1379,-118.165,33.805,0.2231,0.0973,1.1346,0.5946,0.1448,0.0627,0.2104,0.0925,0.2819,0.1195,0.0363,0.0368,0.0914,0.0591,0.2355,0.1219
1380,-118.155,33.805,0.2199,0.0966,1.1472,0.5956,0.1481,0.065,0.2147,0.0968,0.2839,0.1208,0.0365,0.0377,0.0922,0.0599,0.2401,0.1249
1381,-118.145,33.805,0.2311,0.1052,1.1187,0.6047,0.1588,0.072,0.2285,0.1073,0.3023,0.134,0.0388,0.0413,0.0979,0.0652,0.2551,0.1366
1382,-118.135,33.805,0.2495,0.1176,1.0492,0.6219,0.1769,0.0837,0.2519,0.124,0.3278,0.153,0.0432,0.0476,0.1087,0.0748,0.2717,0.1502
1383,-118.125,33.805,0.256,0.1198,1.0114,0.6023,0.1832,0.088,0.2606,0.1291,0.3369,0.16,0.0445,0.0492,0.1116,0.0778,0.2849,0.1612
1384,-118.115,33.805,0.2566,0.1163,0.9802,0.5747,0.1866,0.0903,0.266,0.1312,0.3371,0.16,0.0449,0.0496,0.1127,0.079,0.2875,0.1628
1385,-118.105,33.805,0.2578,0.1125,0.9495,0.5451,0.1873,0.0907,0.2698,0.1301,0.3365,0.1594,0.0446,0.0486,0.1121,0.0787,0.2896,0.1639
1386,-118.095,33.805,0.2598,0.1091,0.9186,0.5165,0.1882,0.0912,0.2743,0.1292,0.3362,0.1591,0.0445,0.0479,0.1117,0.0786,0.2917,0.1651
1387,-118.085,33.805,0.2625,0.1065,0.8877,0.489,0.1894,0.0917,0.2795,0.1286,0.3364,0.1595,0.0444,0.0474,0.1117,0.0788,0.2942,0.1668
1388,-118.075,33.805,0.2674,0.1056,0.8555,0.4654,0.1908,0.0924,0.2858,0.1289,0.3388,0.162,0.044,0.0475,0.1118,0.0793,0.2978,0.1698
1389,-118.065,33.805,0.2721,0.1056,0.8242,0.4422,0.1918,0.0928,0.2925,0.1294,0.3397,0.1633,0.0434,0.0474,0.1119,0.0795,0.3003,0.1719
1390,-118.055,33.805,0.2747,0.1047,0.7981,0.4172,0.191,0.0919,0.2993,0.1295,0.3376,0.1622,0.0426,0.0462,0.1109,0.0789,0.3016,0.1727
1391,-118.045,33.805,0.2754,0.1029,0.7723,0.3936,0.1895,0.0906,0.3063,0.1296,0.3339,0.1597,0.0417,0.0446,0.1096,0.0779,0.3021,0.1726
1392,-118.035,33.805,0.276,0.1013,0.7469,0.3714,0.1872,0.0888,0.3135,0.1296,0.3308,0.1578,0.0407,0.0425,0.108,0.0767,0.3023,0.1723
1393,-118.025,33.805,0.2771,0.1003,0.7212,0.3526,0.1855,0.0874,0.3222,0.1301,0.3293,0.1573,0.0401,0.0399,0.1071,0.0762,0.3035,0.1731
1394,-118.015,33.805,0.2772,0.0989,0.6955,0.3346,0.1839,0.086,0.3295,0.1307,0.3277,0.1566,0.0395,0.0371,0.1065,0.0759,0.305,0.1739
1395,-118.005,33.805,0.2765,0.0972,0.6696,0.3174,0.1824,0.0847,0.3286,0.1313,0.3259,0.1558,0.0388,0.0332,0.1062,0.0759,0.3067,0.1751
1396,-117.995,33.805,0.276,0.0957,0.6452,0.302,0.1807,0.0833,0.3232,0.1313,0.3248,0.1556,0.0385,0.0294,0.1058,0.0758,0.3088,0.1766
1397,-117.985,33.805,0.2759,0.0949,0.6221,0.2883,0.1789,0.0818,0.3133,0.1306,0.3234,0.1551,0.0385,0.0258,0.1055,0.0757,0.3106,0.1777
1398,-117.975,33.805,0.2756,0.0942,0.601,0.276,0.1762,0.0797,0.3023,0.1287,0.3202,0.1531,0.0408,0.0269,0.1047,0.0753,0.311,0.1775
1399,-117.965,33.805,0.2747,0.0932,0.5807,0.2644,0.1733,0.0775,0.2914,0.1266,0.3158,0.1503,0.0435,0.0292,0.1038,0.0748,0.311,0.1768
1400,-117.955,33.805,0.2741,0.0926,0.5624,0.2549,0.1703,0.0752,0.2821,0.1248,0.3122,0.1481,0.0455,0.0328,0.1032,0.0744,0.3111,0.1761
1401,-117.945,33.805,0.2737,0.0923,0.5444,0.2458,0.1676,0.0731,0.2756,0.1242,0.3091,0.1464,0.0471,0.036,0.1029,0.0744,0.3119,0.1762
1402,-117.935,33.805,0.2732,0.0921,0.5267,0.2369,0.1652,0.0711,0.2718,0.1247,0.3061,0.1448,0.0484,0.0389,0.103,0.0748,0.3132,0.1769
1403,-117.925,33.805,0.2738,0.0926,0.5092,0.2287,0.1632,0.0694,0.2699,0.1258,0.3045,0.1444,0.0497,0.0413,0.1036,0.0756,0.3149,0.178
1404,-117.915,33.805,0.2741,0.0931,0.4911,0.2198,0.161,0.0675,0.2678,0.1264,0.3027,0.1439,0.051,0.0433,0.104,0.0763,0.3165,0.179
1405,-117.905,33.805,0.2713,0.0918,0.4698,0.2071,0.1574,0.0651,0.263,0.124,0.2978,0.141,0.0518,0.0439,0.1034,0.076,0.3165,0.1784
1406,-117.895,33.805,0.2685,0.0908,0.4487,0.1948,0.1547,0.0634,0.2584,0.1212,0.2931,0.1382,0.0526,0.0441,0.103,0.0759,0.3161,0.1775
1407,-117.885,33.805,0.2661,0.0901,0.4281,0.1829,0.1527,0.0625,0.2539,0.118,0.2891,0.1361,0.0532,0.0439,0.1027,0.0759,0.316,0.1768
1408,-117.875,33.805,0.265,0.0902,0.4072,0.1707,0.1517,0.0628,0.2485,0.1135,0.2866,0.135,0.0528,0.0429,0.1021,0.0756,0.3151,0.1755
1409,-117.865,33.805,0.2583,0.0872,0.3863,0.1584,0.1509,0.0633,0.2424,0.1082,0.2784,0.1296,0.0519,0.0417,0.1012,0.075,0.3121,0.1719
1410,-117.855,33.805,0.2509,0.084,0.365,0.1459,0.1495,0.0637,0.2339,0.1006,0.2697,0.1238,0.0502,0.04,0.0993,0.0735,0.3072,0.1667
1411,-117.845,33.805,0.2452,0.0818,0.3468,0.1358,0.149,0.0646,0.2269,0.0941,0.2629,0.1196,0.0488,0.0388,0.0978,0.0723,0.3024,0.1617
1412,-117.835,33.805,0.2396,0.0797,0.3318,0.1282,0.1493,0.0659,0.2214,0.0886,0.2561,0.1154,0.0476,0.0381,0.0967,0.0714,0.2965,0.1556
1413,-117.825,33.805,0.2342,0.0779,0.3086,0.1157,0.1459,0.065,0.2131,0.0826,0.2495,0.1114,0.0454,0.037,0.0929,0.0682,0.2877,0.1471
1414,-117.815,33.805,0.2116,0.0676,0.2854,0.1032,0.14,0.0624,0.2024,0.0757,0.2253,0.0959,0.0424,0.0351,0.0874,0.0633,0.27,0.132
1415,-117.805,33.805,0.195,0.0606,0.2702,0.0962,0.1252,0.0544,0.1824,0.0656,0.2076,0.0853,0.0372,0.0307,0.0762,0.0533,0.2501,0.1163
1416,-117.795,33.805,0.1683,0.0497,0.259,0.0915,0.1219,0.053,0.1789,0.0641,0.1797,0.0695,0.0362,0.0301,0.0723,0.0499,0.2363,0.1056
1417,-117.785,33.805,0.176,0.0538,0.2517,0.0893,0.13,0.0582,0.1918,0.0711,0.1882,0.0746,0.0392,0.0333,0.0758,0.0532,0.2328,0.1028
1418,-117.775,33.805,0.1579,0.0469,0.254,0.0924,0.1323,0.0601,0.1967,0.0741,0.1704,0.0651,0.0404,0.0342,0.0757,0.0533,0.2344,0.1037
1419,-117.765,33.805,0.1819,0.0582,0.2522,0.0934,0.1314,0.06,0.1967,0.0748,0.197,0.0807,0.0406,0.0337,0.0736,0.0517,0.2359,0.1045
1420,-117.755,33.805,0.1581,0.0487,0.2214,0.0783,0.1202,0.0536,0.1817,0.0674,0.1736,0.0681,0.0372,0.0293,0.0657,0.0449,0.23,0.1004
1421,-117.745,33.805,0.1353,0.0397,0.203,0.07,0.1119,0.049,0.1705,0.0622,0.1512,0.056,0.0348,0.026,0.0597,0.0399,0.2182,0.0925
1422,-117.735,33.805,0.127,0.037,0.197,0.0684,0.1064,0.0461,0.1634,0.0592,0.1439,0.0527,0.0333,0.0237,0.0557,0.0366,0.2144,0.0899
1423,-117.725,33.805,0.123,0.036,0.1887,0.0654,0.1061,0.0462,0.1635,0.0597,0.1414,0.0518,0.0334,0.0229,0.0545,0.0357,0.2129,0.089
1424,-117.715,33.805,0.1199,0.0353,0.1808,0.0625,0.1068,0.0469,0.1649,0.0609,0.1399,0.0514,0.0337,0.0224,0.054,0.0354,0.2131,0.089
1425,-117.705,33.805,0.1175,0.0349,0.1772,0.0618,0.1074,0.0474,0.1657,0.0619,0.139,0.0513,0.0338,0.0218,0.0534,0.0351,0.2142,0.0895
1426,-117.695,33.805,0.1128,0.0336,0.1733,0.061,0.1076,0.0479,0.1656,0.0625,0.1356,0.0499,0.0337,0.0212,0.0527,0.0346,0.215,0.0899
1427,-117.685,33.805,0.1098,0.0329,0.1692,0.06,0.1076,0.0481,0.1649,0.0628,0.134,0.0494,0.0335,0.0206,0.0519,0.0341,0.2164,0.0906
1428,-117.675,33.805,0.1062,0.032,0.1649,0.0588,0.1076,0.0484,0.1637,0.0631,0.1317,0.0487,0.0331,0.0201,0.0513,0.0337,0.2178,0.0912
1429,-117.665,33.805,0.1033,0.0313,0.1608,0.0578,0.1075,0.0487,0.1623,0.0633,0.1302,0.0482,0.0328,0.0196,0.0506,0.0333,0.2193,0.0919
1430,-117.655,33.805,0.1006,0.0307,0.1574,0.0569,0.1071,0.0487,0.1599,0.0632,0.1286,0.0478,0.0322,0.0191,0.0499,0.0328,0.2206,0.0925
1431,-118.945,33.815,0.0478,0.0164,0.0676,0.0288,0.0891,0.0378,0.1756,0.0639,0.1001,0.0361,0.0126,0.0105,0.0751,0.0389,0.0933,0.0429
1432,-118.935,33.815,0.0485,0.0166,0.0688,0.0293,0.0897,0.0381,0.1769,0.0643,0.1015,0.0366,0.0127,0.0105,0.0751,0.0389,0.0936,0.0429
1433,-118.925,33.815,0.0491,0.0167,0.07,0.0297,0.0903,0.0383,0.1783,0.0648,0.103,0.037,0.0127,0.0105,0.075,0.0389,0.0939,0.043
1434,-118.915,33.815,0.0498,0.0169,0.0712,0.0302,0.0909,0.0385,0.1796,0.0652,0.1044,0.0374,0.0128,0.0105,0.0749,0.0388,0.0942,0.043
1435,-118.905,33.815,0.0505,0.0171,0.0725,0.0306,0.0915,0.0387,0.1809,0.0656,0.106,0.0379,0.0128,0.0106,0.0749,0.0388,0.0945,0.0431
1436,-118.895,33.815,0.0513,0.0173,0.0738,0.0311,0.0921,0.0389,0.1823,0.066,0.1075,0.0383,0.0129,0.0106,0.0748,0.0388,0.0948,0.0432
1437,-118.885,33.815,0.052,0.0175,0.0751,0.0316,0.0926,0.0391,0.1837,0.0664,0.1091,0.0388,0.013,0.0106,0.0747,0.0388,0.0951,0.0432
1438,-118.875,33.815,0.0527,0.0177,0.0765,0.0321,0.0932,0.0393,0.1852,0.0669,0.1107,0.0393,0.013,0.0106,0.0746,0.0387,0.0955,0.0433
1439,-118.865,33.815,0.0535,0.0179,0.0779,0.0326,0.0937,0.0395,0.1866,0.0673,0.1124,0.0398,0.0131,0.0107,0.0745,0.0387,0.0958,0.0434
1440,-118.855,33.815,0.0542,0.0181,0.0793,0.0332,0.0942,0.0397,0.1882,0.0678,0.1141,0.0403,0.0132,0.0107,0.0744,0.0386,0.0961,0.0435
1441,-118.845,33.815,0.055,0.0183,0.0808,0.0337,0.0948,0.0399,0.1898,0.0683,0.1158,0.0408,0.0133,0.0107,0.0743,0.0386,0.0965,0.0436
1442,-118.835,33.815,0.0558,0.0185,0.0823,0.0343,0.0952,0.04,0.1914,0.0688,0.1176,0.0413,0.0133,0.0108,0.0742,0.0386,0.0968,0.0436
1443,-118.825,33.815,0.0566,0.0187,0.0839,0.0348,0.0957,0.0402,0.193,0.0693,0.1195,0.0419,0.0134,0.0108,0.074,0.0385,0.0972,0.0437
1444,-118.815,33.815,0.0574,0.0189,0.0855,0.0354,0.0962,0.0404,0.1947,0.0698,0.1213,0.0425,0.0135,0.0108,0.0739,0.0385,0.0976,0.0438
1445,-118.805,33.815,0.0582,0.0191,0.0871,0.036,0.0966,0.0405,0.1965,0.0704,0.1232,0.043,0.0136,0.0109,0.0738,0.0384,0.098,0.0439
1446,-118.795,33.815,0.0591,0.0193,0.0888,0.0366,0.097,0.0407,0.1984,0.0709,0.1252,0.0436,0.0136,0.0109,0.0736,0.0384,0.0983,0.044
1447,-118.785,33.815,0.0599,0.0195,0.0905,0.0372,0.0974,0.0408,0.2002,0.0715,0.1272,0.0442,0.0137,0.0109,0.0735,0.0383,0.0987,0.0441
1448,-118.775,33.815,0.0608,0.0198,0.0923,0.0379,0.0977,0.041,0.2021,0.0721,0.1293,0.0449,0.0138,0.011,0.0733,0.0383,0.0991,0.0442
1449,-118.765,33.815,0.0617,0.02,0.0942,0.0386,0.0981,0.0411,0.204,0.0727,0.1313,0.0455,0.0139,0.011,0.0732,0.0382,0.0995,0.0443
1450,-118.755,33.815,0.0626,0.0202,0.0961,0.0392,0.0984,0.0412,0.2058,0.0733,0.1335,0.0462,0.014,0.0111,0.073,0.0382,0.0999,0.0444
1451,-118.745,33.815,0.0635,0.0204,0.098,0.0399,0.0987,0.0413,0.2077,0.0739,0.1357,0.0468,0.0141,0.0111,0.0729,0.0381,0.1003,0.0445
1452,-118.735,33.815,0.0644,0.0207,0.1,0.0407,0.0989,0.0414,0.2095,0.0744,0.1379,0.0475,0.0142,0.0112,0.0727,0.038,0.1008,0.0446
1453,-118.725,33.815,0.0653,0.0209,0.1022,0.0414,0.0992,0.0415,0.2113,0.075,0.1401,0.0482,0.0143,0.0112,0.0725,0.038,0.1012,0.0447
1454,-118.715,33.815,0.0663,0.0211,0.1043,0.0422,0.0994,0.0416,0.2132,0.0756,0.1424,0.0489,0.0144,0.0113,0.0724,0.0379,0.1016,0.0449
1455,-118.705,33.815,0.0673,0.0214,0.1066,0.043,0.0995,0.0417,0.215,0.0762,0.1447,0.0496,0.0145,0.0113,0.0722,0.0379,0.1021,0.045
1456,-118.695,33.815,0.0683,0.0216,0.1089,0.0438,0.0997,0.0418,0.2167,0.0767,0.147,0.0503,0.0146,0.0114,0.072,0.0378,0.1025,0.0451
1457,-118.685,33.815,0.0693,0.0219,0.1112,0.0446,0.0999,0.0418,0.2183,0.0772,0.1494,0.051,0.0147,0.0115,0.0718,0.0377,0.1029,0.0452
1458,-118.675,33.815,0.0703,0.0221,0.1137,0.0455,0.1,0.0419,0.2199,0.0778,0.1518,0.0518,0.0148,0.0115,0.0716,0.0377,0.1034,0.0453
1459,-118.665,33.815,0.0713,0.0224,0.1163,0.0464,0.1001,0.0419,0.2215,0.0783,0.1542,0.0525,0.0149,0.0116,0.0714,0.0376,0.1038,0.0455
1460,-118.655,33.815,0.0724,0.0226,0.119,0.0473,0.1002,0.042,0.2229,0.0788,0.1566,0.0532,0.015,0.0117,0.0712,0.0375,0.1042,0.0456
1461,-118.645,33.815,0.0734,0.0228,0.1218,0.0483,0.1002,0.042,0.2243,0.0792,0.159,0.054,0.0151,0.0117,0.071,0.0375,0.1047,0.0457
1462,-118.635,33.815,0.0745,0.0231,0.1246,0.0493,0.1003,0.0421,0.2256,0.0797,0.1614,0.0547,0.0152,0.0118,0.0708,0.0374,0.1051,0.0458
1463,-118.625,33.815,0.0756,0.0233,0.1277,0.0504,0.1003,0.0421,0.2267,0.0801,0.1638,0.0554,0.0153,0.0119,0.0706,0.0373,0.1055,0.0459
1464,-118.615,33.815,0.0767,0.0236,0.1308,0.0515,0.1003,0.0422,0.2277,0.0804,0.1661,0.0562,0.0154,0.0119,0.0704,0.0372,0.106,0.046
1465,-118.605,33.815,0.0778,0.0239,0.1341,0.0526,0.1002,0.0422,0.2285,0.0808,0.1685,0.0569,0.0155,0.012,0.0702,0.0372,0.1065,0.0461
1466,-118.595,33.815,0.079,0.0241,0.1376,0.0538,0.1002,0.0422,0.2292,0.081,0.1707,0.0576,0.0156,0.0121,0.0699,0.0371,0.1069,0.0462
1467,-118.585,33.815,0.0801,0.0244,0.1412,0.055,0.1001,0.0422,0.2298,0.0813,0.1729,0.0582,0.0157,0.0121,0.0697,0.037,0.1073,0.0463
1468,-118.575,33.815,0.0813,0.0246,0.145,0.0563,0.0999,0.0421,0.2305,0.0815,0.1751,0.0589,0.0158,0.0122,0.0695,0.0369,0.1077,0.0464
1469,-118.565,33.815,0.0824,0.0248,0.1489,0.0576,0.0997,0.0421,0.2311,0.0818,0.1772,0.0595,0.0159,0.0122,0.0692,0.0368,0.1081,0.0465
1470,-118.555,33.815,0.0836,0.0251,0.1531,0.0591,0.0995,0.0421,0.2315,0.082,0.1791,0.0601,0.016,0.0123,0.069,0.0367,0.1084,0.0466
1471,-118.545,33.815,0.0848,0.0253,0.1575,0.0606,0.0993,0.042,0.2315,0.082,0.181,0.0606,0.0161,0.0124,0.0688,0.0367,0.1088,0.0466
1472,-118.535,33.815,0.0861,0.0256,0.162,0.0621,0.099,0.0419,0.2312,0.082,0.1827,0.0612,0.0162,0.0124,0.0685,0.0366,0.1092,0.0467
1473,-118.525,33.815,0.0873,0.0258,0.167,0.0638,0.0986,0.0418,0.2305,0.0817,0.1843,0.0616,0.0163,0.0125,0.0683,0.0365,0.1095,0.0468
1474,-118.515,33.815,0.0886,0.0261,0.1722,0.0655,0.0982,0.0416,0.2296,0.0814,0.1858,0.0621,0.0164,0.0125,0.068,0.0364,0.1099,0.0468
1475,-118.505,33.815,0.0898,0.0263,0.1777,0.0674,0.0978,0.0414,0.2282,0.081,0.1871,0.0625,0.0165,0.0126,0.0678,0.0363,0.1102,0.0469
1476,-118.495,33.815,0.0912,0.0265,0.1836,0.0694,0.0972,0.0412,0.227,0.0804,0.1883,0.0628,0.0166,0.0126,0.0675,0.0362,0.1107,0.047
1477,-118.485,33.815,0.0925,0.0268,0.1898,0.0715,0.0966,0.041,0.2258,0.0799,0.1893,0.0631,0.0166,0.0126,0.0672,0.0361,0.111,0.047
1478,-118.475,33.815,0.0938,0.027,0.1967,0.0738,0.0959,0.0406,0.2245,0.0791,0.1903,0.0634,0.0167,0.0127,0.067,0.036,0.1114,0.0471
1479,-118.465,33.815,0.0952,0.0273,0.204,0.0763,0.0951,0.0403,0.2232,0.0783,0.191,0.0636,0.0167,0.0127,0.0667,0.0359,0.1119,0.0473
1480,-118.455,33.815,0.0966,0.0275,0.212,0.0791,0.0942,0.0399,0.2218,0.0773,0.1916,0.0639,0.0167,0.0127,0.0665,0.0358,0.1123,0.0474
1481,-118.445,33.815,0.0981,0.0277,0.2207,0.0821,0.0932,0.0394,0.2203,0.0762,0.1922,0.0641,0.0167,0.0127,0.0662,0.0357,0.1129,0.0476
1482,-118.435,33.815,0.0995,0.028,0.23,0.0853,0.0921,0.0389,0.2188,0.0749,0.1926,0.0643,0.0166,0.0127,0.0659,0.0357,0.1137,0.0479
1483,-118.425,33.815,0.101,0.0282,0.2406,0.0891,0.0924,0.0392,0.2209,0.075,0.1931,0.0645,0.0169,0.013,0.0668,0.0364,0.1161,0.0492
1484,-118.415,33.815,0.105,0.0295,0.2653,0.1015,0.098,0.0426,0.2341,0.0807,0.1975,0.0669,0.0181,0.0143,0.0718,0.0402,0.1229,0.0529
1485,-118.405,33.815,0.1363,0.042,0.3577,0.1558,0.1277,0.0607,0.2985,0.1127,0.246,0.0935,0.0243,0.0207,0.0951,0.0581,0.1563,0.0735
1486,-118.395,33.815,0.1684,0.0547,0.4131,0.1873,0.1433,0.0701,0.3304,0.1271,0.2956,0.1209,0.0272,0.0237,0.1067,0.0671,0.1777,0.0874
1487,-118.385,33.815,0.1713,0.0555,0.4313,0.196,0.1448,0.0709,0.3299,0.124,0.2971,0.1222,0.027,0.0233,0.1067,0.0673,0.1886,0.0949
1488,-118.375,33.815,0.1755,0.057,0.4555,0.2095,0.1514,0.0748,0.3328,0.1233,0.3005,0.1248,0.0272,0.023,0.1085,0.0689,0.1931,0.0979
1489,-118.365,33.815,0.1847,0.061,0.4817,0.2248,0.1592,0.0793,0.3362,0.1233,0.3102,0.1319,0.0276,0.0229,0.1107,0.0709,0.2018,0.1042
1490,-118.355,33.815,0.1954,0.0658,0.5121,0.2444,0.168,0.0845,0.3385,0.1245,0.3213,0.1404,0.0283,0.0233,0.1133,0.0734,0.2082,0.1088
1491,-118.345,33.815,0.1963,0.066,0.5387,0.2597,0.1735,0.0873,0.3349,0.123,0.3187,0.1387,0.0286,0.0234,0.114,0.0742,0.2125,0.1118
1492,-118.335,33.815,0.2012,0.0683,0.5615,0.2706,0.1756,0.0878,0.3255,0.1187,0.3197,0.1397,0.0284,0.0235,0.1127,0.0733,0.2151,0.1133
1493,-118.325,33.815,0.2085,0.072,0.5842,0.282,0.1767,0.0874,0.3148,0.1141,0.3218,0.1416,0.0286,0.0243,0.1119,0.0728,0.219,0.116
1494,-118.315,33.815,0.2138,0.0748,0.6065,0.2934,0.1773,0.0866,0.3037,0.1093,0.3195,0.1401,0.0289,0.0253,0.1112,0.0724,0.2217,0.1175
1495,-118.305,33.815,0.2203,0.0784,0.6271,0.3045,0.1767,0.085,0.2921,0.1038,0.3179,0.1394,0.0296,0.0269,0.111,0.0724,0.2247,0.1192
1496,-118.295,33.815,0.2294,0.0836,0.6502,0.3194,0.1773,0.0842,0.2821,0.0989,0.319,0.1405,0.0308,0.029,0.1119,0.0734,0.2287,0.1218
1497,-118.285,33.815,0.2404,0.0902,0.6757,0.3383,0.1794,0.0845,0.2736,0.0948,0.3224,0.1436,0.0325,0.0318,0.1139,0.0754,0.2352,0.1264
1498,-118.275,33.815,0.2529,0.0981,0.7016,0.359,0.1806,0.0842,0.2665,0.0919,0.3276,0.1482,0.0342,0.0348,0.1155,0.0771,0.2415,0.131
1499,-118.265,33.815,0.2587,0.1024,0.7278,0.38,0.1807,0.0833,0.26,0.0899,0.3262,0.1477,0.0357,0.0374,0.1164,0.0781,0.2455,0.1337
1500,-118.255,33.815,0.2603,0.1042,0.7549,0.401,0.1757,0.0793,0.2552,0.0907,0.3221,0.1446,0.0361,0.0383,0.114,0.0762,0.2484,0.1355
1501,-118.245,33.815,0.2646,0.1078,0.7803,0.4337,0.1787,0.0807,0.2601,0.0975,0.3217,0.1442,0.0387,0.042,0.117,0.0792,0.2532,0.1393
1502,-118.235,33.815,0.292,0.1283,0.804,0.4782,0.1896,0.0875,0.2745,0.1104,0.3458,0.1645,0.0435,0.0483,0.1256,0.0872,0.2674,0.1514
1503,-118.225,33.815,0.3047,0.1386,0.8312,0.5133,0.1921,0.0891,0.2769,0.1164,0.3541,0.1716,0.0459,0.0513,0.1275,0.0892,0.2773,0.1598
1504,-118.215,33.815,0.3108,0.1442,0.8619,0.5437,0.1906,0.0882,0.2739,0.1189,0.3555,0.1733,0.047,0.0525,0.1262,0.0883,0.2809,0.1625
1505,-118.205,33.815,0.3052,0.1407,0.9061,0.5608,0.1777,0.0804,0.2557,0.111,0.3459,0.1654,0.0443,0.0482,0.1161,0.0794,0.2775,0.1586
1506,-118.195,33.815,0.2782,0.1217,0.9638,0.5658,0.1658,0.0734,0.2388,0.1035,0.3156,0.1414,0.0414,0.044,0.1066,0.0712,0.2611,0.1434
1507,-118.185,33.815,0.2623,0.1118,1.0351,0.5587,0.1549,0.0672,0.2231,0.0963,0.3001,0.1299,0.0384,0.0398,0.0979,0.0638,0.2488,0.1325
1508,-118.175,33.815,0.2567,0.1095,1.091,0.5744,0.1528,0.0664,0.2199,0.096,0.2989,0.1289,0.0375,0.0387,0.0951,0.0616,0.2424,0.1268
1509,-118.165,33.815,0.2495,0.1061,1.1354,0.5909,0.1536,0.0673,0.2207,0.0978,0.2971,0.1277,0.0374,0.0386,0.0942,0.061,0.243,0.1267
1510,-118.155,33.815,0.2483,0.1064,1.1392,0.588,0.1593,0.0711,0.2284,0.1034,0.3023,0.1313,0.0384,0.0404,0.0965,0.0633,0.249,0.1309
1511,-118.145,33.815,0.2664,0.1196,1.1032,0.5922,0.1699,0.0781,0.2427,0.1132,0.3288,0.1513,0.0407,0.044,0.1022,0.0684,0.2671,0.1457
1512,-118.135,33.815,0.2757,0.1256,1.0274,0.6036,0.1855,0.0884,0.2637,0.1273,0.3441,0.163,0.0444,0.0492,0.1111,0.0766,0.2827,0.1586
1513,-118.125,33.815,0.2751,0.1233,0.9869,0.5794,0.1895,0.0911,0.2704,0.1303,0.3461,0.1646,0.0449,0.05,0.1126,0.0782,0.2906,0.1653
1514,-118.115,33.815,0.2749,0.1203,0.9538,0.5483,0.1911,0.0922,0.2743,0.1309,0.3469,0.1651,0.0448,0.0499,0.1126,0.0785,0.2928,0.1665
1515,-118.105,33.815,0.2764,0.1178,0.9219,0.519,0.1925,0.0931,0.2788,0.1311,0.3478,0.1659,0.0446,0.0495,0.1127,0.0788,0.2951,0.1679
1516,-118.095,33.815,0.2793,0.1162,0.8901,0.4913,0.1939,0.0939,0.2831,0.1312,0.3495,0.1674,0.0445,0.0492,0.1128,0.0791,0.2975,0.1695
1517,-118.085,33.815,0.2817,0.114,0.8583,0.4651,0.1953,0.0946,0.2873,0.1312,0.3496,0.1678,0.0445,0.0489,0.113,0.0795,0.3002,0.1714
1518,-118.075,33.815,0.2846,0.1126,0.8274,0.443,0.1965,0.0952,0.292,0.1316,0.3497,0.1683,0.0444,0.0488,0.113,0.0799,0.303,0.1736
1519,-118.065,33.815,0.2887,0.1124,0.7977,0.4216,0.1972,0.0955,0.2966,0.132,0.3503,0.1694,0.044,0.0484,0.1129,0.08,0.3055,0.1756
1520,-118.055,33.815,0.2899,0.1108,0.7727,0.3992,0.1958,0.0943,0.3009,0.1317,0.3475,0.1676,0.0432,0.0469,0.1116,0.0791,0.3065,0.1761
1521,-118.045,33.815,0.2903,0.1089,0.7483,0.378,0.1941,0.0929,0.3057,0.1315,0.3439,0.1652,0.0423,0.0452,0.1102,0.0781,0.3067,0.1757
1522,-118.035,33.815,0.2904,0.1071,0.7243,0.3581,0.192,0.0912,0.311,0.1316,0.3407,0.1632,0.0414,0.0432,0.1088,0.0771,0.3068,0.1753
1523,-118.025,33.815,0.2905,0.1055,0.7003,0.3414,0.1903,0.0897,0.3169,0.1321,0.3385,0.1621,0.0408,0.0406,0.108,0.0766,0.3081,0.1761
1524,-118.015,33.815,0.2899,0.1038,0.676,0.3254,0.1885,0.0883,0.3217,0.1326,0.3364,0.1611,0.0402,0.0377,0.1072,0.0762,0.3094,0.1768
1525,-118.005,33.815,0.2884,0.1017,0.6507,0.3089,0.1864,0.0865,0.3212,0.1327,0.3339,0.1598,0.0393,0.0336,0.1066,0.0758,0.3107,0.1775
1526,-117.995,33.815,0.2872,0.0998,0.6266,0.2938,0.1844,0.0849,0.3178,0.1324,0.3321,0.1589,0.0388,0.0299,0.1061,0.0756,0.3122,0.1784
1527,-117.985,33.815,0.2863,0.0984,0.6037,0.2801,0.1827,0.0835,0.3115,0.1319,0.3303,0.1581,0.0385,0.0264,0.1056,0.0755,0.3135,0.179
1528,-117.975,33.815,0.2849,0.097,0.5827,0.2679,0.18,0.0815,0.3025,0.1298,0.327,0.156,0.0404,0.0274,0.1048,0.075,0.3136,0.1785
1529,-117.965,33.815,0.2828,0.0953,0.5625,0.2563,0.1771,0.0793,0.2929,0.1273,0.3222,0.153,0.0428,0.0295,0.1038,0.0744,0.3133,0.1775
1530,-117.955,33.815,0.2808,0.0939,0.5441,0.2466,0.174,0.077,0.2836,0.1249,0.3178,0.1502,0.0451,0.0331,0.103,0.0738,0.3132,0.1767
1531,-117.945,33.815,0.2797,0.0931,0.5267,0.2378,0.1719,0.0753,0.2781,0.1245,0.3144,0.1483,0.047,0.0364,0.1028,0.074,0.314,0.1768
1532,-117.935,33.815,0.2797,0.0932,0.5101,0.2299,0.1707,0.0742,0.2761,0.126,0.3125,0.1477,0.0486,0.0394,0.1034,0.0748,0.3156,0.1777
1533,-117.925,33.815,0.2799,0.0935,0.493,0.2217,0.1689,0.0727,0.274,0.1269,0.3108,0.1473,0.0499,0.0416,0.1038,0.0754,0.3173,0.1788
1534,-117.915,33.815,0.2786,0.0931,0.4753,0.2127,0.1668,0.0711,0.2714,0.1272,0.3076,0.1458,0.0509,0.0433,0.104,0.0759,0.3188,0.1797
1535,-117.905,33.815,0.2759,0.092,0.455,0.2008,0.1638,0.0691,0.2668,0.1249,0.3032,0.1433,0.0517,0.0439,0.1037,0.0759,0.319,0.1794
1536,-117.895,33.815,0.273,0.0909,0.4349,0.1893,0.1615,0.0677,0.2622,0.1221,0.2989,0.1409,0.0523,0.0442,0.1035,0.0759,0.319,0.1789
1537,-117.885,33.815,0.2704,0.0902,0.4152,0.178,0.1597,0.0669,0.2574,0.1187,0.2952,0.1391,0.053,0.0442,0.1034,0.0761,0.3193,0.1787
1538,-117.875,33.815,0.2688,0.0901,0.3955,0.1665,0.1583,0.0667,0.2516,0.1138,0.2927,0.1381,0.0529,0.0435,0.1029,0.0759,0.3188,0.1777
1539,-117.865,33.815,0.2617,0.087,0.3758,0.1551,0.1569,0.0667,0.2451,0.1082,0.2844,0.1326,0.0525,0.0426,0.102,0.0754,0.3158,0.1742
1540,-117.855,33.815,0.2543,0.0838,0.3562,0.1437,0.1547,0.0665,0.2366,0.1008,0.2758,0.1269,0.0512,0.0412,0.1001,0.0738,0.3106,0.1686
1541,-117.845,33.815,0.2478,0.0813,0.3386,0.1339,0.1532,0.0667,0.2288,0.0937,0.2678,0.1218,0.05,0.0402,0.0984,0.0724,0.3047,0.1626
1542,-117.835,33.815,0.2414,0.079,0.3228,0.1256,0.1522,0.0672,0.2216,0.0869,0.2597,0.1167,0.0489,0.0396,0.0968,0.0712,0.2961,0.1542
1543,-117.825,33.815,0.2341,0.0762,0.2956,0.1105,0.1409,0.0615,0.2021,0.0748,0.2506,0.1109,0.0443,0.0358,0.0882,0.0635,0.2826,0.1418
1544,-117.815,33.815,0.1988,0.0603,0.2688,0.096,0.1294,0.0557,0.1837,0.0639,0.2127,0.0868,0.0397,0.032,0.0794,0.0556,0.2625,0.1252
1545,-117.805,33.815,0.1928,0.0585,0.2561,0.0905,0.1273,0.0551,0.1832,0.0645,0.2054,0.0829,0.0388,0.0318,0.0767,0.0533,0.2495,0.1147
1546,-117.795,33.815,0.1932,0.0597,0.2472,0.0872,0.1302,0.0574,0.1897,0.0686,0.2052,0.0833,0.0398,0.0333,0.077,0.0538,0.2425,0.1091
1547,-117.785,33.815,0.1937,0.0608,0.2422,0.086,0.1381,0.0626,0.2032,0.0762,0.2058,0.084,0.0427,0.0366,0.0804,0.057,0.2395,0.1065
1548,-117.775,33.815,0.1544,0.0446,0.2404,0.0868,0.1292,0.0577,0.1927,0.0713,0.166,0.0619,0.0401,0.0334,0.0735,0.0512,0.2318,0.101
1549,-117.765,33.815,0.1586,0.0472,0.2355,0.0859,0.118,0.0515,0.1786,0.0646,0.1719,0.0656,0.0367,0.0293,0.0654,0.0441,0.2294,0.0991
1550,-117.755,33.815,0.1413,0.0408,0.2122,0.0748,0.1123,0.0485,0.1718,0.0615,0.1554,0.0572,0.0352,0.0269,0.0609,0.0404,0.2245,0.0958
1551,-117.745,33.815,0.1356,0.0392,0.1956,0.0673,0.1091,0.047,0.1688,0.0603,0.1512,0.0554,0.0345,0.0254,0.058,0.0381,0.2168,0.0908
1552,-117.735,33.815,0.1311,0.0381,0.1855,0.0635,0.1087,0.047,0.1695,0.0609,0.1482,0.0542,0.0347,0.0246,0.0567,0.0372,0.2146,0.0894
1553,-117.725,33.815,0.1273,0.0372,0.1807,0.0623,0.1092,0.0475,0.1713,0.0621,0.1459,0.0535,0.0351,0.024,0.056,0.0367,0.2153,0.0897
1554,-117.715,33.815,0.1241,0.0365,0.1771,0.0616,0.1098,0.0481,0.1731,0.0633,0.1444,0.0531,0.0355,0.0234,0.0554,0.0364,0.2171,0.0906
1555,-117.705,33.815,0.1208,0.0358,0.174,0.0611,0.11,0.0485,0.1735,0.064,0.1427,0.0526,0.0355,0.0228,0.0546,0.0359,0.2191,0.0916
1556,-117.695,33.815,0.1165,0.0347,0.1698,0.0601,0.1098,0.0487,0.173,0.0643,0.1399,0.0516,0.0353,0.022,0.0537,0.0353,0.2197,0.0919
1557,-117.685,33.815,0.1123,0.0336,0.1648,0.0586,0.1094,0.0487,0.1716,0.0643,0.1371,0.0505,0.0348,0.0213,0.0528,0.0346,0.2203,0.0921
1558,-117.675,33.815,0.1076,0.0322,0.1607,0.0575,0.1088,0.0487,0.1695,0.064,0.1335,0.0491,0.0343,0.0206,0.0518,0.034,0.2211,0.0924
1559,-117.665,33.815,0.1046,0.0315,0.1568,0.0564,0.108,0.0485,0.1668,0.0635,0.132,0.0487,0.0336,0.0199,0.0508,0.0333,0.2223,0.0929
1560,-117.655,33.815,0.1009,0.0305,0.1529,0.0553,0.1065,0.0479,0.1625,0.0624,0.1294,0.0477,0.0326,0.0191,0.0495,0.0323,0.2233,0.0933
1561,-118.945,33.825,0.0481,0.0165,0.0678,0.0289,0.0905,0.0384,0.1789,0.0648,0.1008,0.0363,0.0127,0.0106,0.0761,0.0392,0.094,0.043
1562,-118.935,33.825,0.0488,0.0167,0.069,0.0294,0.0911,0.0386,0.1802,0.0652,0.1023,0.0367,0.0128,0.0106,0.076,0.0392,0.0943,0.0431
1563,-118.925,33.825,0.0494,0.0168,0.0702,0.0298,0.0918,0.0388,0.1815,0.0656,0.1037,0.0371,0.0128,0.0106,0.076,0.0392,0.0946,0.0431
1564,-118.915,33.825,0.0502,0.017,0.0714,0.0303,0.0924,0.039,0.1828,0.066,0.1053,0.0376,0.0129,0.0106,0.0759,0.0392,0.0949,0.0432
1565,-118.905,33.825,0.0509,0.0172,0.0727,0.0308,0.093,0.0393,0.1842,0.0664,0.1068,0.038,0.013,0.0106,0.0758,0.0391,0.0953,0.0432
1566,-118.895,33.825,0.0516,0.0174,0.074,0.0313,0.0936,0.0395,0.1856,0.0668,0.1084,0.0385,0.013,0.0107,0.0757,0.0391,0.0956,0.0433
1567,-118.885,33.825,0.0523,0.0176,0.0753,0.0318,0.0942,0.0397,0.187,0.0673,0.11,0.039,0.0131,0.0107,0.0756,0.0391,0.0959,0.0434
1568,-118.875,33.825,0.0531,0.0178,0.0767,0.0323,0.0947,0.0399,0.1884,0.0677,0.1117,0.0395,0.0131,0.0107,0.0755,0.039,0.0962,0.0435
1569,-118.865,33.825,0.0538,0.018,0.0781,0.0328,0.0953,0.0401,0.1899,0.0682,0.1134,0.04,0.0132,0.0107,0.0754,0.039,0.0966,0.0435
1570,-118.855,33.825,0.0546,0.0182,0.0796,0.0333,0.0958,0.0403,0.1915,0.0686,0.1152,0.0405,0.0133,0.0108,0.0753,0.039,0.0969,0.0436
1571,-118.845,33.825,0.0554,0.0184,0.0811,0.0339,0.0964,0.0405,0.1931,0.0691,0.117,0.0411,0.0134,0.0108,0.0752,0.0389,0.0973,0.0437
1572,-118.835,33.825,0.0562,0.0186,0.0826,0.0344,0.0969,0.0407,0.1947,0.0696,0.1189,0.0416,0.0134,0.0108,0.0751,0.0389,0.0977,0.0438
1573,-118.825,33.825,0.057,0.0188,0.0842,0.035,0.0974,0.0409,0.1964,0.0701,0.1208,0.0422,0.0135,0.0108,0.075,0.0388,0.098,0.0439
1574,-118.815,33.825,0.0578,0.019,0.0858,0.0356,0.0979,0.041,0.1982,0.0707,0.1227,0.0428,0.0136,0.0109,0.0748,0.0388,0.0984,0.044
1575,-118.805,33.825,0.0587,0.0193,0.0874,0.0362,0.0983,0.0412,0.2,0.0713,0.1247,0.0434,0.0137,0.0109,0.0747,0.0387,0.0988,0.0441
1576,-118.795,33.825,0.0595,0.0195,0.0891,0.0368,0.0987,0.0413,0.2019,0.0718,0.1268,0.044,0.0137,0.011,0.0745,0.0387,0.0992,0.0442
1577,-118.785,33.825,0.0604,0.0197,0.0909,0.0375,0.0992,0.0415,0.2038,0.0724,0.1289,0.0447,0.0138,0.011,0.0744,0.0386,0.0996,0.0443
1578,-118.775,33.825,0.0613,0.0199,0.0927,0.0381,0.0995,0.0416,0.2057,0.0731,0.131,0.0453,0.0139,0.011,0.0742,0.0386,0.1,0.0444
1579,-118.765,33.825,0.0622,0.0201,0.0945,0.0388,0.0999,0.0418,0.2077,0.0737,0.1333,0.046,0.014,0.0111,0.0741,0.0385,0.1004,0.0445
1580,-118.755,33.825,0.0631,0.0204,0.0965,0.0395,0.1002,0.0419,0.2097,0.0743,0.1355,0.0467,0.0141,0.0111,0.0739,0.0385,0.1009,0.0446
1581,-118.745,33.825,0.064,0.0206,0.0984,0.0402,0.1005,0.042,0.2117,0.0749,0.1378,0.0474,0.0142,0.0112,0.0738,0.0384,0.1013,0.0447
1582,-118.735,33.825,0.0649,0.0208,0.1005,0.0409,0.1008,0.0422,0.2137,0.0756,0.1401,0.0481,0.0143,0.0112,0.0736,0.0384,0.1017,0.0448
1583,-118.725,33.825,0.0659,0.0211,0.1026,0.0417,0.101,0.0423,0.2156,0.0762,0.1425,0.0489,0.0144,0.0113,0.0734,0.0383,0.1022,0.045
1584,-118.715,33.825,0.0669,0.0213,0.1048,0.0424,0.1013,0.0423,0.2176,0.0768,0.145,0.0496,0.0145,0.0114,0.0732,0.0382,0.1026,0.0451
1585,-118.705,33.825,0.0678,0.0215,0.107,0.0433,0.1015,0.0424,0.2195,0.0774,0.1474,0.0504,0.0146,0.0114,0.0731,0.0382,0.1031,0.0452
1586,-118.695,33.825,0.0689,0.0218,0.1093,0.0441,0.1016,0.0425,0.2214,0.078,0.15,0.0512,0.0147,0.0115,0.0729,0.0381,0.1035,0.0453
1587,-118.685,33.825,0.0699,0.022,0.1117,0.0449,0.1018,0.0426,0.2232,0.0786,0.1525,0.0519,0.0148,0.0115,0.0727,0.038,0.104,0.0455
1588,-118.675,33.825,0.0709,0.0223,0.1143,0.0458,0.1019,0.0427,0.225,0.0792,0.1551,0.0527,0.0149,0.0116,0.0725,0.038,0.1045,0.0456
1589,-118.665,33.825,0.072,0.0225,0.1169,0.0467,0.102,0.0427,0.2267,0.0798,0.1576,0.0535,0.015,0.0117,0.0723,0.0379,0.1049,0.0457
1590,-118.655,33.825,0.073,0.0228,0.1196,0.0477,0.1021,0.0428,0.2283,0.0803,0.1603,0.0544,0.0151,0.0117,0.0721,0.0378,0.1054,0.0459
1591,-118.645,33.825,0.0741,0.023,0.1223,0.0487,0.1022,0.0428,0.2298,0.0809,0.1629,0.0552,0.0152,0.0118,0.0719,0.0377,0.1058,0.046
1592,-118.635,33.825,0.0752,0.0233,0.1252,0.0497,0.1022,0.0429,0.2313,0.0814,0.1656,0.056,0.0153,0.0119,0.0716,0.0377,0.1063,0.0461
1593,-118.625,33.825,0.0763,0.0235,0.1283,0.0508,0.1023,0.0429,0.2325,0.0818,0.1682,0.0568,0.0154,0.012,0.0714,0.0376,0.1068,0.0463
1594,-118.615,33.825,0.0775,0.0238,0.1315,0.0519,0.1022,0.043,0.2337,0.0823,0.1707,0.0576,0.0155,0.012,0.0712,0.0375,0.1073,0.0464
1595,-118.605,33.825,0.0786,0.0241,0.1348,0.0531,0.1022,0.043,0.2348,0.0828,0.1733,0.0584,0.0156,0.0121,0.071,0.0374,0.1078,0.0465
1596,-118.595,33.825,0.0797,0.0243,0.1383,0.0543,0.1022,0.043,0.2358,0.0832,0.1759,0.0592,0.0157,0.0122,0.0707,0.0374,0.1082,0.0466
1597,-118.585,33.825,0.0809,0.0246,0.142,0.0555,0.1021,0.043,0.2367,0.0836,0.1784,0.0599,0.0158,0.0122,0.0705,0.0373,0.1087,0.0468
1598,-118.575,33.825,0.0821,0.0248,0.1459,0.0569,0.102,0.043,0.2376,0.0839,0.1808,0.0607,0.0159,0.0123,0.0703,0.0372,0.1092,0.0469
1599,-118.565,33.825,0.0833,0.0251,0.1499,0.0583,0.1018,0.043,0.2383,0.0843,0.1832,0.0614,0.016,0.0124,0.07,0.0371,0.1096,0.047
1600,-118.555,33.825,0.0845,0.0253,0.1542,0.0598,0.1016,0.043,0.2388,0.0846,0.1854,0.0621,0.0161,0.0124,0.0698,0.037,0.11,0.0471
1601,-118.545,33.825,0.0857,0.0256,0.1587,0.0613,0.1013,0.0429,0.2389,0.0847,0.1876,0.0628,0.0162,0.0125,0.0695,0.0369,0.1105,0.0472
1602,-118.535,33.825,0.0869,0.0258,0.1634,0.063,0.1011,0.0429,0.2386,0.0848,0.1897,0.0634,0.0163,0.0126,0.0693,0.0368,0.1109,0.0473
1603,-118.525,33.825,0.0882,0.026,0.1685,0.0647,0.1007,0.0428,0.2378,0.0846,0.1916,0.064,0.0164,0.0126,0.069,0.0368,0.1114,0.0474
1604,-118.515,33.825,0.0895,0.0263,0.1739,0.0665,0.1004,0.0427,0.2367,0.0844,0.1934,0.0645,0.0165,0.0127,0.0688,0.0367,0.1118,0.0475
1605,-118.505,33.825,0.0908,0.0265,0.1796,0.0686,0.0999,0.0425,0.2352,0.0839,0.195,0.0651,0.0165,0.0127,0.0685,0.0366,0.1122,0.0476
1606,-118.495,33.825,0.0921,0.0268,0.1858,0.0707,0.0995,0.0423,0.2338,0.0835,0.1966,0.0655,0.0166,0.0127,0.0683,0.0365,0.1128,0.0478
1607,-118.485,33.825,0.0935,0.027,0.1923,0.0729,0.0989,0.0421,0.2325,0.083,0.198,0.066,0.0166,0.0128,0.068,0.0364,0.1133,0.0479
1608,-118.475,33.825,0.0949,0.0272,0.1996,0.0755,0.0983,0.0419,0.2311,0.0823,0.1992,0.0664,0.0167,0.0128,0.0677,0.0363,0.1138,0.0481
1609,-118.465,33.825,0.0963,0.0275,0.2071,0.0781,0.0976,0.0416,0.2297,0.0816,0.2003,0.0668,0.0167,0.0128,0.0675,0.0362,0.1144,0.0483
1610,-118.455,33.825,0.0977,0.0277,0.2156,0.0811,0.0969,0.0412,0.2281,0.0807,0.2013,0.0672,0.0166,0.0128,0.0672,0.0361,0.115,0.0486
1611,-118.445,33.825,0.0992,0.028,0.2248,0.0844,0.0961,0.0409,0.2265,0.0796,0.2022,0.0675,0.0166,0.0127,0.0669,0.036,0.1158,0.0489
1612,-118.435,33.825,0.1007,0.0282,0.2346,0.0879,0.0953,0.0405,0.2247,0.0784,0.203,0.0679,0.0165,0.0127,0.0667,0.0359,0.1167,0.0493
1613,-118.425,33.825,0.1022,0.0285,0.2458,0.092,0.0946,0.0401,0.2227,0.077,0.2038,0.0683,0.0164,0.0126,0.0664,0.0358,0.1177,0.0497
1614,-118.415,33.825,0.1038,0.0287,0.2711,0.1048,0.0996,0.0433,0.2323,0.0816,0.2045,0.0688,0.0173,0.0136,0.0703,0.0388,0.1188,0.0503
1615,-118.405,33.825,0.1296,0.0389,0.364,0.1597,0.1327,0.0634,0.2988,0.1162,0.2462,0.0919,0.0234,0.02,0.0945,0.0572,0.1507,0.0693
1616,-118.395,33.825,0.1683,0.0542,0.4207,0.1923,0.1504,0.0742,0.3309,0.1319,0.3091,0.1269,0.0263,0.0229,0.1067,0.0666,0.1772,0.0864
1617,-118.385,33.825,0.1724,0.0556,0.4413,0.2028,0.1526,0.0754,0.3285,0.1287,0.3124,0.1295,0.026,0.0224,0.1068,0.0669,0.1946,0.0986
1618,-118.375,33.825,0.1798,0.0587,0.4705,0.221,0.1602,0.0801,0.3312,0.1292,0.3204,0.1355,0.0264,0.0222,0.1097,0.0695,0.2018,0.1037
1619,-118.365,33.825,0.1913,0.0637,0.5015,0.2412,0.169,0.0855,0.3346,0.1304,0.3331,0.1452,0.027,0.0221,0.113,0.0725,0.2135,0.1124
1620,-118.355,33.825,0.2026,0.0689,0.5329,0.2631,0.1781,0.0911,0.3352,0.1311,0.3447,0.1547,0.0277,0.0224,0.116,0.0752,0.2216,0.1185
1621,-118.345,33.825,0.2057,0.0702,0.5583,0.2776,0.1832,0.0938,0.3302,0.1286,0.3444,0.1549,0.0281,0.0228,0.1166,0.0759,0.2259,0.1215
1622,-118.335,33.825,0.2081,0.0712,0.5778,0.2849,0.1843,0.0935,0.3195,0.123,0.3405,0.1521,0.0282,0.0233,0.1149,0.0747,0.2266,0.1216
1623,-118.325,33.825,0.2129,0.0736,0.5955,0.2909,0.1836,0.0919,0.3074,0.1169,0.3362,0.1491,0.0284,0.0242,0.1133,0.0735,0.2273,0.1216
1624,-118.315,33.825,0.22,0.0774,0.6136,0.2979,0.1828,0.0902,0.2956,0.111,0.3333,0.1472,0.0288,0.0254,0.1119,0.0725,0.2288,0.122
1625,-118.305,33.825,0.2296,0.0826,0.6355,0.3106,0.1832,0.0894,0.2865,0.1063,0.3333,0.1476,0.0297,0.0272,0.1122,0.073,0.2319,0.1238
1626,-118.295,33.825,0.2418,0.0895,0.659,0.3256,0.1843,0.0891,0.2784,0.1021,0.336,0.1502,0.031,0.0294,0.1131,0.074,0.2365,0.127
1627,-118.285,33.825,0.2527,0.0959,0.684,0.343,0.186,0.0892,0.2714,0.0985,0.337,0.1515,0.0325,0.0319,0.1145,0.0754,0.2418,0.1306
1628,-118.275,33.825,0.2615,0.1014,0.7094,0.3596,0.1888,0.0901,0.2679,0.0976,0.336,0.1513,0.0344,0.035,0.1167,0.0776,0.2467,0.134
1629,-118.265,33.825,0.2689,0.1063,0.7356,0.379,0.1921,0.0914,0.2667,0.0985,0.3344,0.1506,0.0365,0.0383,0.1194,0.0803,0.2527,0.1385
1630,-118.255,33.825,0.2819,0.115,0.7646,0.4124,0.1971,0.0945,0.2733,0.1057,0.3412,0.1561,0.0394,0.0426,0.1238,0.0846,0.2612,0.1453
1631,-118.245,33.825,0.3093,0.1348,0.7883,0.4513,0.2022,0.0975,0.2806,0.1136,0.3624,0.1749,0.0424,0.0469,0.1282,0.0889,0.2745,0.1567
1632,-118.235,33.825,0.3258,0.1474,0.8068,0.4957,0.2075,0.1004,0.2886,0.122,0.3718,0.1837,0.0455,0.0513,0.1326,0.0932,0.2839,0.1651
1633,-118.225,33.825,0.3318,0.1513,0.8368,0.5224,0.2046,0.098,0.2856,0.1241,0.3694,0.1816,0.0463,0.0523,0.1307,0.0917,0.2875,0.1679
1634,-118.215,33.825,0.3362,0.1539,0.8738,0.54,0.1982,0.0936,0.2779,0.1232,0.3651,0.1779,0.0459,0.0516,0.1262,0.0878,0.2849,0.1647
1635,-118.205,33.825,0.3265,0.1456,0.9339,0.5313,0.1832,0.0839,0.2582,0.1141,0.3476,0.1633,0.0427,0.047,0.1151,0.078,0.2757,0.1553
1636,-118.195,33.825,0.2997,0.1258,0.9885,0.5336,0.171,0.0764,0.2421,0.1067,0.3163,0.1388,0.0401,0.0431,0.106,0.0701,0.2556,0.1374
1637,-118.185,33.825,0.2933,0.1226,1.0376,0.5469,0.1618,0.0711,0.2296,0.101,0.3126,0.1362,0.038,0.04,0.0988,0.0642,0.2493,0.1315
1638,-118.175,33.825,0.2863,0.1196,1.079,0.5627,0.1606,0.0706,0.2283,0.1008,0.3131,0.1365,0.0378,0.0393,0.0968,0.0626,0.2495,0.1312
1639,-118.165,33.825,0.2781,0.1158,1.1124,0.5755,0.1616,0.0715,0.2301,0.1021,0.3134,0.1366,0.0381,0.0394,0.0962,0.0623,0.2511,0.1321
1640,-118.155,33.825,0.2721,0.1128,1.1148,0.5717,0.1656,0.0742,0.236,0.1057,0.3152,0.1378,0.0388,0.0406,0.0974,0.0636,0.2566,0.136
1641,-118.145,33.825,0.288,0.1247,1.08,0.5724,0.1761,0.0812,0.2507,0.1149,0.3399,0.1571,0.0411,0.0441,0.1029,0.0687,0.2738,0.1503
1642,-118.135,33.825,0.2978,0.131,1.0081,0.5777,0.1932,0.0925,0.2743,0.1299,0.3562,0.1699,0.0451,0.05,0.1126,0.0774,0.2884,0.1626
1643,-118.125,33.825,0.2953,0.1279,0.9664,0.5517,0.1967,0.0949,0.2818,0.1327,0.3575,0.1709,0.0455,0.0509,0.114,0.0789,0.2954,0.1684
1644,-118.115,33.825,0.2944,0.1251,0.9308,0.5201,0.1974,0.0953,0.2861,0.1329,0.3582,0.1715,0.0453,0.0507,0.1137,0.0789,0.2976,0.1698
1645,-118.105,33.825,0.2954,0.1234,0.8954,0.4928,0.1982,0.0957,0.2906,0.1331,0.3596,0.1727,0.0451,0.0503,0.1135,0.079,0.3005,0.1719
1646,-118.095,33.825,0.2984,0.1227,0.8612,0.4672,0.199,0.0961,0.2936,0.133,0.3615,0.1746,0.0451,0.0501,0.1133,0.0792,0.3035,0.1741
1647,-118.085,33.825,0.301,0.1215,0.8281,0.4433,0.1999,0.0966,0.2951,0.1327,0.362,0.1753,0.0452,0.0499,0.1132,0.0793,0.3062,0.176
1648,-118.075,33.825,0.3028,0.1199,0.8001,0.4218,0.2008,0.0971,0.2967,0.1327,0.3607,0.1746,0.0452,0.0497,0.1132,0.0795,0.308,0.1772
1649,-118.065,33.825,0.3053,0.1192,0.7734,0.4011,0.2015,0.0974,0.2985,0.1326,0.3599,0.1745,0.0451,0.0493,0.1129,0.0796,0.3099,0.1786
1650,-118.055,33.825,0.3064,0.1179,0.7487,0.3818,0.2006,0.0966,0.3012,0.1322,0.3577,0.1732,0.0445,0.048,0.1119,0.0789,0.311,0.1791
1651,-118.045,33.825,0.3061,0.1158,0.7249,0.3631,0.1992,0.0954,0.3045,0.1322,0.354,0.1707,0.0438,0.0465,0.1107,0.0781,0.3113,0.1789
1652,-118.035,33.825,0.3053,0.1135,0.7019,0.3452,0.1974,0.094,0.3085,0.1324,0.3503,0.1683,0.0432,0.0447,0.1095,0.0773,0.3114,0.1784
1653,-118.025,33.825,0.3046,0.1115,0.6792,0.3299,0.1958,0.0927,0.3137,0.1333,0.3473,0.1665,0.0429,0.0427,0.1088,0.0769,0.3123,0.1788
1654,-118.015,33.825,0.3039,0.1097,0.6562,0.315,0.1942,0.0913,0.3183,0.1343,0.3452,0.1654,0.0426,0.0403,0.1082,0.0766,0.3134,0.1793
1655,-118.005,33.825,0.3029,0.1077,0.6315,0.3,0.192,0.0895,0.3187,0.1348,0.3432,0.1645,0.042,0.0371,0.1075,0.0763,0.3145,0.1797
1656,-117.995,33.825,0.301,0.1054,0.6078,0.2856,0.1899,0.0878,0.3166,0.1347,0.3406,0.1631,0.0418,0.0343,0.1069,0.0759,0.3154,0.18
1657,-117.985,33.825,0.2984,0.1029,0.5851,0.2718,0.1878,0.0861,0.3122,0.1341,0.3374,0.1611,0.0419,0.0318,0.1063,0.0756,0.3159,0.1798
1658,-117.975,33.825,0.2959,0.1007,0.5646,0.2601,0.1853,0.0843,0.3053,0.1322,0.3338,0.159,0.0435,0.0326,0.1055,0.0752,0.316,0.1792
1659,-117.965,33.825,0.2931,0.0985,0.5449,0.2491,0.1828,0.0824,0.2978,0.13,0.3298,0.1565,0.0455,0.0342,0.1047,0.0747,0.3158,0.1785
1660,-117.955,33.825,0.29,0.0964,0.5266,0.2391,0.1801,0.0804,0.2899,0.1277,0.3254,0.1537,0.0472,0.037,0.1039,0.0743,0.3157,0.1776
1661,-117.945,33.825,0.2876,0.0949,0.51,0.2308,0.1781,0.0789,0.2848,0.127,0.3216,0.1516,0.0486,0.0394,0.1036,0.0743,0.3164,0.1776
1662,-117.935,33.825,0.2871,0.0946,0.495,0.2243,0.1769,0.0779,0.2823,0.1279,0.3194,0.1509,0.0497,0.0416,0.1039,0.0748,0.3179,0.1784
1663,-117.925,33.825,0.2851,0.0937,0.478,0.2155,0.1754,0.0766,0.2799,0.1287,0.3157,0.149,0.0506,0.0432,0.1043,0.0754,0.3194,0.1793
1664,-117.915,33.825,0.2834,0.0931,0.4603,0.206,0.1736,0.0752,0.277,0.129,0.3124,0.1474,0.0515,0.0445,0.1045,0.0759,0.3207,0.1801
1665,-117.905,33.825,0.2815,0.0926,0.4414,0.1955,0.1707,0.0732,0.2725,0.1268,0.3095,0.1462,0.0521,0.0449,0.1044,0.0761,0.3219,0.1807
1666,-117.895,33.825,0.2782,0.0913,0.4225,0.1849,0.1682,0.0717,0.2675,0.1237,0.3052,0.1439,0.0527,0.045,0.1042,0.0762,0.3223,0.1805
1667,-117.885,33.825,0.2752,0.0904,0.4035,0.174,0.166,0.0705,0.2619,0.1197,0.3017,0.1423,0.0533,0.0448,0.104,0.0763,0.3225,0.1804
1668,-117.875,33.825,0.271,0.0889,0.3844,0.1628,0.1642,0.07,0.2556,0.1148,0.297,0.1397,0.0535,0.0441,0.1035,0.076,0.3221,0.1795
1669,-117.865,33.825,0.2648,0.0864,0.3656,0.1519,0.1622,0.0696,0.2488,0.1093,0.2901,0.1353,0.0534,0.0433,0.1026,0.0755,0.3197,0.1767
1670,-117.855,33.825,0.2582,0.0838,0.3479,0.1418,0.1594,0.0689,0.2406,0.1023,0.2825,0.1305,0.0523,0.042,0.1006,0.0738,0.3145,0.1711
1671,-117.845,33.825,0.2498,0.0805,0.3305,0.132,0.1542,0.0668,0.2291,0.0936,0.2724,0.1238,0.0503,0.0401,0.0968,0.0706,0.3065,0.163
1672,-117.835,33.825,0.2409,0.077,0.3132,0.1225,0.1466,0.0635,0.2143,0.083,0.2611,0.1163,0.0472,0.0375,0.0914,0.0658,0.2933,0.1507
1673,-117.825,33.825,0.2128,0.0645,0.2838,0.1062,0.137,0.0588,0.198,0.0729,0.2296,0.0958,0.0435,0.0346,0.0844,0.0596,0.2732,0.133
1674,-117.815,33.825,0.1979,0.0587,0.2553,0.0906,0.1286,0.0549,0.1847,0.0648,0.212,0.0854,0.0402,0.0321,0.0781,0.054,0.2572,0.1202
1675,-117.805,33.825,0.1905,0.0564,0.2434,0.0856,0.1289,0.0557,0.187,0.0667,0.2026,0.0803,0.0402,0.0327,0.077,0.0533,0.2475,0.1124
1676,-117.795,33.825,0.1766,0.0514,0.2343,0.0822,0.1312,0.0576,0.1926,0.0701,0.187,0.0717,0.041,0.034,0.0771,0.0536,0.2422,0.108
1677,-117.785,33.825,0.175,0.0515,0.2282,0.0803,0.1357,0.0607,0.2014,0.0751,0.1854,0.0711,0.0426,0.036,0.0783,0.0548,0.2398,0.1058
1678,-117.775,33.825,0.1726,0.0514,0.22,0.0773,0.1309,0.0582,0.1971,0.0731,0.1843,0.071,0.0414,0.0343,0.0739,0.0511,0.236,0.1029
1679,-117.765,33.825,0.162,0.0478,0.2121,0.0745,0.125,0.055,0.1912,0.0701,0.175,0.0663,0.0398,0.032,0.0689,0.0469,0.2333,0.1009
1680,-117.755,33.825,0.1583,0.0471,0.2086,0.074,0.123,0.0542,0.1907,0.0699,0.1731,0.0657,0.0397,0.0309,0.0665,0.045,0.2312,0.0993
1681,-117.745,33.825,0.1453,0.0426,0.1991,0.0703,0.1221,0.054,0.1918,0.0704,0.1612,0.0599,0.0399,0.0299,0.0648,0.0437,0.2292,0.0977
1682,-117.735,33.825,0.1343,0.0389,0.1835,0.0636,0.1223,0.0545,0.1944,0.0716,0.1513,0.0552,0.0404,0.0292,0.0637,0.043,0.2259,0.0955
1683,-117.725,33.825,0.1306,0.0381,0.1779,0.0619,0.1169,0.0516,0.1874,0.0683,0.1494,0.0546,0.0388,0.0266,0.0598,0.0398,0.2246,0.0945
1684,-117.715,33.825,0.1265,0.037,0.1744,0.0612,0.1114,0.0486,0.1801,0.0649,0.1469,0.0538,0.0371,0.0241,0.056,0.0367,0.2237,0.0938
1685,-117.705,33.825,0.1229,0.0362,0.1711,0.0605,0.1112,0.0488,0.1803,0.0653,0.1451,0.0532,0.037,0.0233,0.0551,0.036,0.2232,0.0934
1686,-117.695,33.825,0.1192,0.0354,0.1662,0.0591,0.1108,0.0488,0.1795,0.0653,0.1432,0.0526,0.0366,0.0224,0.0541,0.0353,0.2244,0.0939
1687,-117.685,33.825,0.1129,0.0335,0.1599,0.0569,0.11,0.0486,0.1776,0.0649,0.138,0.0504,0.036,0.0215,0.0529,0.0346,0.2238,0.0934
1688,-117.675,33.825,0.1088,0.0324,0.1561,0.0559,0.1095,0.0486,0.1754,0.0645,0.1353,0.0495,0.0353,0.0208,0.0521,0.034,0.224,0.0933
1689,-117.665,33.825,0.1058,0.0317,0.1527,0.0551,0.1091,0.0487,0.1733,0.0643,0.1339,0.0492,0.0347,0.0201,0.0513,0.0334,0.225,0.0937
1690,-117.655,33.825,0.1021,0.0307,0.148,0.0536,0.1094,0.0491,0.1714,0.0644,0.1314,0.0483,0.0342,0.0197,0.0508,0.0332,0.226,0.094
1691,-118.945,33.835,0.0484,0.0166,0.0679,0.029,0.0919,0.0389,0.1821,0.0656,0.1014,0.0364,0.0128,0.0106,0.077,0.0396,0.0948,0.0431
1692,-118.935,33.835,0.0491,0.0168,0.0691,0.0295,0.0925,0.0391,0.1835,0.066,0.1029,0.0368,0.0129,0.0107,0.077,0.0396,0.0951,0.0432
1693,-118.925,33.835,0.0498,0.0169,0.0703,0.03,0.0932,0.0394,0.1848,0.0664,0.1044,0.0373,0.0129,0.0107,0.0769,0.0395,0.0954,0.0433
1694,-118.915,33.835,0.0505,0.0171,0.0716,0.0304,0.0939,0.0396,0.1861,0.0668,0.106,0.0377,0.013,0.0107,0.0768,0.0395,0.0957,0.0433
1695,-118.905,33.835,0.0512,0.0173,0.0729,0.0309,0.0945,0.0398,0.1875,0.0672,0.1075,0.0382,0.0131,0.0107,0.0767,0.0395,0.096,0.0434
1696,-118.895,33.835,0.0519,0.0175,0.0742,0.0314,0.0951,0.0401,0.1889,0.0676,0.1092,0.0387,0.0131,0.0107,0.0767,0.0394,0.0963,0.0434
1697,-118.885,33.835,0.0527,0.0177,0.0755,0.0319,0.0957,0.0403,0.1902,0.0681,0.1109,0.0392,0.0132,0.0107,0.0766,0.0394,0.0967,0.0435
1698,-118.875,33.835,0.0534,0.0179,0.0769,0.0324,0.0963,0.0405,0.1917,0.0685,0.1126,0.0397,0.0133,0.0108,0.0765,0.0394,0.097,0.0436
1699,-118.865,33.835,0.0542,0.0181,0.0783,0.0329,0.0969,0.0407,0.1932,0.069,0.1144,0.0402,0.0133,0.0108,0.0764,0.0393,0.0974,0.0437
1700,-118.855,33.835,0.055,0.0183,0.0798,0.0335,0.0975,0.0409,0.1948,0.0695,0.1162,0.0408,0.0134,0.0108,0.0762,0.0393,0.0977,0.0437
1701,-118.845,33.835,0.0558,0.0185,0.0813,0.034,0.098,0.0411,0.1964,0.07,0.1181,0.0414,0.0135,0.0108,0.0761,0.0393,0.0981,0.0438
1702,-118.835,33.835,0.0566,0.0187,0.0828,0.0346,0.0986,0.0413,0.198,0.0705,0.1201,0.0419,0.0135,0.0109,0.076,0.0392,0.0985,0.0439
1703,-118.825,33.835,0.0574,0.019,0.0844,0.0352,0.0991,0.0415,0.1998,0.071,0.122,0.0425,0.0136,0.0109,0.0759,0.0392,0.0988,0.044
1704,-118.815,33.835,0.0582,0.0192,0.086,0.0358,0.0996,0.0417,0.2016,0.0716,0.1241,0.0432,0.0137,0.0109,0.0757,0.0391,0.0992,0.0441
1705,-118.805,33.835,0.0591,0.0194,0.0877,0.0364,0.1001,0.0419,0.2035,0.0721,0.1262,0.0438,0.0138,0.011,0.0756,0.0391,0.0996,0.0442
1706,-118.795,33.835,0.06,0.0196,0.0894,0.037,0.1005,0.042,0.2054,0.0727,0.1283,0.0444,0.0138,0.011,0.0755,0.039,0.1,0.0443
1707,-118.785,33.835,0.0608,0.0198,0.0912,0.0377,0.1009,0.0422,0.2074,0.0733,0.1305,0.0451,0.0139,0.0111,0.0753,0.039,0.1004,0.0444
1708,-118.775,33.835,0.0617,0.02,0.093,0.0383,0.1014,0.0423,0.2094,0.074,0.1328,0.0458,0.014,0.0111,0.0752,0.0389,0.1008,0.0445
1709,-118.765,33.835,0.0626,0.0203,0.0949,0.039,0.1018,0.0425,0.2115,0.0747,0.1351,0.0465,0.0141,0.0111,0.075,0.0389,0.1013,0.0447
1710,-118.755,33.835,0.0636,0.0205,0.0968,0.0397,0.1021,0.0426,0.2136,0.0753,0.1375,0.0472,0.0142,0.0112,0.0748,0.0388,0.1017,0.0448
1711,-118.745,33.835,0.0645,0.0207,0.0988,0.0404,0.1024,0.0428,0.2157,0.076,0.14,0.048,0.0143,0.0113,0.0747,0.0387,0.1022,0.0449
1712,-118.735,33.835,0.0654,0.021,0.1008,0.0412,0.1027,0.0429,0.2179,0.0767,0.1424,0.0487,0.0144,0.0113,0.0745,0.0387,0.1026,0.045
1713,-118.725,33.835,0.0664,0.0212,0.103,0.0419,0.1029,0.043,0.2199,0.0774,0.1449,0.0495,0.0145,0.0114,0.0743,0.0386,0.1031,0.0452
1714,-118.715,33.835,0.0674,0.0215,0.1051,0.0427,0.1032,0.0431,0.222,0.078,0.1476,0.0503,0.0146,0.0114,0.0741,0.0385,0.1035,0.0453
1715,-118.705,33.835,0.0684,0.0217,0.1074,0.0435,0.1034,0.0432,0.2241,0.0787,0.1502,0.0512,0.0147,0.0115,0.0739,0.0385,0.1041,0.0454
1716,-118.695,33.835,0.0694,0.022,0.1097,0.0444,0.1036,0.0433,0.2261,0.0794,0.1529,0.052,0.0148,0.0116,0.0737,0.0384,0.1045,0.0456
1717,-118.685,33.835,0.0705,0.0222,0.1121,0.0452,0.1037,0.0434,0.2281,0.08,0.1557,0.0528,0.0149,0.0116,0.0735,0.0383,0.105,0.0457
1718,-118.675,33.835,0.0715,0.0225,0.1147,0.0461,0.1039,0.0434,0.2301,0.0807,0.1585,0.0537,0.015,0.0117,0.0733,0.0383,0.1055,0.0459
1719,-118.665,33.835,0.0726,0.0227,0.1173,0.0471,0.104,0.0435,0.232,0.0813,0.1613,0.0546,0.0151,0.0118,0.0731,0.0382,0.1061,0.046
1720,-118.655,33.835,0.0737,0.023,0.12,0.048,0.1041,0.0436,0.2338,0.0819,0.1641,0.0555,0.0152,0.0118,0.0729,0.0381,0.1065,0.0462
1721,-118.645,33.835,0.0748,0.0232,0.1228,0.049,0.1042,0.0436,0.2355,0.0825,0.167,0.0564,0.0153,0.0119,0.0727,0.038,0.107,0.0463
1722,-118.635,33.835,0.0759,0.0235,0.1257,0.0501,0.1043,0.0437,0.2371,0.0831,0.1699,0.0573,0.0154,0.012,0.0725,0.038,0.1075,0.0465
1723,-118.625,33.835,0.077,0.0237,0.1288,0.0512,0.1043,0.0438,0.2386,0.0837,0.1727,0.0582,0.0155,0.0121,0.0723,0.0379,0.1081,0.0466
1724,-118.615,33.835,0.0782,0.024,0.132,0.0523,0.1043,0.0438,0.24,0.0843,0.1756,0.0591,0.0156,0.0121,0.072,0.0378,0.1086,0.0468
1725,-118.605,33.835,0.0793,0.0243,0.1354,0.0535,0.1043,0.0439,0.2415,0.0848,0.1785,0.06,0.0157,0.0122,0.0718,0.0377,0.1091,0.0469
1726,-118.595,33.835,0.0805,0.0245,0.1389,0.0547,0.1042,0.0439,0.2428,0.0854,0.1813,0.0609,0.0159,0.0123,0.0716,0.0376,0.1096,0.0471
1727,-118.585,33.835,0.0817,0.0248,0.1426,0.056,0.1042,0.0439,0.244,0.086,0.1841,0.0617,0.016,0.0124,0.0713,0.0376,0.1102,0.0472
1728,-118.575,33.835,0.0829,0.025,0.1466,0.0574,0.104,0.0439,0.245,0.0864,0.1869,0.0626,0.016,0.0124,0.0711,0.0375,0.1107,0.0474
1729,-118.565,33.835,0.0841,0.0253,0.1507,0.0589,0.1039,0.0439,0.2459,0.0869,0.1895,0.0634,0.0161,0.0125,0.0708,0.0374,0.1112,0.0475
1730,-118.555,33.835,0.0853,0.0255,0.155,0.0604,0.1037,0.0439,0.2464,0.0873,0.1921,0.0642,0.0162,0.0126,0.0706,0.0373,0.1116,0.0476
1731,-118.545,33.835,0.0865,0.0258,0.1596,0.062,0.1035,0.0439,0.2466,0.0875,0.1946,0.065,0.0163,0.0126,0.0703,0.0372,0.1121,0.0478
1732,-118.535,33.835,0.0878,0.026,0.1644,0.0637,0.1032,0.0439,0.2463,0.0876,0.1971,0.0658,0.0164,0.0127,0.0701,0.0371,0.1127,0.0479
1733,-118.525,33.835,0.0891,0.0262,0.1697,0.0655,0.1029,0.0438,0.2453,0.0876,0.1994,0.0665,0.0165,0.0128,0.0698,0.037,0.1132,0.0481
1734,-118.515,33.835,0.0904,0.0265,0.1751,0.0675,0.1025,0.0437,0.2442,0.0874,0.2015,0.0672,0.0165,0.0128,0.0696,0.0369,0.1137,0.0482
1735,-118.505,33.835,0.0917,0.0267,0.181,0.0695,0.1022,0.0436,0.2425,0.087,0.2035,0.0678,0.0166,0.0128,0.0693,0.0369,0.1143,0.0484
1736,-118.495,33.835,0.093,0.027,0.1873,0.0718,0.1018,0.0435,0.2409,0.0866,0.2054,0.0684,0.0166,0.0129,0.069,0.0368,0.1149,0.0486
1737,-118.485,33.835,0.0944,0.0272,0.194,0.0741,0.1013,0.0433,0.2393,0.0862,0.2071,0.069,0.0167,0.0129,0.0688,0.0367,0.1155,0.0488
1738,-118.475,33.835,0.0958,0.0274,0.2015,0.0768,0.1008,0.0431,0.2378,0.0857,0.2088,0.0696,0.0167,0.0129,0.0685,0.0366,0.1161,0.0491
1739,-118.465,33.835,0.0973,0.0277,0.2093,0.0796,0.1002,0.0429,0.2363,0.0851,0.2103,0.0701,0.0167,0.0129,0.0682,0.0365,0.1169,0.0493
1740,-118.455,33.835,0.0988,0.028,0.2181,0.0828,0.0997,0.0427,0.2346,0.0842,0.2116,0.0706,0.0166,0.0128,0.0679,0.0364,0.1177,0.0497
1741,-118.445,33.835,0.1004,0.0282,0.2276,0.0862,0.0991,0.0424,0.2327,0.0833,0.2128,0.0712,0.0165,0.0128,0.0677,0.0363,0.1186,0.0501
1742,-118.435,33.835,0.1019,0.0285,0.2377,0.09,0.0986,0.0422,0.2306,0.0821,0.214,0.0717,0.0164,0.0127,0.0674,0.0362,0.1197,0.0506
1743,-118.425,33.835,0.1035,0.0287,0.2493,0.0943,0.0984,0.0421,0.2281,0.0807,0.2151,0.0723,0.0162,0.0126,0.0671,0.0361,0.1209,0.0512
1744,-118.415,33.835,0.1051,0.029,0.2752,0.1075,0.1041,0.0456,0.237,0.0855,0.2162,0.0729,0.017,0.0135,0.0709,0.039,0.1223,0.0519
1745,-118.405,33.835,0.1306,0.039,0.3692,0.1635,0.1387,0.0668,0.3016,0.1209,0.2591,0.0971,0.0228,0.0195,0.0947,0.057,0.1548,0.0713
1746,-118.395,33.835,0.169,0.0542,0.4273,0.1975,0.1575,0.0783,0.332,0.137,0.3239,0.1336,0.0256,0.0222,0.1068,0.0662,0.182,0.0891
1747,-118.385,33.835,0.1737,0.0558,0.4496,0.2094,0.1605,0.08,0.3283,0.134,0.3282,0.137,0.0253,0.0216,0.1073,0.0668,0.2004,0.1021
1748,-118.375,33.835,0.1821,0.0593,0.4778,0.2272,0.1688,0.0853,0.3304,0.135,0.3371,0.1438,0.0257,0.0214,0.1109,0.07,0.209,0.1083
1749,-118.365,33.835,0.1941,0.0647,0.5068,0.2459,0.1779,0.0912,0.3328,0.1365,0.3502,0.1543,0.0263,0.0213,0.1148,0.0735,0.2206,0.1171
1750,-118.355,33.835,0.2032,0.0688,0.5331,0.2626,0.1862,0.0963,0.3305,0.1359,0.359,0.1618,0.0269,0.0214,0.1174,0.0759,0.2282,0.1229
1751,-118.345,33.835,0.2071,0.0704,0.5558,0.2749,0.1905,0.0986,0.3238,0.1325,0.3602,0.1633,0.0274,0.022,0.1178,0.0764,0.2324,0.1258
1752,-118.335,33.835,0.2118,0.0727,0.575,0.2826,0.191,0.0979,0.3127,0.1262,0.3576,0.1616,0.0278,0.023,0.1161,0.0752,0.2337,0.1264
1753,-118.325,33.835,0.2187,0.0762,0.5932,0.2896,0.1892,0.0957,0.3003,0.1193,0.3525,0.158,0.0281,0.024,0.1141,0.0737,0.234,0.126
1754,-118.315,33.835,0.2281,0.0812,0.612,0.2974,0.1877,0.0936,0.2887,0.1129,0.3493,0.1559,0.0286,0.0253,0.1125,0.0725,0.2354,0.1265
1755,-118.305,33.835,0.2389,0.0871,0.6342,0.3099,0.1892,0.0935,0.2821,0.1093,0.3489,0.1561,0.0298,0.0274,0.1132,0.0734,0.2384,0.1281
1756,-118.295,33.835,0.252,0.0945,0.6587,0.3264,0.1905,0.0935,0.2761,0.106,0.3506,0.1579,0.031,0.0296,0.114,0.0743,0.2429,0.131
1757,-118.285,33.835,0.2643,0.1016,0.6854,0.3468,0.1918,0.0934,0.2705,0.1031,0.3508,0.1587,0.0323,0.0318,0.1148,0.0752,0.2486,0.135
1758,-118.275,33.835,0.2759,0.1086,0.7119,0.3753,0.197,0.0961,0.2719,0.105,0.3508,0.1594,0.0346,0.0353,0.1182,0.0785,0.2571,0.1415
1759,-118.265,33.835,0.2996,0.1247,0.738,0.4047,0.2041,0.1002,0.2768,0.1095,0.3653,0.1728,0.0375,0.0395,0.1231,0.0831,0.2687,0.1512
1760,-118.255,33.835,0.3262,0.144,0.763,0.4302,0.2167,0.1086,0.2916,0.121,0.3842,0.1903,0.0422,0.0464,0.1326,0.0921,0.2812,0.1621
1761,-118.245,33.835,0.3422,0.156,0.7881,0.4558,0.2212,0.1112,0.2974,0.1272,0.3912,0.1978,0.0449,0.0504,0.1364,0.0959,0.2903,0.1702
1762,-118.235,33.835,0.3489,0.1595,0.8134,0.4815,0.2175,0.1079,0.2944,0.1282,0.3882,0.1948,0.0456,0.0516,0.1344,0.0945,0.2907,0.1698
1763,-118.225,33.835,0.3516,0.1588,0.8421,0.5057,0.2114,0.1031,0.2884,0.1277,0.38,0.1867,0.0453,0.0513,0.1303,0.0909,0.2899,0.1684
1764,-118.215,33.835,0.3591,0.162,0.874,0.5261,0.2037,0.0974,0.2801,0.1257,0.375,0.1824,0.0444,0.0501,0.1249,0.0861,0.2873,0.1652
1765,-118.205,33.835,0.3576,0.1574,0.9176,0.5294,0.1901,0.0884,0.2633,0.1183,0.3601,0.1698,0.0419,0.0464,0.1153,0.0777,0.2813,0.1589
1766,-118.195,33.835,0.3412,0.1433,0.9631,0.5285,0.1792,0.0814,0.2497,0.1122,0.3352,0.1502,0.0399,0.0434,0.1075,0.071,0.2649,0.144
1767,-118.185,33.835,0.3251,0.1333,1.0103,0.5233,0.171,0.0764,0.2395,0.1073,0.3255,0.1428,0.0384,0.0412,0.1013,0.0659,0.2569,0.1367
1768,-118.175,33.835,0.3116,0.1268,1.0421,0.5307,0.1704,0.0762,0.2397,0.1071,0.3248,0.1422,0.0388,0.0408,0.0998,0.0648,0.2549,0.1346
1769,-118.165,33.835,0.3023,0.1226,1.0655,0.5389,0.1716,0.0771,0.2423,0.1081,0.3269,0.1437,0.0394,0.0409,0.0994,0.0647,0.2571,0.1359
1770,-118.155,33.835,0.2953,0.1192,1.0632,0.5379,0.174,0.0788,0.2467,0.1098,0.3293,0.1454,0.0398,0.0415,0.0996,0.0651,0.2623,0.1396
1771,-118.145,33.835,0.2994,0.1226,1.0332,0.5423,0.1838,0.0854,0.2609,0.1181,0.3419,0.155,0.0419,0.0448,0.1045,0.0696,0.2768,0.1516
1772,-118.135,33.835,0.3169,0.1352,0.9754,0.5519,0.2009,0.0967,0.2852,0.1328,0.3672,0.1759,0.0458,0.0508,0.114,0.0783,0.2917,0.1643
1773,-118.125,33.835,0.3182,0.1354,0.9365,0.5281,0.2038,0.0986,0.2935,0.1354,0.3733,0.1811,0.0463,0.0517,0.1153,0.0796,0.3024,0.1738
1774,-118.115,33.835,0.3163,0.1324,0.9016,0.4981,0.2039,0.0985,0.2984,0.1355,0.3735,0.1812,0.0461,0.0516,0.1148,0.0795,0.3045,0.1751
1775,-118.105,33.835,0.3157,0.1304,0.8672,0.4708,0.2038,0.0983,0.303,0.1354,0.3736,0.1814,0.046,0.0513,0.1143,0.0793,0.3068,0.1766
1776,-118.095,33.835,0.3169,0.1292,0.8347,0.4453,0.2039,0.0982,0.3045,0.135,0.3736,0.1817,0.046,0.051,0.1138,0.0791,0.3088,0.178
1777,-118.085,33.835,0.3182,0.1279,0.8043,0.4218,0.2041,0.0983,0.303,0.1342,0.3725,0.181,0.0462,0.0508,0.1133,0.079,0.3106,0.1791
1778,-118.075,33.835,0.3199,0.1268,0.7765,0.4014,0.2049,0.0987,0.3013,0.1335,0.3706,0.1798,0.0463,0.0505,0.1131,0.079,0.312,0.1798
1779,-118.065,33.835,0.3225,0.1267,0.7496,0.3821,0.2056,0.0991,0.3001,0.1329,0.37,0.1798,0.0464,0.0502,0.1128,0.079,0.3139,0.1812
1780,-118.055,33.835,0.3231,0.1256,0.7247,0.3648,0.2054,0.0988,0.3014,0.1327,0.368,0.1788,0.0461,0.0491,0.1121,0.0787,0.3153,0.1821
1781,-118.045,33.835,0.3228,0.1236,0.7008,0.3482,0.2045,0.0981,0.3037,0.1327,0.3647,0.1766,0.0458,0.048,0.1113,0.0782,0.3162,0.1824
1782,-118.035,33.835,0.322,0.1215,0.6778,0.3322,0.203,0.0969,0.3069,0.1332,0.3612,0.1743,0.0455,0.0466,0.1102,0.0775,0.3167,0.1822
1783,-118.025,33.835,0.3216,0.1196,0.6553,0.3178,0.2016,0.0958,0.312,0.1346,0.3583,0.1728,0.0455,0.0451,0.1097,0.0773,0.3175,0.1824
1784,-118.015,33.835,0.3206,0.1174,0.6329,0.3037,0.2002,0.0945,0.3167,0.1361,0.3556,0.1712,0.0455,0.0434,0.1092,0.0771,0.3181,0.1824
1785,-118.005,33.835,0.3184,0.1145,0.6097,0.2893,0.198,0.0927,0.3178,0.1371,0.3523,0.1692,0.0453,0.0412,0.1086,0.0768,0.3185,0.1821
1786,-117.995,33.835,0.3156,0.1114,0.5875,0.276,0.1956,0.0909,0.3169,0.1372,0.3489,0.167,0.0455,0.0395,0.1078,0.0763,0.3187,0.1816
1787,-117.985,33.835,0.3123,0.1083,0.5662,0.2636,0.1932,0.089,0.3141,0.1366,0.3454,0.1648,0.0461,0.0382,0.107,0.0759,0.3189,0.1812
1788,-117.975,33.835,0.3091,0.1055,0.5466,0.2525,0.191,0.0874,0.3093,0.1349,0.3422,0.163,0.0475,0.0389,0.1063,0.0755,0.3189,0.1805
1789,-117.965,33.835,0.3044,0.1021,0.5276,0.242,0.1888,0.0857,0.304,0.133,0.3374,0.16,0.0489,0.04,0.1057,0.0752,0.3187,0.1796
1790,-117.955,33.835,0.2998,0.099,0.5102,0.2327,0.1865,0.084,0.2977,0.131,0.3328,0.1571,0.05,0.0417,0.105,0.0749,0.3185,0.1787
1791,-117.945,33.835,0.2967,0.097,0.4945,0.2249,0.1846,0.0826,0.293,0.1301,0.3295,0.1554,0.0507,0.0432,0.1046,0.0748,0.3194,0.1789
1792,-117.935,33.835,0.2941,0.0956,0.4803,0.2186,0.1833,0.0816,0.2898,0.1301,0.3259,0.1536,0.051,0.0443,0.1046,0.075,0.3207,0.1795
1793,-117.925,33.835,0.2919,0.0946,0.4655,0.2115,0.182,0.0806,0.2868,0.1307,0.3223,0.1518,0.0516,0.0453,0.1049,0.0755,0.3223,0.1805
1794,-117.915,33.835,0.2913,0.0947,0.4496,0.2034,0.1804,0.0793,0.2837,0.1309,0.3201,0.1513,0.0522,0.046,0.1051,0.0761,0.3241,0.1817
1795,-117.905,33.835,0.2888,0.0938,0.4296,0.1917,0.1775,0.0772,0.279,0.1286,0.3167,0.1498,0.0527,0.0461,0.1051,0.0764,0.3253,0.1824
1796,-117.895,33.835,0.2844,0.092,0.4106,0.1806,0.1747,0.0754,0.2735,0.1254,0.3119,0.1472,0.0532,0.0459,0.105,0.0765,0.3257,0.1825
1797,-117.885,33.835,0.2805,0.0906,0.3924,0.1702,0.1721,0.0739,0.2672,0.1211,0.3081,0.1453,0.0538,0.0455,0.1048,0.0765,0.3263,0.1826
1798,-117.875,33.835,0.2757,0.0889,0.3748,0.1601,0.1699,0.0731,0.2605,0.1162,0.3035,0.1429,0.0542,0.0448,0.1041,0.0763,0.3264,0.1824
1799,-117.865,33.835,0.2699,0.0868,0.3573,0.1501,0.1676,0.0724,0.2536,0.111,0.2978,0.1396,0.0544,0.044,0.1032,0.0757,0.3252,0.1807
1800,-117.855,33.835,0.2621,0.0837,0.3395,0.1397,0.1643,0.0713,0.2458,0.1048,0.2893,0.134,0.0537,0.0429,0.1013,0.0741,0.3188,0.1739
1801,-117.845,33.835,0.2484,0.0778,0.3193,0.128,0.1561,0.0676,0.2315,0.095,0.2734,0.123,0.0509,0.0402,0.096,0.0694,0.3062,0.1616
1802,-117.835,33.835,0.2261,0.0681,0.2967,0.1149,0.1431,0.0611,0.2108,0.0817,0.2472,0.1055,0.0462,0.0361,0.0873,0.0616,0.2892,0.146
1803,-117.825,33.835,0.2078,0.0608,0.2737,0.1025,0.136,0.0579,0.1992,0.0744,0.225,0.0918,0.0436,0.0342,0.0824,0.0574,0.2702,0.1298
1804,-117.815,33.835,0.203,0.0597,0.2526,0.0915,0.1311,0.056,0.1914,0.0694,0.2175,0.0876,0.0418,0.0332,0.0787,0.0543,0.2604,0.1216
1805,-117.805,33.835,0.1975,0.0584,0.2414,0.0867,0.1311,0.0566,0.1927,0.0703,0.2099,0.0835,0.0416,0.0337,0.0776,0.0535,0.2533,0.1157
1806,-117.795,33.835,0.1926,0.0572,0.233,0.0834,0.1318,0.0575,0.1956,0.072,0.2034,0.0801,0.0419,0.0344,0.0767,0.0529,0.249,0.112
1807,-117.785,33.835,0.1879,0.0562,0.2274,0.0818,0.1334,0.0588,0.2,0.0745,0.1985,0.0777,0.0425,0.0352,0.0761,0.0526,0.2474,0.1103
1808,-117.775,33.835,0.1842,0.0556,0.2214,0.0798,0.134,0.0595,0.204,0.0762,0.1959,0.0767,0.0431,0.0356,0.075,0.0518,0.2481,0.1106
1809,-117.765,33.835,0.1785,0.0541,0.2157,0.0781,0.1346,0.0602,0.208,0.0778,0.1918,0.0748,0.0438,0.0357,0.0739,0.0509,0.2484,0.1104
1810,-117.755,33.835,0.1737,0.0529,0.2118,0.0772,0.1354,0.061,0.2125,0.0797,0.1889,0.0736,0.0448,0.0354,0.073,0.0504,0.2492,0.1106
1811,-117.745,33.835,0.169,0.0518,0.2056,0.0752,0.1359,0.0616,0.2164,0.0812,0.1862,0.0726,0.0456,0.0347,0.072,0.0496,0.2506,0.1114
1812,-117.735,33.835,0.1636,0.0503,0.1972,0.072,0.1359,0.062,0.2197,0.0824,0.1827,0.0712,0.0463,0.0338,0.0708,0.0488,0.2517,0.1118
1813,-117.725,33.835,0.1596,0.0495,0.1839,0.0662,0.1247,0.0557,0.2042,0.0747,0.1811,0.0708,0.0427,0.0293,0.0637,0.0429,0.2432,0.1057
1814,-117.715,33.835,0.1287,0.0375,0.1713,0.0606,0.1133,0.0493,0.1881,0.0667,0.1492,0.0543,0.0389,0.0248,0.0567,0.0371,0.2334,0.0991
1815,-117.705,33.835,0.124,0.0363,0.1667,0.0593,0.1126,0.0491,0.1877,0.0667,0.1462,0.0533,0.0387,0.0238,0.0555,0.0362,0.2264,0.0945
1816,-117.695,33.835,0.119,0.0349,0.1622,0.058,0.1117,0.0489,0.1863,0.0664,0.1428,0.052,0.0381,0.0228,0.0543,0.0354,0.227,0.0947
1817,-117.685,33.835,0.1146,0.0338,0.158,0.0567,0.1107,0.0486,0.1841,0.0656,0.1401,0.051,0.0373,0.0218,0.0532,0.0345,0.2275,0.0948
1818,-117.675,33.835,0.1102,0.0326,0.1502,0.0538,0.1093,0.0481,0.1804,0.0645,0.1373,0.05,0.0362,0.0208,0.0519,0.0336,0.2252,0.0932
1819,-117.665,33.835,0.1048,0.0311,0.1424,0.0508,0.1085,0.0479,0.177,0.0637,0.1331,0.0484,0.0352,0.0199,0.0508,0.0329,0.2223,0.0913
1820,-117.655,33.835,0.102,0.0305,0.1381,0.0494,0.1102,0.0492,0.1771,0.0648,0.132,0.0482,0.035,0.0197,0.0511,0.0333,0.2212,0.0905
1821,-118.945,33.845,0.0487,0.0167,0.0681,0.0291,0.0933,0.0395,0.1856,0.0664,0.102,0.0365,0.0129,0.0107,0.078,0.0399,0.0956,0.0433
1822,-118.935,33.845,0.0493,0.0169,0.0693,0.0296,0.094,0.0397,0.1869,0.0668,0.1035,0.0369,0.013,0.0107,0.078,0.0399,0.0959,0.0433
1823,-118.925,33.845,0.0501,0.017,0.0705,0.0301,0.0947,0.0399,0.1882,0.0672,0.1051,0.0374,0.013,0.0108,0.0779,0.0399,0.0961,0.0434
1824,-118.915,33.845,0.0508,0.0172,0.0718,0.0305,0.0954,0.0402,0.1895,0.0677,0.1067,0.0379,0.0131,0.0108,0.0778,0.0398,0.0965,0.0434
1825,-118.905,33.845,0.0515,0.0174,0.073,0.031,0.096,0.0404,0.1909,0.0681,0.1083,0.0383,0.0132,0.0108,0.0777,0.0398,0.0968,0.0435
1826,-118.895,33.845,0.0523,0.0176,0.0744,0.0315,0.0967,0.0407,0.1922,0.0685,0.11,0.0388,0.0132,0.0108,0.0776,0.0398,0.0971,0.0436
1827,-118.885,33.845,0.053,0.0178,0.0757,0.032,0.0973,0.0409,0.1937,0.0689,0.1117,0.0394,0.0133,0.0108,0.0775,0.0397,0.0974,0.0436
1828,-118.875,33.845,0.0538,0.018,0.0771,0.0326,0.0979,0.0411,0.1951,0.0694,0.1135,0.0399,0.0133,0.0108,0.0774,0.0397,0.0978,0.0437
1829,-118.865,33.845,0.0546,0.0182,0.0786,0.0331,0.0986,0.0413,0.1967,0.0698,0.1153,0.0404,0.0134,0.0109,0.0773,0.0397,0.0981,0.0438
1830,-118.855,33.845,0.0553,0.0184,0.08,0.0336,0.0992,0.0415,0.1982,0.0703,0.1173,0.041,0.0135,0.0109,0.0772,0.0396,0.0985,0.0439
1831,-118.845,33.845,0.0562,0.0187,0.0815,0.0342,0.0997,0.0418,0.1998,0.0708,0.1192,0.0416,0.0135,0.0109,0.0771,0.0396,0.0989,0.044
1832,-118.835,33.845,0.057,0.0189,0.0831,0.0348,0.1003,0.042,0.2015,0.0713,0.1212,0.0422,0.0136,0.0109,0.0769,0.0395,0.0992,0.0441
1833,-118.825,33.845,0.0578,0.0191,0.0847,0.0354,0.1009,0.0422,0.2032,0.0719,0.1233,0.0428,0.0137,0.011,0.0768,0.0395,0.0996,0.0441
1834,-118.815,33.845,0.0586,0.0193,0.0863,0.036,0.1014,0.0424,0.205,0.0724,0.1254,0.0435,0.0138,0.011,0.0767,0.0394,0.1,0.0442
1835,-118.805,33.845,0.0595,0.0195,0.088,0.0366,0.1019,0.0425,0.207,0.073,0.1276,0.0441,0.0138,0.011,0.0765,0.0394,0.1004,0.0444
1836,-118.795,33.845,0.0604,0.0197,0.0897,0.0372,0.1023,0.0427,0.2089,0.0736,0.1298,0.0448,0.0139,0.0111,0.0764,0.0393,0.1008,0.0445
1837,-118.785,33.845,0.0613,0.02,0.0915,0.0379,0.1028,0.0429,0.211,0.0742,0.1321,0.0455,0.014,0.0111,0.0762,0.0393,0.1013,0.0446
1838,-118.775,33.845,0.0622,0.0202,0.0933,0.0386,0.1033,0.0431,0.2131,0.0749,0.1345,0.0462,0.0141,0.0112,0.0761,0.0392,0.1017,0.0447
1839,-118.765,33.845,0.0631,0.0204,0.0952,0.0392,0.1037,0.0432,0.2153,0.0756,0.1369,0.047,0.0142,0.0112,0.0759,0.0392,0.1022,0.0448
1840,-118.755,33.845,0.064,0.0206,0.0971,0.0399,0.104,0.0434,0.2176,0.0763,0.1395,0.0478,0.0143,0.0113,0.0757,0.0391,0.1026,0.0449
1841,-118.745,33.845,0.065,0.0209,0.0991,0.0407,0.1044,0.0435,0.2198,0.0771,0.142,0.0485,0.0144,0.0113,0.0756,0.0391,0.1031,0.0451
1842,-118.735,33.845,0.0659,0.0211,0.1012,0.0414,0.1047,0.0436,0.2221,0.0778,0.1446,0.0494,0.0145,0.0114,0.0754,0.039,0.1035,0.0452
1843,-118.725,33.845,0.0669,0.0214,0.1033,0.0422,0.105,0.0438,0.2243,0.0785,0.1474,0.0502,0.0146,0.0114,0.0752,0.0389,0.104,0.0453
1844,-118.715,33.845,0.0679,0.0216,0.1055,0.043,0.1052,0.0439,0.2266,0.0793,0.1501,0.051,0.0147,0.0115,0.075,0.0389,0.1045,0.0455
1845,-118.705,33.845,0.069,0.0219,0.1077,0.0438,0.1055,0.044,0.2289,0.08,0.1529,0.0519,0.0148,0.0116,0.0748,0.0388,0.105,0.0456
1846,-118.695,33.845,0.07,0.0221,0.11,0.0446,0.1057,0.0441,0.2311,0.0807,0.1558,0.0528,0.0149,0.0116,0.0746,0.0387,0.1056,0.0458
1847,-118.685,33.845,0.0711,0.0224,0.1125,0.0455,0.1058,0.0442,0.2333,0.0814,0.1588,0.0537,0.015,0.0117,0.0744,0.0386,0.1061,0.046
1848,-118.675,33.845,0.0721,0.0226,0.115,0.0464,0.106,0.0443,0.2355,0.0822,0.1618,0.0547,0.0151,0.0118,0.0742,0.0386,0.1066,0.0461
1849,-118.665,33.845,0.0732,0.0229,0.1177,0.0474,0.1061,0.0443,0.2376,0.0829,0.1648,0.0556,0.0152,0.0119,0.074,0.0385,0.1071,0.0463
1850,-118.655,33.845,0.0743,0.0231,0.1204,0.0483,0.1062,0.0444,0.2395,0.0836,0.1679,0.0566,0.0153,0.0119,0.0738,0.0384,0.1077,0.0465
1851,-118.645,33.845,0.0754,0.0234,0.1232,0.0494,0.1063,0.0445,0.2415,0.0843,0.1711,0.0576,0.0154,0.012,0.0736,0.0383,0.1082,0.0466
1852,-118.635,33.845,0.0766,0.0237,0.1261,0.0504,0.1064,0.0446,0.2436,0.085,0.1742,0.0586,0.0156,0.0121,0.0733,0.0383,0.1088,0.0468
1853,-118.625,33.845,0.0777,0.0239,0.1293,0.0515,0.1064,0.0446,0.2455,0.0858,0.1774,0.0596,0.0157,0.0122,0.0731,0.0382,0.1093,0.047
1854,-118.615,33.845,0.0789,0.0242,0.1325,0.0527,0.1064,0.0447,0.2473,0.0865,0.1806,0.0606,0.0158,0.0123,0.0729,0.0381,0.1099,0.0471
1855,-118.605,33.845,0.0801,0.0245,0.1359,0.0539,0.1064,0.0448,0.249,0.0872,0.1838,0.0616,0.0159,0.0123,0.0726,0.038,0.1105,0.0473
1856,-118.595,33.845,0.0813,0.0247,0.1395,0.0552,0.1064,0.0448,0.2506,0.0879,0.1869,0.0626,0.016,0.0124,0.0724,0.0379,0.111,0.0475
1857,-118.585,33.845,0.0824,0.025,0.1432,0.0565,0.1063,0.0449,0.252,0.0885,0.19,0.0636,0.0161,0.0125,0.0722,0.0379,0.1116,0.0477
1858,-118.575,33.845,0.0837,0.0252,0.1472,0.0579,0.1062,0.0449,0.2531,0.0891,0.1931,0.0646,0.0162,0.0126,0.0719,0.0378,0.1122,0.0478
1859,-118.565,33.845,0.0849,0.0255,0.1513,0.0594,0.1061,0.0449,0.254,0.0897,0.1962,0.0655,0.0163,0.0127,0.0717,0.0377,0.1127,0.048
1860,-118.555,33.845,0.0861,0.0257,0.1558,0.061,0.106,0.045,0.2547,0.0901,0.1992,0.0665,0.0163,0.0127,0.0714,0.0376,0.1133,0.0482
1861,-118.545,33.845,0.0873,0.026,0.1604,0.0627,0.1057,0.045,0.2549,0.0905,0.2021,0.0674,0.0164,0.0128,0.0712,0.0375,0.1139,0.0484
1862,-118.535,33.845,0.0886,0.0262,0.1653,0.0644,0.1055,0.045,0.2547,0.0908,0.2048,0.0683,0.0165,0.0129,0.0709,0.0374,0.1145,0.0485
1863,-118.525,33.845,0.0899,0.0264,0.1706,0.0663,0.1052,0.0449,0.2536,0.0908,0.2075,0.0691,0.0166,0.0129,0.0706,0.0373,0.115,0.0487
1864,-118.515,33.845,0.0912,0.0267,0.1762,0.0683,0.1049,0.0449,0.2522,0.0907,0.2101,0.0699,0.0166,0.013,0.0704,0.0372,0.1157,0.0489
1865,-118.505,33.845,0.0925,0.0269,0.1822,0.0705,0.1046,0.0449,0.2504,0.0904,0.2124,0.0707,0.0167,0.013,0.0701,0.0371,0.1163,0.0491
1866,-118.495,33.845,0.0939,0.0272,0.1886,0.0728,0.1042,0.0448,0.2485,0.0901,0.2147,0.0715,0.0167,0.013,0.0698,0.037,0.117,0.0494
1867,-118.485,33.845,0.0953,0.0274,0.1954,0.0752,0.1038,0.0447,0.2466,0.0897,0.2168,0.0722,0.0167,0.013,0.0695,0.0369,0.1177,0.0496
1868,-118.475,33.845,0.0967,0.0276,0.2031,0.078,0.1034,0.0445,0.245,0.0893,0.2188,0.0729,0.0167,0.013,0.0693,0.0368,0.1185,0.0499
1869,-118.465,33.845,0.0983,0.0279,0.2111,0.0809,0.103,0.0444,0.2433,0.0889,0.2206,0.0736,0.0167,0.013,0.069,0.0367,0.1194,0.0503
1870,-118.455,33.845,0.0998,0.0282,0.2201,0.0843,0.1025,0.0442,0.2414,0.0882,0.2223,0.0743,0.0166,0.0129,0.0687,0.0366,0.1203,0.0507
1871,-118.445,33.845,0.1015,0.0285,0.2298,0.0879,0.1022,0.0441,0.2393,0.0873,0.2239,0.075,0.0165,0.0128,0.0684,0.0365,0.1214,0.0512
1872,-118.435,33.845,0.1032,0.0288,0.2402,0.0918,0.102,0.044,0.2369,0.0862,0.2255,0.0757,0.0164,0.0127,0.0681,0.0364,0.1226,0.0518
1873,-118.425,33.845,0.1049,0.0291,0.2521,0.0963,0.102,0.0439,0.234,0.0848,0.2269,0.0764,0.0161,0.0126,0.0678,0.0363,0.1244,0.0527
1874,-118.415,33.845,0.1067,0.0294,0.2783,0.1098,0.1082,0.0477,0.2426,0.0898,0.2283,0.0772,0.0169,0.0134,0.0717,0.0393,0.1276,0.0544
1875,-118.405,33.845,0.1327,0.0396,0.3731,0.1667,0.1443,0.07,0.3073,0.1267,0.2734,0.1029,0.0226,0.0193,0.0957,0.0574,0.1619,0.0753
1876,-118.395,33.845,0.1719,0.0551,0.4322,0.2016,0.1646,0.0825,0.338,0.1441,0.3417,0.1422,0.0253,0.022,0.1084,0.0671,0.1889,0.0932
1877,-118.385,33.845,0.1787,0.0578,0.4555,0.2146,0.1689,0.0851,0.3346,0.1419,0.349,0.1479,0.0251,0.0215,0.1097,0.0684,0.2069,0.106
1878,-118.375,33.845,0.1888,0.0622,0.4822,0.2314,0.1761,0.0898,0.3337,0.1415,0.3592,0.1561,0.0255,0.0213,0.1127,0.071,0.2162,0.1128
1879,-118.365,33.845,0.1997,0.0671,0.5087,0.248,0.1834,0.0945,0.3323,0.141,0.3694,0.1648,0.0259,0.0212,0.1156,0.0736,0.2265,0.1208
1880,-118.355,33.845,0.2077,0.0708,0.5305,0.2604,0.1886,0.0975,0.3256,0.1376,0.3754,0.1704,0.0263,0.0212,0.1165,0.0747,0.2331,0.126
1881,-118.345,33.845,0.2112,0.0723,0.5512,0.2711,0.1917,0.099,0.317,0.1329,0.3741,0.17,0.0268,0.0217,0.1166,0.0749,0.2375,0.1292
1882,-118.335,33.845,0.2179,0.0755,0.5709,0.2801,0.1928,0.0989,0.3065,0.1271,0.3732,0.1698,0.0274,0.0227,0.1156,0.0743,0.2404,0.1311
1883,-118.325,33.845,0.2274,0.0805,0.5899,0.2884,0.1933,0.0983,0.2966,0.1216,0.3713,0.1689,0.0282,0.0241,0.1149,0.0739,0.2424,0.1322
1884,-118.315,33.845,0.2379,0.0863,0.6093,0.297,0.1937,0.0977,0.2873,0.1165,0.3686,0.1672,0.029,0.0256,0.1144,0.0737,0.2437,0.1325
1885,-118.305,33.845,0.2491,0.0925,0.6305,0.308,0.1942,0.0971,0.2803,0.1126,0.3661,0.1657,0.0299,0.0274,0.1143,0.0738,0.2453,0.1328
1886,-118.295,33.845,0.2608,0.0991,0.6551,0.3244,0.195,0.0967,0.2747,0.1096,0.3639,0.1644,0.031,0.0294,0.1145,0.0742,0.248,0.1341
1887,-118.285,33.845,0.2768,0.1086,0.6829,0.346,0.1962,0.0965,0.2706,0.1075,0.3666,0.1673,0.0322,0.0315,0.115,0.0749,0.2536,0.1378
1888,-118.275,33.845,0.2992,0.1228,0.7088,0.3767,0.2076,0.1039,0.2806,0.115,0.3758,0.1764,0.0358,0.0367,0.1224,0.0817,0.2642,0.1461
1889,-118.265,33.845,0.3268,0.1421,0.7337,0.4065,0.2187,0.1111,0.2913,0.123,0.3933,0.1931,0.0394,0.0419,0.1297,0.0885,0.2732,0.1533
1890,-118.255,33.845,0.3352,0.147,0.7558,0.4233,0.2183,0.1098,0.291,0.1237,0.3919,0.1918,0.0407,0.0442,0.1298,0.0889,0.2786,0.1577
1891,-118.245,33.845,0.3411,0.1497,0.7824,0.4389,0.2114,0.1043,0.2835,0.1202,0.3878,0.1885,0.0405,0.0442,0.1257,0.0856,0.2791,0.1578
1892,-118.235,33.845,0.3384,0.145,0.8133,0.4534,0.198,0.0945,0.2688,0.1126,0.3744,0.1767,0.0387,0.042,0.1174,0.0786,0.2746,0.1533
1893,-118.225,33.845,0.3429,0.1453,0.8434,0.4789,0.1994,0.0948,0.272,0.117,0.3673,0.1708,0.0402,0.0441,0.1182,0.0794,0.2767,0.1546
1894,-118.215,33.845,0.3705,0.1627,0.8732,0.5046,0.2029,0.0967,0.2777,0.1232,0.3813,0.1835,0.0422,0.0468,0.1204,0.0814,0.2829,0.1594
1895,-118.205,33.845,0.3858,0.1706,0.9025,0.5207,0.2022,0.0962,0.2776,0.1264,0.3817,0.1846,0.0432,0.048,0.1195,0.0809,0.2887,0.1642
1896,-118.195,33.845,0.385,0.1666,0.9372,0.5222,0.1981,0.0934,0.2732,0.1256,0.3707,0.1756,0.0432,0.0478,0.1162,0.0782,0.2812,0.157
1897,-118.185,33.845,0.3611,0.1499,0.9772,0.5089,0.1904,0.0884,0.2646,0.121,0.3544,0.1622,0.0423,0.0461,0.1105,0.0734,0.2755,0.1514
1898,-118.175,33.845,0.3423,0.1395,0.999,0.5107,0.19,0.0881,0.2656,0.1209,0.3493,0.1582,0.0429,0.0463,0.1092,0.0725,0.2736,0.1493
1899,-118.165,33.845,0.3345,0.1365,1.0129,0.5147,0.1919,0.0894,0.2695,0.1225,0.3535,0.1615,0.0438,0.047,0.1092,0.0728,0.2768,0.1517
1900,-118.155,33.845,0.3311,0.136,1.007,0.5144,0.1975,0.0934,0.2782,0.1272,0.3601,0.1671,0.0451,0.0487,0.1114,0.075,0.2831,0.1567
1901,-118.145,33.845,0.3323,0.1376,0.9829,0.5177,0.2034,0.0974,0.2878,0.1323,0.3699,0.1748,0.0462,0.0505,0.1139,0.0774,0.2921,0.1642
1902,-118.135,33.845,0.3391,0.1428,0.9405,0.5245,0.2095,0.1014,0.2985,0.1376,0.3839,0.1866,0.0472,0.0524,0.1166,0.0801,0.3011,0.1718
1903,-118.125,33.845,0.3377,0.1416,0.9059,0.5027,0.2099,0.1015,0.3048,0.1387,0.3871,0.1895,0.0474,0.0528,0.1164,0.0802,0.308,0.1777
1904,-118.115,33.845,0.3351,0.1391,0.8729,0.4752,0.2092,0.1009,0.3101,0.1388,0.3871,0.1894,0.0474,0.0527,0.1157,0.0798,0.3099,0.1789
1905,-118.105,33.845,0.3342,0.1375,0.8401,0.4486,0.2087,0.1004,0.3155,0.1387,0.3872,0.1896,0.0478,0.0524,0.115,0.0795,0.3119,0.1803
1906,-118.095,33.845,0.3344,0.1363,0.8092,0.424,0.2084,0.1,0.3158,0.138,0.3865,0.1892,0.0479,0.052,0.1143,0.0791,0.3136,0.1813
1907,-118.085,33.845,0.3348,0.1351,0.7805,0.4013,0.2083,0.0998,0.3109,0.1366,0.3842,0.1875,0.0479,0.0515,0.1136,0.0788,0.315,0.182
1908,-118.075,33.845,0.3366,0.1347,0.7528,0.3821,0.2091,0.1004,0.3065,0.1352,0.3821,0.1862,0.0481,0.0511,0.1132,0.0787,0.3164,0.1828
1909,-118.065,33.845,0.3382,0.1343,0.7257,0.3641,0.21,0.101,0.303,0.1341,0.3802,0.1851,0.0483,0.0508,0.1129,0.0787,0.3181,0.184
1910,-118.055,33.845,0.3392,0.1336,0.7006,0.3484,0.2105,0.1013,0.3031,0.1338,0.3784,0.1843,0.0486,0.0503,0.1126,0.0787,0.3198,0.1851
1911,-118.045,33.845,0.3402,0.1328,0.6767,0.3334,0.2103,0.1011,0.3052,0.1343,0.3763,0.1833,0.0489,0.0497,0.1122,0.0786,0.3212,0.1859
1912,-118.035,33.845,0.3401,0.131,0.6538,0.3191,0.2093,0.1003,0.3093,0.1354,0.3731,0.1813,0.0491,0.0489,0.1115,0.0782,0.3221,0.1862
1913,-118.025,33.845,0.3394,0.1287,0.6319,0.3059,0.2081,0.0993,0.3148,0.1371,0.3695,0.1791,0.0493,0.048,0.1111,0.0781,0.3227,0.1861
1914,-118.015,33.845,0.3383,0.1262,0.6102,0.2928,0.2065,0.098,0.3197,0.1387,0.3662,0.1771,0.0494,0.0469,0.1105,0.0779,0.3228,0.1855
1915,-118.005,33.845,0.3351,0.1222,0.5883,0.279,0.2037,0.0958,0.3201,0.1393,0.3615,0.1738,0.0493,0.0456,0.1095,0.0772,0.3225,0.1845
1916,-117.995,33.845,0.3314,0.1183,0.5673,0.2664,0.2012,0.0939,0.3199,0.1395,0.3574,0.1711,0.0497,0.0447,0.1086,0.0767,0.3219,0.1832
1917,-117.985,33.845,0.3275,0.1145,0.547,0.2548,0.199,0.0922,0.3189,0.1393,0.3538,0.1688,0.0505,0.0443,0.1079,0.0763,0.3218,0.1824
1918,-117.975,33.845,0.3228,0.1105,0.5281,0.2444,0.1968,0.0906,0.3161,0.1379,0.3499,0.1665,0.0518,0.0452,0.1071,0.0759,0.3215,0.1815
1919,-117.965,33.845,0.3164,0.1059,0.5098,0.2343,0.1946,0.0889,0.3126,0.1362,0.345,0.1633,0.053,0.0463,0.1064,0.0755,0.3212,0.1804
1920,-117.955,33.845,0.3101,0.1016,0.4931,0.2255,0.1924,0.0872,0.308,0.1343,0.3402,0.1603,0.0532,0.0471,0.1057,0.0751,0.3209,0.1794
1921,-117.945,33.845,0.3053,0.0986,0.478,0.218,0.1908,0.0861,0.3043,0.1333,0.3367,0.1585,0.0532,0.0477,0.1055,0.0752,0.3219,0.1797
1922,-117.935,33.845,0.3025,0.0971,0.4643,0.2118,0.19,0.0853,0.3015,0.1333,0.3338,0.1573,0.0529,0.048,0.1058,0.0758,0.3235,0.1806
1923,-117.925,33.845,0.3011,0.0966,0.4506,0.2055,0.1885,0.0841,0.2976,0.1329,0.3309,0.1563,0.053,0.0482,0.1061,0.0763,0.3253,0.1817
1924,-117.915,33.845,0.2994,0.096,0.4359,0.1983,0.1866,0.0826,0.2931,0.1322,0.3275,0.1548,0.0531,0.0482,0.1062,0.0767,0.3269,0.1828
1925,-117.905,33.845,0.2959,0.0946,0.4163,0.1865,0.1832,0.0801,0.2873,0.1298,0.323,0.1525,0.0533,0.0477,0.106,0.0768,0.3279,0.1833
1926,-117.895,33.845,0.2918,0.0931,0.398,0.1757,0.1803,0.0781,0.2814,0.127,0.3187,0.1503,0.0538,0.0471,0.1059,0.077,0.3289,0.1839
1927,-117.885,33.845,0.2878,0.0918,0.381,0.1661,0.178,0.0768,0.2754,0.1237,0.3153,0.149,0.0545,0.0466,0.106,0.0773,0.33,0.1847
1928,-117.875,33.845,0.2829,0.0902,0.3647,0.1569,0.1759,0.076,0.269,0.1196,0.3116,0.1474,0.0554,0.0458,0.1055,0.0772,0.331,0.1853
1929,-117.865,33.845,0.277,0.0881,0.3485,0.1477,0.1738,0.0754,0.2624,0.1153,0.3068,0.1448,0.0561,0.0449,0.1048,0.0768,0.331,0.1851
1930,-117.855,33.845,0.2693,0.0853,0.3314,0.1377,0.1712,0.0748,0.2559,0.1103,0.2986,0.1395,0.056,0.0442,0.1034,0.0757,0.3259,0.1796
1931,-117.845,33.845,0.2547,0.0791,0.3106,0.1256,0.1662,0.0729,0.2464,0.1037,0.2807,0.127,0.0545,0.0429,0.1003,0.0731,0.315,0.1686
1932,-117.835,33.845,0.2418,0.074,0.2863,0.1112,0.1587,0.0697,0.234,0.0955,0.2638,0.1155,0.0518,0.0409,0.0954,0.0688,0.2988,0.1532
1933,-117.825,33.845,0.2198,0.0648,0.2668,0.1008,0.1487,0.0648,0.2196,0.0866,0.2375,0.0984,0.0483,0.0382,0.0889,0.0629,0.2783,0.1351
1934,-117.815,33.845,0.2134,0.0631,0.2497,0.0921,0.1396,0.0604,0.2068,0.0788,0.2281,0.093,0.045,0.0358,0.0827,0.0575,0.2682,0.1265
1935,-117.805,33.845,0.2035,0.0598,0.2399,0.0879,0.1369,0.0595,0.2043,0.0773,0.2158,0.0859,0.044,0.0355,0.08,0.0553,0.2616,0.1209
1936,-117.795,33.845,0.1999,0.0594,0.2323,0.085,0.1375,0.0604,0.2068,0.0784,0.2109,0.0835,0.0442,0.0363,0.079,0.0547,0.2584,0.1179
1937,-117.785,33.845,0.1963,0.0589,0.2271,0.0834,0.1414,0.063,0.2145,0.0822,0.2071,0.0818,0.0458,0.0381,0.0798,0.0556,0.258,0.1171
1938,-117.775,33.845,0.1906,0.0575,0.2219,0.0818,0.1394,0.0622,0.2147,0.0816,0.2022,0.0793,0.0455,0.0374,0.0773,0.0535,0.2566,0.1157
1939,-117.765,33.845,0.1817,0.0547,0.2168,0.0803,0.137,0.0611,0.2144,0.0806,0.1947,0.0755,0.0452,0.0364,0.0744,0.0511,0.2557,0.1145
1940,-117.755,33.845,0.1765,0.0534,0.2122,0.0789,0.1377,0.0618,0.2193,0.0821,0.1913,0.0741,0.0462,0.0362,0.0735,0.0506,0.2564,0.1146
1941,-117.745,33.845,0.1716,0.0523,0.2081,0.0778,0.1382,0.0625,0.2241,0.0836,0.1884,0.073,0.0474,0.0356,0.0726,0.0499,0.2588,0.116
1942,-117.735,33.845,0.1668,0.0511,0.2045,0.077,0.1386,0.063,0.2288,0.0849,0.1858,0.0721,0.0485,0.0347,0.0717,0.0493,0.2615,0.1175
1943,-117.725,33.845,0.162,0.05,0.1877,0.0692,0.1286,0.0575,0.2161,0.078,0.1834,0.0713,0.0456,0.0306,0.0654,0.044,0.2531,0.1113
1944,-117.715,33.845,0.1335,0.0389,0.1703,0.0611,0.1182,0.0516,0.202,0.0706,0.1544,0.0563,0.0423,0.0263,0.0589,0.0386,0.2417,0.1035
1945,-117.705,33.845,0.126,0.0367,0.1632,0.0584,0.1156,0.0504,0.1988,0.0691,0.1483,0.0538,0.0414,0.0246,0.0567,0.037,0.2324,0.0973
1946,-117.695,33.845,0.1219,0.0357,0.1579,0.0567,0.1139,0.0497,0.1962,0.0681,0.1462,0.0531,0.0404,0.0233,0.0552,0.0359,0.2313,0.0965
1947,-117.685,33.845,0.118,0.0348,0.1546,0.0558,0.1131,0.0496,0.1943,0.0674,0.1443,0.0525,0.0394,0.0223,0.0541,0.0351,0.2307,0.0958
1948,-117.675,33.845,0.111,0.0327,0.1426,0.0509,0.1057,0.0458,0.1802,0.0618,0.1386,0.0502,0.0359,0.0199,0.05,0.032,0.2223,0.0909
1949,-117.665,33.845,0.0961,0.0275,0.1306,0.0459,0.0983,0.0419,0.1656,0.056,0.1227,0.043,0.0324,0.0174,0.0458,0.0288,0.2127,0.0853
1950,-117.655,33.845,0.0918,0.0264,0.1266,0.0447,0.0968,0.0414,0.1606,0.0548,0.1197,0.042,0.0311,0.0166,0.0447,0.028,0.2093,0.0834
1951,-118.945,33.855,0.0489,0.0168,0.0682,0.0292,0.0948,0.04,0.1891,0.0673,0.1026,0.0366,0.013,0.0108,0.079,0.0403,0.0963,0.0434
1952,-118.935,33.855,0.0496,0.017,0.0694,0.0297,0.0955,0.0403,0.1904,0.0677,0.1041,0.037,0.0131,0.0108,0.0789,0.0402,0.0966,0.0434
1953,-118.925,33.855,0.0504,0.0171,0.0706,0.0302,0.0962,0.0405,0.1917,0.0681,0.1057,0.0375,0.0131,0.0108,0.0789,0.0402,0.0969,0.0435
1954,-118.915,33.855,0.0511,0.0173,0.0719,0.0306,0.0969,0.0408,0.193,0.0685,0.1073,0.038,0.0132,0.0108,0.0788,0.0402,0.0972,0.0435
1955,-118.905,33.855,0.0518,0.0175,0.0732,0.0311,0.0976,0.041,0.1943,0.069,0.109,0.0385,0.0133,0.0108,0.0787,0.0401,0.0975,0.0436
1956,-118.895,33.855,0.0526,0.0177,0.0745,0.0316,0.0983,0.0413,0.1957,0.0694,0.1107,0.039,0.0133,0.0109,0.0786,0.0401,0.0978,0.0437
1957,-118.885,33.855,0.0533,0.0179,0.0759,0.0322,0.0989,0.0415,0.1971,0.0698,0.1125,0.0395,0.0134,0.0109,0.0785,0.0401,0.0982,0.0437
1958,-118.875,33.855,0.0541,0.0181,0.0773,0.0327,0.0996,0.0417,0.1986,0.0702,0.1143,0.0401,0.0134,0.0109,0.0784,0.04,0.0985,0.0438
1959,-118.865,33.855,0.0549,0.0184,0.0788,0.0332,0.1003,0.042,0.2001,0.0707,0.1162,0.0406,0.0135,0.0109,0.0783,0.04,0.0989,0.0439
1960,-118.855,33.855,0.0557,0.0186,0.0802,0.0338,0.1009,0.0422,0.2017,0.0712,0.1182,0.0412,0.0136,0.0109,0.0782,0.04,0.0993,0.044
1961,-118.845,33.855,0.0565,0.0188,0.0818,0.0344,0.1015,0.0424,0.2033,0.0717,0.1202,0.0418,0.0136,0.011,0.078,0.0399,0.0996,0.0441
1962,-118.835,33.855,0.0574,0.019,0.0833,0.0349,0.1021,0.0426,0.205,0.0722,0.1223,0.0424,0.0137,0.011,0.0779,0.0399,0.1,0.0442
1963,-118.825,33.855,0.0582,0.0192,0.0849,0.0356,0.1027,0.0428,0.2067,0.0727,0.1244,0.0431,0.0138,0.011,0.0778,0.0398,0.1004,0.0443
1964,-118.815,33.855,0.059,0.0194,0.0866,0.0362,0.1032,0.043,0.2085,0.0733,0.1267,0.0438,0.0138,0.011,0.0776,0.0398,0.1008,0.0444
1965,-118.805,33.855,0.0599,0.0196,0.0882,0.0368,0.1037,0.0432,0.2105,0.0739,0.1289,0.0444,0.0139,0.0111,0.0775,0.0397,0.1013,0.0445
1966,-118.795,33.855,0.0608,0.0199,0.09,0.0374,0.1042,0.0434,0.2125,0.0745,0.1313,0.0452,0.014,0.0111,0.0773,0.0397,0.1017,0.0446
1967,-118.785,33.855,0.0617,0.0201,0.0917,0.0381,0.1047,0.0436,0.2146,0.0751,0.1337,0.0459,0.0141,0.0112,0.0772,0.0396,0.1021,0.0447
1968,-118.775,33.855,0.0626,0.0203,0.0936,0.0388,0.1052,0.0438,0.2168,0.0758,0.1361,0.0467,0.0142,0.0112,0.077,0.0396,0.1026,0.0448
1969,-118.765,33.855,0.0636,0.0206,0.0955,0.0395,0.1057,0.044,0.2191,0.0766,0.1387,0.0474,0.0143,0.0113,0.0768,0.0395,0.103,0.045
1970,-118.755,33.855,0.0645,0.0208,0.0974,0.0402,0.1061,0.0441,0.2215,0.0773,0.1414,0.0482,0.0144,0.0113,0.0767,0.0394,0.1035,0.0451
1971,-118.745,33.855,0.0655,0.021,0.0994,0.0409,0.1064,0.0443,0.2239,0.0781,0.1441,0.0491,0.0145,0.0114,0.0765,0.0394,0.104,0.0452
1972,-118.735,33.855,0.0664,0.0213,0.1015,0.0416,0.1068,0.0444,0.2263,0.0789,0.1469,0.0499,0.0146,0.0114,0.0763,0.0393,0.1044,0.0454
1973,-118.725,33.855,0.0674,0.0215,0.1036,0.0424,0.1071,0.0446,0.2288,0.0797,0.1497,0.0508,0.0147,0.0115,0.0761,0.0392,0.1049,0.0455
1974,-118.715,33.855,0.0685,0.0218,0.1058,0.0432,0.1073,0.0447,0.2313,0.0805,0.1527,0.0518,0.0148,0.0116,0.0759,0.0392,0.1055,0.0457
1975,-118.705,33.855,0.0695,0.022,0.108,0.044,0.1076,0.0448,0.2337,0.0813,0.1557,0.0527,0.0149,0.0116,0.0757,0.0391,0.106,0.0459
1976,-118.695,33.855,0.0705,0.0223,0.1103,0.0449,0.1078,0.0449,0.2361,0.0821,0.1588,0.0537,0.015,0.0117,0.0755,0.039,0.1066,0.046
1977,-118.685,33.855,0.0716,0.0225,0.1128,0.0458,0.108,0.045,0.2386,0.0829,0.162,0.0546,0.0151,0.0118,0.0753,0.039,0.1071,0.0462
1978,-118.675,33.855,0.0727,0.0228,0.1154,0.0467,0.1081,0.0451,0.241,0.0837,0.1652,0.0557,0.0152,0.0119,0.0751,0.0389,0.1077,0.0464
1979,-118.665,33.855,0.0738,0.0231,0.118,0.0476,0.1083,0.0452,0.2434,0.0845,0.1685,0.0567,0.0153,0.0119,0.0749,0.0388,0.1082,0.0466
1980,-118.655,33.855,0.0749,0.0233,0.1207,0.0486,0.1084,0.0453,0.2458,0.0853,0.1718,0.0578,0.0155,0.012,0.0747,0.0387,0.1088,0.0467
1981,-118.645,33.855,0.0761,0.0236,0.1235,0.0497,0.1085,0.0454,0.2482,0.0862,0.1753,0.0589,0.0156,0.0121,0.0744,0.0387,0.1094,0.0469
1982,-118.635,33.855,0.0772,0.0239,0.1265,0.0507,0.1086,0.0455,0.2506,0.0871,0.1787,0.0599,0.0157,0.0122,0.0742,0.0386,0.11,0.0471
1983,-118.625,33.855,0.0784,0.0241,0.1296,0.0519,0.1087,0.0455,0.2529,0.0879,0.1822,0.0611,0.0158,0.0123,0.074,0.0385,0.1106,0.0473
1984,-118.615,33.855,0.0796,0.0244,0.1329,0.053,0.1087,0.0456,0.255,0.0888,0.1858,0.0622,0.0159,0.0124,0.0737,0.0384,0.1113,0.0475
1985,-118.605,33.855,0.0808,0.0247,0.1363,0.0543,0.1087,0.0457,0.257,0.0896,0.1893,0.0633,0.016,0.0125,0.0735,0.0383,0.1119,0.0477
1986,-118.595,33.855,0.082,0.0249,0.1399,0.0556,0.1086,0.0458,0.2587,0.0904,0.1928,0.0644,0.0161,0.0125,0.0733,0.0382,0.1125,0.0479
1987,-118.585,33.855,0.0832,0.0252,0.1436,0.0569,0.1086,0.0458,0.2603,0.0911,0.1963,0.0655,0.0162,0.0126,0.073,0.0382,0.1131,0.0481
1988,-118.575,33.855,0.0844,0.0254,0.1477,0.0584,0.1085,0.0459,0.2616,0.0918,0.1998,0.0667,0.0163,0.0127,0.0728,0.0381,0.1137,0.0483
1989,-118.565,33.855,0.0856,0.0257,0.1518,0.0599,0.1085,0.046,0.2627,0.0925,0.2032,0.0677,0.0164,0.0128,0.0725,0.038,0.1144,0.0485
1990,-118.555,33.855,0.0869,0.0259,0.1563,0.0615,0.1083,0.046,0.2634,0.0931,0.2066,0.0688,0.0165,0.0129,0.0722,0.0379,0.115,0.0487
1991,-118.545,33.855,0.0881,0.0262,0.161,0.0632,0.1081,0.0461,0.2637,0.0936,0.2099,0.0699,0.0165,0.013,0.072,0.0378,0.1156,0.0489
1992,-118.535,33.855,0.0894,0.0264,0.1659,0.065,0.1079,0.0461,0.2636,0.094,0.2131,0.0709,0.0166,0.013,0.0717,0.0377,0.1163,0.0491
1993,-118.525,33.855,0.0906,0.0266,0.1713,0.067,0.1077,0.0461,0.2623,0.0941,0.2163,0.0719,0.0167,0.0131,0.0714,0.0376,0.1169,0.0494
1994,-118.515,33.855,0.092,0.0269,0.1769,0.069,0.1074,0.0461,0.2608,0.0941,0.2192,0.0728,0.0167,0.0131,0.0712,0.0375,0.1176,0.0496
1995,-118.505,33.855,0.0933,0.0271,0.183,0.0712,0.1071,0.0461,0.2586,0.094,0.222,0.0738,0.0168,0.0132,0.0709,0.0374,0.1183,0.0498
1996,-118.495,33.855,0.0947,0.0273,0.1895,0.0736,0.1067,0.0461,0.2564,0.0937,0.2247,0.0747,0.0168,0.0132,0.0706,0.0373,0.1191,0.0501
1997,-118.485,33.855,0.0961,0.0276,0.1963,0.0761,0.1064,0.0461,0.2541,0.0934,0.2271,0.0755,0.0168,0.0132,0.0703,0.0372,0.1199,0.0504
1998,-118.475,33.855,0.0976,0.0278,0.204,0.079,0.106,0.046,0.2523,0.0932,0.2295,0.0764,0.0168,0.0132,0.07,0.0371,0.1208,0.0508
1999,-118.465,33.855,0.0992,0.0281,0.2121,0.082,0.1057,0.0459,0.2506,0.0929,0.2317,0.0772,0.0168,0.0131,0.0698,0.037,0.1218,0.0512
2000,-118.455,33.855,0.1008,0.0284,0.2211,0.0854,0.1054,0.0458,0.2484,0.0923,0.2338,0.078,0.0167,0.013,0.0695,0.0369,0.1228,0.0517
2001,-118.445,33.855,0.1026,0.0287,0.2309,0.089,0.1052,0.0457,0.246,0.0915,0.2358,0.0789,0.0166,0.0129,0.0692,0.0368,0.124,0.0522
2002,-118.435,33.855,0.1044,0.0291,0.2413,0.093,0.1051,0.0457,0.2434,0.0904,0.2376,0.0798,0.0164,0.0127,0.0689,0.0367,0.1254,0.0529
2003,-118.425,33.855,0.1064,0.0295,0.2533,0.0976,0.1053,0.0457,0.2401,0.0888,0.2394,0.0807,0.0161,0.0125,0.0686,0.0366,0.129,0.0549
2004,-118.415,33.855,0.1159,0.0329,0.2796,0.1112,0.1118,0.0497,0.2483,0.094,0.255,0.0896,0.0168,0.0133,0.0724,0.0396,0.1379,0.0599
2005,-118.405,33.855,0.1572,0.0492,0.3743,0.1686,0.1488,0.0727,0.3131,0.132,0.3292,0.1323,0.0223,0.019,0.0965,0.0576,0.1749,0.0833
2006,-118.395,33.855,0.1756,0.0564,0.4333,0.2038,0.1698,0.0857,0.3436,0.15,0.3592,0.1502,0.0249,0.0216,0.1095,0.0675,0.1987,0.0993
2007,-118.385,33.855,0.1833,0.0596,0.4567,0.217,0.1749,0.0889,0.34,0.1479,0.3672,0.1567,0.0247,0.021,0.1114,0.0693,0.2126,0.1093
2008,-118.375,33.855,0.1934,0.0641,0.4807,0.2314,0.1813,0.093,0.3365,0.1463,0.3764,0.1644,0.025,0.0209,0.1139,0.0716,0.2218,0.1162
2009,-118.365,33.855,0.2041,0.069,0.5038,0.2452,0.1873,0.0968,0.332,0.1442,0.3854,0.1724,0.0253,0.0208,0.116,0.0736,0.2309,0.1234
2010,-118.355,33.855,0.212,0.0727,0.5222,0.2545,0.1902,0.0983,0.3222,0.139,0.3897,0.1768,0.0258,0.021,0.1159,0.0737,0.2372,0.1283
2011,-118.345,33.855,0.2187,0.0759,0.5424,0.2652,0.193,0.0996,0.3128,0.1341,0.3912,0.179,0.0265,0.0217,0.116,0.0739,0.2426,0.1326
2012,-118.335,33.855,0.229,0.0813,0.5642,0.2774,0.1957,0.1008,0.3036,0.1293,0.3945,0.1828,0.0275,0.0229,0.1161,0.0742,0.2481,0.1369
2013,-118.325,33.855,0.2415,0.0881,0.5846,0.2877,0.1971,0.1009,0.2941,0.1241,0.3962,0.1852,0.0284,0.0243,0.1158,0.0742,0.2515,0.139
2014,-118.315,33.855,0.2508,0.0934,0.6044,0.2971,0.198,0.1006,0.285,0.1191,0.3906,0.1809,0.0293,0.0257,0.1154,0.0741,0.2517,0.1382
2015,-118.305,33.855,0.2592,0.0981,0.6221,0.3034,0.1981,0.0998,0.278,0.1153,0.383,0.175,0.0301,0.0272,0.1148,0.0738,0.2514,0.1369
2016,-118.295,33.855,0.2693,0.1038,0.6448,0.3164,0.1989,0.0995,0.2734,0.1129,0.3769,0.1705,0.0311,0.029,0.1148,0.074,0.2523,0.1365
2017,-118.285,33.855,0.2851,0.1132,0.6723,0.3361,0.2005,0.0997,0.2712,0.1119,0.3776,0.1719,0.0322,0.031,0.1154,0.0747,0.2567,0.1391
2018,-118.275,33.855,0.303,0.1242,0.6946,0.3491,0.2092,0.1053,0.2791,0.1177,0.3809,0.1757,0.035,0.0353,0.1209,0.08,0.263,0.1435
2019,-118.265,33.855,0.3143,0.1307,0.7159,0.3598,0.2167,0.1099,0.2865,0.1231,0.3811,0.176,0.0376,0.0393,0.1258,0.0846,0.2657,0.1451
2020,-118.255,33.855,0.3161,0.1298,0.7376,0.3659,0.2112,0.105,0.2806,0.1194,0.3724,0.1687,0.0374,0.0395,0.1221,0.0815,0.2649,0.1437
2021,-118.245,33.855,0.3199,0.1297,0.7655,0.3785,0.2018,0.0976,0.2705,0.1133,0.3664,0.1638,0.0364,0.0385,0.116,0.0765,0.2624,0.141
2022,-118.235,33.855,0.3216,0.1279,0.7998,0.3975,0.1885,0.088,0.2562,0.1049,0.3579,0.1573,0.0345,0.0361,0.1077,0.0694,0.2588,0.1376
2023,-118.225,33.855,0.3274,0.1289,0.8366,0.4316,0.1938,0.0909,0.2646,0.1113,0.3529,0.1543,0.0371,0.0395,0.111,0.0725,0.2653,0.1427
2024,-118.215,33.855,0.3664,0.1534,0.8708,0.4677,0.2025,0.0963,0.2772,0.1207,0.3806,0.1779,0.0405,0.0439,0.1166,0.0775,0.2787,0.1541
2025,-118.205,33.855,0.391,0.1692,0.8898,0.4981,0.2099,0.101,0.2879,0.1298,0.3944,0.1915,0.0438,0.0483,0.121,0.0817,0.2942,0.1678
2026,-118.195,33.855,0.3966,0.1712,0.9104,0.5133,0.2108,0.1014,0.2906,0.1329,0.3945,0.1924,0.0455,0.0502,0.1211,0.0821,0.2946,0.1676
2027,-118.185,33.855,0.3894,0.1655,0.9325,0.5133,0.2052,0.0974,0.2855,0.1298,0.3905,0.1888,0.0455,0.0496,0.1169,0.0786,0.2929,0.1656
2028,-118.175,33.855,0.3804,0.1605,0.9431,0.5149,0.2049,0.0972,0.2869,0.13,0.39,0.1882,0.0463,0.0502,0.1158,0.0778,0.2926,0.1648
2029,-118.165,33.855,0.374,0.1578,0.9487,0.5158,0.2065,0.0982,0.2908,0.1316,0.3931,0.1909,0.0473,0.0511,0.1158,0.078,0.296,0.1673
2030,-118.155,33.855,0.3705,0.1571,0.9412,0.5119,0.2118,0.1018,0.2992,0.1364,0.3985,0.1957,0.0484,0.0527,0.1179,0.0802,0.3013,0.1718
2031,-118.145,33.855,0.364,0.1533,0.9254,0.5046,0.2147,0.1038,0.3051,0.1392,0.3992,0.1963,0.0488,0.0535,0.1185,0.0811,0.3057,0.1753
2032,-118.135,33.855,0.3583,0.1495,0.9013,0.494,0.2151,0.1039,0.3086,0.14,0.3993,0.1962,0.0483,0.0534,0.1178,0.0807,0.3093,0.1781
2033,-118.125,33.855,0.3543,0.1472,0.8738,0.4734,0.2144,0.1033,0.313,0.1406,0.3995,0.1963,0.0483,0.0534,0.117,0.0802,0.3121,0.1803
2034,-118.115,33.855,0.3517,0.1455,0.8453,0.4505,0.2135,0.1025,0.3176,0.141,0.3992,0.1961,0.0484,0.0534,0.1162,0.0798,0.3138,0.1813
2035,-118.105,33.855,0.3498,0.144,0.8152,0.4262,0.213,0.102,0.3219,0.141,0.3984,0.1954,0.049,0.0531,0.1155,0.0794,0.3157,0.1826
2036,-118.095,33.855,0.3493,0.1429,0.7857,0.4037,0.2126,0.1016,0.3213,0.1404,0.3972,0.1946,0.0492,0.0527,0.1147,0.079,0.3173,0.1835
2037,-118.085,33.855,0.35,0.1426,0.7568,0.3829,0.2123,0.1012,0.3158,0.1391,0.3956,0.1935,0.0493,0.052,0.1139,0.0786,0.3186,0.1842
2038,-118.075,33.855,0.3521,0.1431,0.7289,0.3651,0.213,0.1018,0.3108,0.1378,0.3943,0.1931,0.0496,0.0515,0.1133,0.0783,0.3201,0.1851
2039,-118.065,33.855,0.3535,0.1428,0.7016,0.3482,0.2139,0.1025,0.3067,0.1367,0.3918,0.1915,0.05,0.0511,0.1129,0.0782,0.3218,0.1862
2040,-118.055,33.855,0.3551,0.1426,0.6764,0.3329,0.2147,0.1032,0.3063,0.1366,0.3895,0.1903,0.051,0.051,0.1127,0.0784,0.3237,0.1876
2041,-118.045,33.855,0.3569,0.1424,0.6526,0.3188,0.2151,0.1034,0.3083,0.1373,0.3874,0.1893,0.052,0.0508,0.1126,0.0785,0.3256,0.1888
2042,-118.035,33.855,0.3579,0.1412,0.6301,0.3058,0.2149,0.1032,0.3127,0.1388,0.3843,0.1875,0.0529,0.0507,0.1124,0.0786,0.327,0.1896
2043,-118.025,33.855,0.3582,0.1391,0.6093,0.2942,0.214,0.1024,0.3183,0.1407,0.3807,0.1853,0.0532,0.0504,0.1121,0.0786,0.3272,0.1891
2044,-118.015,33.855,0.3579,0.1365,0.5888,0.2826,0.2125,0.1012,0.3231,0.1422,0.3774,0.1833,0.0534,0.05,0.1116,0.0784,0.3264,0.1876
2045,-118.005,33.855,0.3543,0.1317,0.5678,0.2694,0.2088,0.0983,0.3226,0.1416,0.3719,0.1792,0.053,0.0491,0.11,0.0772,0.3249,0.1853
2046,-117.995,33.855,0.3494,0.1263,0.5473,0.2569,0.2057,0.0961,0.3226,0.1412,0.3665,0.1754,0.0533,0.0487,0.1087,0.0764,0.3231,0.1827
2047,-117.985,33.855,0.344,0.1212,0.5272,0.2451,0.2033,0.0943,0.3232,0.1409,0.3617,0.1722,0.0541,0.0489,0.1078,0.0758,0.3222,0.1812
2048,-117.975,33.855,0.3383,0.1163,0.5089,0.2351,0.2012,0.0928,0.3225,0.1398,0.3576,0.1696,0.0553,0.0501,0.1071,0.0754,0.3218,0.18
2049,-117.965,33.855,0.3306,0.1107,0.4912,0.2257,0.1992,0.0913,0.3213,0.1383,0.3526,0.1665,0.0564,0.0513,0.1064,0.075,0.3213,0.1789
2050,-117.955,33.855,0.3222,0.1051,0.4748,0.217,0.197,0.0897,0.3185,0.1365,0.3476,0.1634,0.0559,0.0513,0.1058,0.0747,0.321,0.1778
2051,-117.945,33.855,0.3142,0.1001,0.4595,0.2092,0.1952,0.0883,0.3155,0.1351,0.3436,0.1613,0.055,0.0509,0.1054,0.0747,0.3218,0.1778
2052,-117.935,33.855,0.3109,0.0982,0.4454,0.2025,0.1937,0.0871,0.3124,0.1342,0.3406,0.16,0.0537,0.0499,0.1055,0.075,0.3232,0.1785
2053,-117.925,33.855,0.3105,0.0983,0.4311,0.1955,0.1919,0.0855,0.3072,0.1331,0.3379,0.1592,0.0533,0.0494,0.1057,0.0755,0.325,0.1796
2054,-117.915,33.855,0.308,0.0972,0.4164,0.1879,0.1898,0.0838,0.3016,0.1319,0.3333,0.1569,0.0531,0.0489,0.1059,0.076,0.3268,0.1809
2055,-117.905,33.855,0.3042,0.0958,0.3998,0.1785,0.1871,0.0816,0.2958,0.1304,0.3287,0.1545,0.0534,0.0484,0.1062,0.0766,0.3285,0.1821
2056,-117.895,33.855,0.3003,0.0945,0.384,0.1697,0.1845,0.0797,0.2897,0.1283,0.3249,0.1529,0.054,0.0479,0.1065,0.0771,0.3302,0.1835
2057,-117.885,33.855,0.2956,0.0929,0.369,0.1615,0.1822,0.0782,0.2833,0.1257,0.3212,0.1514,0.0548,0.0473,0.1066,0.0775,0.3301,0.1831
2058,-117.875,33.855,0.2896,0.0909,0.3538,0.1529,0.1787,0.0766,0.2742,0.1207,0.317,0.1494,0.0552,0.0459,0.1052,0.0765,0.3294,0.1822
2059,-117.865,33.855,0.2831,0.0887,0.3386,0.1443,0.1755,0.0755,0.2657,0.1157,0.3122,0.1469,0.0556,0.0445,0.1037,0.0753,0.3308,0.1833
2060,-117.855,33.855,0.277,0.0868,0.3236,0.1358,0.1751,0.0763,0.2623,0.1133,0.3056,0.143,0.0565,0.0445,0.1037,0.0756,0.3285,0.1805
2061,-117.845,33.855,0.2706,0.085,0.3068,0.1262,0.1722,0.0757,0.2561,0.109,0.2957,0.1363,0.056,0.044,0.102,0.0742,0.3206,0.1723
2062,-117.835,33.855,0.2597,0.0808,0.2882,0.1154,0.1671,0.0738,0.247,0.103,0.2808,0.1259,0.0543,0.0429,0.0987,0.0713,0.3063,0.1585
2063,-117.825,33.855,0.2284,0.0672,0.2663,0.1031,0.1566,0.0688,0.2325,0.0942,0.245,0.1018,0.0508,0.0401,0.0919,0.0653,0.2853,0.1396
2064,-117.815,33.855,0.2226,0.0659,0.2463,0.0923,0.1466,0.0638,0.219,0.086,0.2362,0.0967,0.0474,0.0374,0.0852,0.0594,0.2752,0.1309
2065,-117.805,33.855,0.2148,0.0637,0.2393,0.0896,0.1435,0.0626,0.2159,0.0841,0.2262,0.091,0.0464,0.037,0.0823,0.057,0.269,0.1255
2066,-117.795,33.855,0.2113,0.0634,0.2331,0.0874,0.143,0.0629,0.217,0.0842,0.2217,0.0888,0.0465,0.0375,0.0808,0.056,0.2659,0.1225
2067,-117.785,33.855,0.2068,0.0626,0.2276,0.0856,0.1451,0.0647,0.2223,0.0865,0.2171,0.0866,0.0476,0.0389,0.0808,0.0561,0.2649,0.1212
2068,-117.775,33.855,0.1979,0.0599,0.2204,0.0828,0.144,0.0644,0.2239,0.0863,0.209,0.0823,0.0476,0.0386,0.0788,0.0545,0.2633,0.1195
2069,-117.765,33.855,0.1868,0.0561,0.213,0.0798,0.1423,0.0637,0.225,0.0857,0.1992,0.0772,0.0476,0.0379,0.0765,0.0527,0.2615,0.1177
2070,-117.755,33.855,0.1794,0.0539,0.207,0.0776,0.1412,0.0634,0.2277,0.0856,0.1937,0.0745,0.0482,0.037,0.0747,0.0513,0.2611,0.117
2071,-117.745,33.855,0.1742,0.0527,0.2022,0.0761,0.1408,0.0635,0.2318,0.0861,0.1906,0.0734,0.0492,0.0362,0.0733,0.0503,0.2628,0.1177
2072,-117.735,33.855,0.1691,0.0515,0.1987,0.0752,0.1412,0.064,0.2373,0.0873,0.1879,0.0724,0.0507,0.0353,0.0724,0.0497,0.2659,0.1196
2073,-117.725,33.855,0.1642,0.0503,0.1868,0.0698,0.1356,0.0611,0.2333,0.0838,0.1853,0.0715,0.0501,0.0326,0.0685,0.0465,0.2623,0.1167
2074,-117.715,33.855,0.1431,0.0423,0.1734,0.0637,0.129,0.0575,0.2268,0.0792,0.1649,0.0611,0.0488,0.0295,0.0641,0.0429,0.2548,0.1113
2075,-117.705,33.855,0.1329,0.0391,0.1614,0.0585,0.1228,0.0542,0.2176,0.0747,0.1561,0.0571,0.0462,0.0266,0.0601,0.0396,0.2456,0.1049
2076,-117.695,33.855,0.1237,0.0361,0.153,0.0551,0.1182,0.0518,0.2099,0.0712,0.1482,0.0535,0.0437,0.0244,0.057,0.0372,0.238,0.0996
2077,-117.685,33.855,0.1179,0.0345,0.1483,0.0536,0.1152,0.0503,0.2037,0.0688,0.1442,0.052,0.0412,0.0228,0.0549,0.0356,0.233,0.0963
2078,-117.675,33.855,0.1063,0.0306,0.132,0.0466,0.1072,0.0462,0.1887,0.0626,0.1331,0.0471,0.0372,0.0201,0.0505,0.0322,0.2216,0.0896
2079,-117.665,33.855,0.0888,0.0247,0.1159,0.0398,0.0996,0.0423,0.174,0.0567,0.1139,0.0388,0.0334,0.0176,0.0463,0.0289,0.2109,0.0835
2080,-117.655,33.855,0.0857,0.0241,0.1122,0.0387,0.098,0.0417,0.1692,0.0553,0.1125,0.0386,0.0319,0.0166,0.0451,0.0281,0.2092,0.0826
2081,-118.945,33.865,0.0492,0.0169,0.0683,0.0293,0.0963,0.0406,0.1927,0.0682,0.1031,0.0366,0.0131,0.0109,0.08,0.0406,0.097,0.0435
2082,-118.935,33.865,0.0499,0.0171,0.0695,0.0298,0.097,0.0409,0.194,0.0686,0.1046,0.0371,0.0132,0.0109,0.0799,0.0406,0.0973,0.0435
2083,-118.925,33.865,0.0506,0.0173,0.0708,0.0303,0.0978,0.0411,0.1953,0.069,0.1062,0.0376,0.0132,0.0109,0.0799,0.0406,0.0976,0.0436
2084,-118.915,33.865,0.0514,0.0174,0.072,0.0308,0.0985,0.0414,0.1966,0.0694,0.1079,0.0381,0.0133,0.0109,0.0798,0.0405,0.0979,0.0436
2085,-118.905,33.865,0.0521,0.0176,0.0733,0.0313,0.0992,0.0417,0.1979,0.0699,0.1096,0.0386,0.0134,0.0109,0.0797,0.0405,0.0982,0.0437
2086,-118.895,33.865,0.0529,0.0178,0.0747,0.0318,0.0999,0.0419,0.1993,0.0703,0.1114,0.0391,0.0134,0.0109,0.0796,0.0405,0.0986,0.0438
2087,-118.885,33.865,0.0537,0.0181,0.0761,0.0323,0.1006,0.0421,0.2007,0.0707,0.1133,0.0396,0.0135,0.0109,0.0795,0.0404,0.0989,0.0438
2088,-118.875,33.865,0.0545,0.0183,0.0775,0.0328,0.1013,0.0424,0.2021,0.0711,0.1152,0.0402,0.0135,0.011,0.0794,0.0404,0.0993,0.0439
2089,-118.865,33.865,0.0553,0.0185,0.0789,0.0334,0.102,0.0426,0.2036,0.0716,0.1171,0.0408,0.0136,0.011,0.0793,0.0403,0.0996,0.044
2090,-118.855,33.865,0.0561,0.0187,0.0804,0.034,0.1027,0.0429,0.2051,0.072,0.1191,0.0414,0.0136,0.011,0.0791,0.0403,0.1,0.0441
2091,-118.845,33.865,0.0569,0.0189,0.082,0.0345,0.1033,0.0431,0.2067,0.0725,0.1212,0.042,0.0137,0.011,0.079,0.0403,0.1004,0.0442
2092,-118.835,33.865,0.0577,0.0191,0.0835,0.0351,0.1039,0.0433,0.2084,0.073,0.1234,0.0427,0.0138,0.011,0.0789,0.0402,0.1008,0.0443
2093,-118.825,33.865,0.0586,0.0193,0.0851,0.0357,0.1045,0.0436,0.2102,0.0735,0.1255,0.0433,0.0138,0.0111,0.0787,0.0402,0.1012,0.0444
2094,-118.815,33.865,0.0594,0.0195,0.0868,0.0363,0.1051,0.0438,0.212,0.0741,0.1279,0.044,0.0139,0.0111,0.0786,0.0401,0.1016,0.0445
2095,-118.805,33.865,0.0603,0.0198,0.0885,0.037,0.1056,0.044,0.214,0.0747,0.1302,0.0447,0.014,0.0111,0.0785,0.0401,0.102,0.0446
2096,-118.795,33.865,0.0612,0.02,0.0902,0.0376,0.1061,0.0442,0.2161,0.0753,0.1327,0.0455,0.0141,0.0112,0.0783,0.04,0.1025,0.0447
2097,-118.785,33.865,0.0621,0.0202,0.092,0.0383,0.1067,0.0444,0.2182,0.076,0.1352,0.0463,0.0142,0.0112,0.0781,0.04,0.1029,0.0448
2098,-118.775,33.865,0.063,0.0205,0.0938,0.039,0.1072,0.0446,0.2205,0.0767,0.1377,0.047,0.0143,0.0113,0.078,0.0399,0.1034,0.045
2099,-118.765,33.865,0.064,0.0207,0.0957,0.0397,0.1076,0.0447,0.2229,0.0775,0.1405,0.0479,0.0144,0.0113,0.0778,0.0398,0.1039,0.0451
2100,-118.755,33.865,0.0649,0.0209,0.0977,0.0404,0.1081,0.0449,0.2254,0.0783,0.1432,0.0487,0.0145,0.0114,0.0776,0.0398,0.1043,0.0452
2101,-118.745,33.865,0.0659,0.0212,0.0997,0.0411,0.1085,0.0451,0.228,0.0791,0.1461,0.0496,0.0146,0.0114,0.0774,0.0397,0.1049,0.0454
2102,-118.735,33.865,0.0669,0.0214,0.1017,0.0419,0.1089,0.0452,0.2306,0.08,0.149,0.0505,0.0147,0.0115,0.0772,0.0396,0.1054,0.0455
2103,-118.725,33.865,0.0679,0.0217,0.1038,0.0426,0.1092,0.0454,0.2333,0.0808,0.1521,0.0515,0.0148,0.0116,0.0771,0.0396,0.1059,0.0457
2104,-118.715,33.865,0.069,0.0219,0.106,0.0434,0.1095,0.0455,0.236,0.0817,0.1552,0.0524,0.0149,0.0116,0.0769,0.0395,0.1065,0.0459
2105,-118.705,33.865,0.07,0.0222,0.1082,0.0443,0.1098,0.0456,0.2386,0.0825,0.1584,0.0534,0.015,0.0117,0.0766,0.0394,0.107,0.046
2106,-118.695,33.865,0.0711,0.0224,0.1106,0.0451,0.11,0.0458,0.2413,0.0834,0.1618,0.0545,0.0151,0.0118,0.0764,0.0394,0.1076,0.0462
2107,-118.685,33.865,0.0722,0.0227,0.113,0.046,0.1102,0.0459,0.2439,0.0843,0.1652,0.0555,0.0152,0.0119,0.0762,0.0393,0.1081,0.0464
2108,-118.675,33.865,0.0733,0.023,0.1156,0.0469,0.1104,0.046,0.2468,0.0853,0.1686,0.0566,0.0153,0.0119,0.076,0.0392,0.1088,0.0466
2109,-118.665,33.865,0.0744,0.0232,0.1182,0.0479,0.1105,0.0461,0.2497,0.0862,0.1722,0.0578,0.0155,0.012,0.0758,0.0391,0.1094,0.0468
2110,-118.655,33.865,0.0755,0.0235,0.1209,0.0489,0.1107,0.0462,0.2526,0.0872,0.1758,0.0589,0.0156,0.0121,0.0756,0.039,0.11,0.047
2111,-118.645,33.865,0.0767,0.0238,0.1237,0.0499,0.1108,0.0463,0.2554,0.0882,0.1795,0.0601,0.0157,0.0122,0.0753,0.039,0.1106,0.0472
2112,-118.635,33.865,0.0779,0.024,0.1267,0.051,0.1109,0.0464,0.2581,0.0892,0.1833,0.0613,0.0158,0.0123,0.0751,0.0389,0.1113,0.0475
2113,-118.625,33.865,0.0791,0.0243,0.1299,0.0522,0.111,0.0465,0.2607,0.0902,0.1872,0.0625,0.0159,0.0124,0.0749,0.0388,0.1119,0.0477
2114,-118.615,33.865,0.0803,0.0246,0.1331,0.0533,0.111,0.0466,0.2631,0.0911,0.1911,0.0638,0.016,0.0125,0.0746,0.0387,0.1126,0.0479
2115,-118.605,33.865,0.0815,0.0249,0.1365,0.0546,0.111,0.0467,0.2653,0.092,0.1949,0.065,0.0161,0.0126,0.0744,0.0386,0.1133,0.0481
2116,-118.595,33.865,0.0827,0.0251,0.1401,0.0559,0.111,0.0468,0.2673,0.0929,0.1989,0.0663,0.0162,0.0127,0.0741,0.0385,0.1139,0.0484
2117,-118.585,33.865,0.0839,0.0254,0.1438,0.0573,0.111,0.0469,0.2691,0.0938,0.2028,0.0675,0.0163,0.0128,0.0739,0.0385,0.1146,0.0486
2118,-118.575,33.865,0.0852,0.0256,0.1479,0.0588,0.1109,0.0469,0.2705,0.0947,0.2067,0.0688,0.0164,0.0129,0.0736,0.0384,0.1153,0.0488
2119,-118.565,33.865,0.0864,0.0259,0.1521,0.0603,0.1109,0.047,0.2718,0.0955,0.2106,0.07,0.0165,0.013,0.0733,0.0383,0.116,0.0491
2120,-118.555,33.865,0.0876,0.0261,0.1566,0.062,0.1107,0.0471,0.2726,0.0962,0.2144,0.0713,0.0166,0.013,0.0731,0.0382,0.1167,0.0493
2121,-118.545,33.865,0.0889,0.0264,0.1613,0.0637,0.1106,0.0472,0.273,0.0969,0.2181,0.0725,0.0167,0.0131,0.0728,0.0381,0.1174,0.0495
2122,-118.535,33.865,0.0901,0.0266,0.1662,0.0655,0.1104,0.0473,0.273,0.0974,0.2218,0.0737,0.0167,0.0132,0.0725,0.038,0.1181,0.0498
2123,-118.525,33.865,0.0914,0.0268,0.1716,0.0675,0.1102,0.0474,0.2716,0.0977,0.2253,0.0748,0.0168,0.0133,0.0723,0.0379,0.1188,0.05
2124,-118.515,33.865,0.0927,0.0271,0.1772,0.0696,0.1099,0.0474,0.2698,0.0978,0.2287,0.0759,0.0168,0.0133,0.072,0.0378,0.1195,0.0502
2125,-118.505,33.865,0.094,0.0273,0.1833,0.0719,0.1096,0.0475,0.2673,0.0977,0.232,0.077,0.0169,0.0133,0.0717,0.0377,0.1203,0.0505
2126,-118.495,33.865,0.0954,0.0275,0.1898,0.0743,0.1093,0.0475,0.2647,0.0975,0.2351,0.078,0.0169,0.0134,0.0714,0.0376,0.1212,0.0508
2127,-118.485,33.865,0.0968,0.0278,0.1967,0.0768,0.109,0.0475,0.2619,0.0973,0.238,0.079,0.0169,0.0134,0.0711,0.0375,0.1221,0.0512
2128,-118.475,33.865,0.0983,0.028,0.2043,0.0797,0.1087,0.0475,0.2599,0.0972,0.2409,0.08,0.0169,0.0133,0.0708,0.0374,0.123,0.0515
2129,-118.465,33.865,0.0999,0.0283,0.2123,0.0827,0.1084,0.0475,0.2579,0.0971,0.2434,0.081,0.0169,0.0133,0.0705,0.0373,0.1241,0.052
2130,-118.455,33.865,0.1017,0.0286,0.2213,0.086,0.1081,0.0474,0.2556,0.0967,0.2458,0.0819,0.0168,0.0132,0.0702,0.0372,0.1252,0.0525
2131,-118.445,33.865,0.1036,0.029,0.2309,0.0897,0.108,0.0474,0.253,0.0959,0.2481,0.0829,0.0167,0.013,0.0699,0.0371,0.1265,0.0531
2132,-118.435,33.865,0.1056,0.0294,0.2411,0.0936,0.1079,0.0474,0.2501,0.0948,0.2503,0.0839,0.0165,0.0128,0.0696,0.037,0.1283,0.0541
2133,-118.425,33.865,0.1079,0.0299,0.2773,0.1136,0.1082,0.0474,0.2463,0.093,0.2524,0.085,0.0162,0.0125,0.0693,0.0369,0.1352,0.0579
2134,-118.415,33.865,0.1228,0.0355,0.3226,0.1394,0.1147,0.0514,0.2541,0.098,0.2778,0.0996,0.0168,0.0131,0.0732,0.0398,0.1546,0.0692
2135,-118.405,33.865,0.1746,0.0562,0.3866,0.1775,0.1521,0.0747,0.3189,0.1367,0.3725,0.1545,0.022,0.0184,0.0971,0.0577,0.1924,0.0944
2136,-118.395,33.865,0.1805,0.0584,0.4299,0.203,0.1733,0.088,0.349,0.1547,0.3774,0.1585,0.0244,0.0207,0.1102,0.0677,0.2099,0.1064
2137,-118.385,33.865,0.1897,0.0623,0.4527,0.216,0.1786,0.0913,0.3444,0.152,0.386,0.1657,0.024,0.02,0.1124,0.0696,0.217,0.1117
2138,-118.375,33.865,0.1988,0.0664,0.4742,0.2284,0.1843,0.0949,0.3388,0.1494,0.3931,0.172,0.0242,0.02,0.1145,0.0716,0.2254,0.1181
2139,-118.365,33.865,0.2105,0.0719,0.4947,0.24,0.1894,0.0981,0.3319,0.1462,0.4024,0.1805,0.0247,0.0203,0.1162,0.0732,0.2338,0.1247
2140,-118.355,33.865,0.218,0.0754,0.5111,0.2476,0.1912,0.0988,0.3202,0.1403,0.4052,0.1838,0.0255,0.021,0.1156,0.0729,0.2405,0.13
2141,-118.345,33.865,0.2273,0.0802,0.5305,0.258,0.1947,0.1006,0.311,0.1358,0.4096,0.1889,0.0266,0.0221,0.116,0.0735,0.2478,0.136
2142,-118.335,33.865,0.2403,0.0872,0.5529,0.2711,0.1997,0.1035,0.3041,0.1328,0.4173,0.197,0.028,0.0235,0.1176,0.0751,0.2562,0.1428
2143,-118.325,33.865,0.2518,0.0938,0.573,0.2814,0.2005,0.1032,0.2929,0.1267,0.4165,0.1973,0.0288,0.0245,0.1167,0.0745,0.2596,0.145
2144,-118.315,33.865,0.2589,0.0979,0.5924,0.2907,0.2004,0.1024,0.2818,0.1206,0.4058,0.1885,0.0295,0.0255,0.1155,0.0737,0.2582,0.1426
2145,-118.305,33.865,0.2682,0.1034,0.6103,0.2972,0.2008,0.1018,0.2755,0.1173,0.3975,0.1821,0.0303,0.0268,0.1147,0.0733,0.2564,0.1399
2146,-118.295,33.865,0.28,0.1104,0.6318,0.3084,0.2022,0.1019,0.2723,0.1159,0.392,0.1783,0.0311,0.0284,0.1149,0.0736,0.2561,0.1384
2147,-118.285,33.865,0.2948,0.1192,0.6569,0.3241,0.2048,0.1029,0.2722,0.1163,0.3902,0.1776,0.0322,0.0303,0.116,0.0748,0.2582,0.1389
2148,-118.275,33.865,0.3,0.1212,0.6768,0.33,0.2019,0.1001,0.2674,0.1133,0.3798,0.1691,0.0322,0.0312,0.1139,0.0733,0.255,0.135
2149,-118.265,33.865,0.3041,0.1219,0.6962,0.3342,0.1982,0.0967,0.2624,0.11,0.3717,0.162,0.032,0.0319,0.1113,0.0714,0.2514,0.1311
2150,-118.255,33.865,0.3097,0.1231,0.7193,0.34,0.1954,0.0939,0.2603,0.1082,0.3673,0.1587,0.0322,0.0325,0.1094,0.07,0.2494,0.1289
2151,-118.245,33.865,0.3189,0.1262,0.7478,0.3522,0.1924,0.0911,0.2584,0.1066,0.3678,0.16,0.0326,0.0332,0.1074,0.0685,0.2513,0.1301
2152,-118.235,33.865,0.3268,0.1282,0.7816,0.3708,0.189,0.0882,0.2567,0.1051,0.3666,0.16,0.0332,0.0338,0.1053,0.0669,0.2533,0.1317
2153,-118.225,33.865,0.3325,0.1287,0.8208,0.4122,0.1946,0.0913,0.2661,0.1106,0.3628,0.1581,0.036,0.0373,0.1087,0.07,0.2633,0.1398
2154,-118.215,33.865,0.367,0.1496,0.8568,0.4547,0.2025,0.0961,0.2784,0.1182,0.3887,0.1804,0.0395,0.0415,0.1136,0.0744,0.2792,0.1532
2155,-118.205,33.865,0.3925,0.1662,0.8711,0.4802,0.213,0.1028,0.2941,0.1288,0.4064,0.1977,0.0439,0.0471,0.1199,0.0803,0.2974,0.1692
2156,-118.195,33.865,0.3972,0.1677,0.8837,0.4927,0.2173,0.1054,0.302,0.134,0.4074,0.1994,0.0467,0.0504,0.1223,0.0826,0.3015,0.1727
2157,-118.185,33.865,0.3962,0.1662,0.8948,0.4923,0.2153,0.1037,0.3021,0.1338,0.408,0.2,0.0481,0.0516,0.1205,0.0813,0.3039,0.1744
2158,-118.175,33.865,0.393,0.1645,0.8987,0.4908,0.2151,0.1033,0.3037,0.1343,0.4097,0.2015,0.049,0.0525,0.1196,0.0808,0.3057,0.1756
2159,-118.165,33.865,0.3869,0.1612,0.8993,0.4885,0.2155,0.1033,0.306,0.1353,0.41,0.2015,0.0497,0.0532,0.119,0.0805,0.3078,0.177
2160,-118.155,33.865,0.3819,0.1589,0.8909,0.4838,0.2169,0.1042,0.3097,0.1374,0.4109,0.2023,0.0498,0.0536,0.1189,0.0807,0.3102,0.1788
2161,-118.145,33.865,0.3768,0.1564,0.8785,0.4745,0.2176,0.1045,0.3128,0.139,0.4111,0.2024,0.0495,0.0538,0.1185,0.0806,0.3119,0.1798
2162,-118.135,33.865,0.3723,0.1541,0.8621,0.4608,0.2176,0.1043,0.3154,0.1399,0.411,0.2021,0.049,0.0537,0.1177,0.0802,0.3134,0.1807
2163,-118.125,33.865,0.3688,0.1525,0.8397,0.4437,0.2172,0.1038,0.3183,0.1411,0.4108,0.2018,0.049,0.0536,0.117,0.0798,0.315,0.1816
2164,-118.115,33.865,0.3667,0.1519,0.8155,0.4255,0.2167,0.1033,0.3209,0.1422,0.4105,0.2016,0.0491,0.0536,0.1164,0.0795,0.3166,0.1826
2165,-118.105,33.865,0.3651,0.1514,0.7877,0.4053,0.2166,0.1031,0.3221,0.1424,0.4094,0.2007,0.0496,0.0535,0.1157,0.0792,0.3184,0.1836
2166,-118.095,33.865,0.3649,0.1516,0.7597,0.3854,0.2164,0.1029,0.321,0.1422,0.4086,0.2003,0.0499,0.053,0.1149,0.0788,0.32,0.1846
2167,-118.085,33.865,0.3646,0.151,0.7314,0.3657,0.2161,0.1026,0.3176,0.1416,0.4064,0.1988,0.0502,0.0524,0.1141,0.0783,0.3214,0.1854
2168,-118.075,33.865,0.3653,0.1512,0.7037,0.3483,0.2166,0.103,0.3141,0.1412,0.4037,0.1971,0.0508,0.0518,0.1134,0.078,0.3228,0.1863
2169,-118.065,33.865,0.3671,0.1516,0.6765,0.3318,0.2173,0.1035,0.3112,0.1408,0.4015,0.1958,0.0516,0.0513,0.1129,0.0777,0.3247,0.1876
2170,-118.055,33.865,0.3696,0.152,0.6516,0.3172,0.218,0.1043,0.311,0.1408,0.3993,0.1947,0.0534,0.0512,0.1125,0.0777,0.3268,0.1891
2171,-118.045,33.865,0.3725,0.1523,0.6279,0.3036,0.2189,0.1049,0.3129,0.1417,0.3972,0.1939,0.0552,0.0515,0.1125,0.078,0.3286,0.1905
2172,-118.035,33.865,0.3756,0.1522,0.6056,0.2909,0.2197,0.1055,0.317,0.1434,0.395,0.193,0.0569,0.052,0.1128,0.0785,0.3297,0.1909
2173,-118.025,33.865,0.3784,0.1513,0.5811,0.2751,0.2195,0.1052,0.3225,0.1455,0.3923,0.1917,0.0573,0.0525,0.1129,0.0789,0.3283,0.1887
2174,-118.015,33.865,0.378,0.1477,0.5565,0.2589,0.2183,0.1042,0.327,0.1468,0.3874,0.1883,0.0573,0.0527,0.1125,0.0788,0.3258,0.1855
2175,-118.005,33.865,0.373,0.1409,0.5334,0.2443,0.2131,0.1004,0.3251,0.1441,0.3797,0.1822,0.0565,0.0518,0.1101,0.0769,0.3226,0.1816
2176,-117.995,33.865,0.3657,0.133,0.5117,0.2314,0.2091,0.0975,0.3251,0.1424,0.3716,0.176,0.0563,0.0515,0.1082,0.0754,0.3191,0.1773
2177,-117.985,33.865,0.3588,0.1264,0.4913,0.2201,0.2061,0.0955,0.3269,0.1416,0.3654,0.1717,0.0567,0.0519,0.1068,0.0744,0.3172,0.1749
2178,-117.975,33.865,0.3518,0.1204,0.4733,0.2108,0.2042,0.0941,0.3286,0.1406,0.3605,0.1686,0.058,0.0534,0.1061,0.0741,0.3164,0.1734
2179,-117.965,33.865,0.3437,0.1143,0.4559,0.202,0.2025,0.0929,0.3299,0.1394,0.3557,0.1657,0.0591,0.0549,0.1055,0.0738,0.316,0.1722
2180,-117.955,33.865,0.3345,0.1081,0.4394,0.1936,0.2004,0.0913,0.3292,0.1377,0.3508,0.1629,0.058,0.0544,0.105,0.0736,0.3157,0.1713
2181,-117.945,33.865,0.325,0.1022,0.424,0.186,0.1978,0.0893,0.3267,0.1355,0.3458,0.1599,0.0562,0.0528,0.1043,0.0732,0.3159,0.1707
2182,-117.935,33.865,0.3185,0.0984,0.4097,0.1793,0.1945,0.0868,0.3225,0.1328,0.3404,0.1568,0.0536,0.0502,0.1035,0.0728,0.3168,0.1707
2183,-117.925,33.865,0.3141,0.0962,0.3967,0.1733,0.1921,0.0848,0.3158,0.1311,0.3346,0.1535,0.0526,0.0489,0.1037,0.0732,0.3186,0.1717
2184,-117.915,33.865,0.314,0.0966,0.3842,0.1675,0.1901,0.083,0.3092,0.13,0.3334,0.154,0.0522,0.0481,0.1043,0.0741,0.3213,0.1737
2185,-117.905,33.865,0.3124,0.0964,0.3724,0.1619,0.1892,0.0816,0.3047,0.1304,0.3315,0.1541,0.053,0.0484,0.1058,0.0758,0.3246,0.1766
2186,-117.895,33.865,0.3087,0.0954,0.3623,0.1574,0.1874,0.0801,0.2985,0.1294,0.3284,0.1531,0.0538,0.0482,0.1066,0.0768,0.3277,0.1793
2187,-117.885,33.865,0.3029,0.0934,0.3539,0.1542,0.1848,0.0782,0.2906,0.1271,0.3239,0.151,0.0546,0.0476,0.1067,0.0772,0.3253,0.1766
2188,-117.875,33.865,0.2691,0.0776,0.3359,0.1437,0.1783,0.075,0.2761,0.1194,0.2908,0.1273,0.0537,0.0449,0.1031,0.0741,0.3214,0.1724
2189,-117.865,33.865,0.2803,0.0843,0.3168,0.1323,0.1727,0.0727,0.2633,0.1124,0.3039,0.1381,0.053,0.0426,0.0999,0.0713,0.3233,0.174
2190,-117.855,33.865,0.2816,0.0865,0.3013,0.1237,0.1758,0.0757,0.2651,0.1137,0.3046,0.1399,0.0552,0.0438,0.102,0.0735,0.3232,0.1736
2191,-117.845,33.865,0.2735,0.084,0.2861,0.1154,0.1742,0.076,0.2606,0.111,0.2939,0.1327,0.0555,0.0436,0.101,0.0729,0.3169,0.1673
2192,-117.835,33.865,0.2595,0.0786,0.2712,0.1072,0.1682,0.0736,0.2498,0.1044,0.2768,0.1211,0.0538,0.042,0.097,0.0694,0.3042,0.1553
2193,-117.825,33.865,0.2343,0.0683,0.2543,0.0981,0.1597,0.0697,0.238,0.0972,0.2481,0.1022,0.0513,0.0398,0.0914,0.0645,0.2862,0.139
2194,-117.815,33.865,0.2289,0.0673,0.2387,0.0899,0.1521,0.0661,0.2279,0.0911,0.2397,0.0975,0.0491,0.0379,0.0862,0.06,0.2784,0.1322
2195,-117.805,33.865,0.2228,0.066,0.2319,0.0873,0.1506,0.0661,0.2276,0.0907,0.2318,0.0932,0.049,0.0383,0.0845,0.0587,0.2733,0.1276
2196,-117.795,33.865,0.214,0.0635,0.2255,0.0849,0.1482,0.0653,0.2261,0.0893,0.2224,0.088,0.0486,0.0382,0.0821,0.0568,0.2692,0.1238
2197,-117.785,33.865,0.2037,0.0602,0.2196,0.0828,0.1447,0.0637,0.2235,0.0872,0.2124,0.0826,0.0478,0.0378,0.079,0.0542,0.2658,0.1207
2198,-117.775,33.865,0.2045,0.0618,0.2146,0.0812,0.1477,0.066,0.2316,0.0902,0.2144,0.0843,0.0495,0.0392,0.0796,0.0549,0.2678,0.1217
2199,-117.765,33.865,0.197,0.0597,0.2096,0.0795,0.1505,0.0681,0.2398,0.0931,0.2086,0.0816,0.0511,0.0402,0.08,0.0556,0.2673,0.1208
2200,-117.755,33.865,0.1857,0.0559,0.2038,0.0774,0.146,0.0657,0.2376,0.09,0.1993,0.0768,0.0505,0.038,0.0764,0.0525,0.2664,0.1197
2201,-117.745,33.865,0.1772,0.0533,0.1993,0.0759,0.1437,0.0646,0.2394,0.0889,0.1931,0.0738,0.0511,0.0365,0.074,0.0506,0.2666,0.1193
2202,-117.735,33.865,0.1718,0.052,0.196,0.0751,0.1437,0.065,0.2452,0.0896,0.1901,0.0728,0.0529,0.0356,0.0731,0.0499,0.2698,0.1212
2203,-117.725,33.865,0.1687,0.0517,0.1878,0.0716,0.1457,0.0667,0.2558,0.092,0.1898,0.0732,0.0562,0.0353,0.0732,0.0503,0.2728,0.1229
2204,-117.715,33.865,0.1639,0.0507,0.1788,0.0677,0.1458,0.0671,0.2623,0.0927,0.1875,0.0727,0.0584,0.0344,0.0724,0.0498,0.2722,0.122
2205,-117.705,33.865,0.1498,0.0455,0.1703,0.0643,0.1343,0.0604,0.244,0.0834,0.1749,0.0663,0.0531,0.0298,0.0656,0.044,0.2655,0.1169
2206,-117.695,33.865,0.1291,0.0379,0.1632,0.0615,0.1246,0.055,0.2273,0.0758,0.1544,0.056,0.0479,0.026,0.0599,0.0394,0.2492,0.1055
2207,-117.685,33.865,0.1193,0.0347,0.1575,0.0593,0.1169,0.0509,0.2122,0.0697,0.1459,0.0522,0.0428,0.023,0.0554,0.0358,0.2391,0.0992
2208,-117.675,33.865,0.0974,0.0271,0.1461,0.0546,0.1138,0.0494,0.2059,0.0671,0.1222,0.0417,0.0401,0.0215,0.0534,0.0343,0.2306,0.0941
2209,-117.665,33.865,0.106,0.0309,0.1347,0.05,0.1123,0.0489,0.2022,0.0657,0.1361,0.0485,0.0381,0.0203,0.0521,0.0334,0.2267,0.0917
2210,-117.655,33.865,0.1038,0.0306,0.1297,0.0481,0.1136,0.0499,0.2027,0.0663,0.1368,0.0493,0.0374,0.0198,0.0522,0.0336,0.2309,0.0939
2211,-118.945,33.875,0.0495,0.017,0.0684,0.0294,0.0978,0.0412,0.1965,0.0692,0.1035,0.0367,0.0132,0.011,0.081,0.041,0.0977,0.0436
2212,-118.935,33.875,0.0502,0.0172,0.0696,0.0299,0.0986,0.0415,0.1978,0.0696,0.105,0.0371,0.0133,0.011,0.081,0.0409,0.098,0.0436
2213,-118.925,33.875,0.0509,0.0174,0.0709,0.0304,0.0994,0.0418,0.1991,0.07,0.1067,0.0376,0.0133,0.011,0.0809,0.0409,0.0983,0.0436
2214,-118.915,33.875,0.0517,0.0176,0.0722,0.0309,0.1002,0.042,0.2003,0.0704,0.1084,0.0381,0.0134,0.011,0.0808,0.0409,0.0986,0.0437
2215,-118.905,33.875,0.0524,0.0177,0.0735,0.0314,0.1009,0.0423,0.2016,0.0708,0.1102,0.0386,0.0134,0.011,0.0807,0.0408,0.099,0.0438
2216,-118.895,33.875,0.0532,0.018,0.0748,0.0319,0.1016,0.0426,0.203,0.0712,0.112,0.0392,0.0135,0.011,0.0806,0.0408,0.0993,0.0438
2217,-118.885,33.875,0.054,0.0182,0.0762,0.0324,0.1023,0.0428,0.2043,0.0716,0.1139,0.0397,0.0136,0.011,0.0805,0.0408,0.0996,0.0439
2218,-118.875,33.875,0.0548,0.0184,0.0776,0.033,0.1031,0.0431,0.2058,0.072,0.1158,0.0403,0.0136,0.011,0.0804,0.0407,0.1,0.044
2219,-118.865,33.875,0.0556,0.0186,0.0791,0.0335,0.1038,0.0433,0.2072,0.0724,0.1178,0.0409,0.0137,0.011,0.0803,0.0407,0.1004,0.0441
2220,-118.855,33.875,0.0564,0.0188,0.0806,0.0341,0.1045,0.0436,0.2087,0.0729,0.1199,0.0415,0.0137,0.011,0.0801,0.0407,0.1008,0.0442
2221,-118.845,33.875,0.0572,0.019,0.0822,0.0347,0.1052,0.0438,0.2103,0.0734,0.1221,0.0422,0.0138,0.0111,0.08,0.0406,0.1011,0.0443
2222,-118.835,33.875,0.0581,0.0192,0.0837,0.0353,0.1058,0.0441,0.212,0.0738,0.1243,0.0429,0.0138,0.0111,0.0799,0.0406,0.1015,0.0444
2223,-118.825,33.875,0.0589,0.0195,0.0854,0.0359,0.1064,0.0443,0.2138,0.0744,0.1266,0.0436,0.0139,0.0111,0.0797,0.0405,0.102,0.0445
2224,-118.815,33.875,0.0598,0.0197,0.087,0.0365,0.107,0.0445,0.2156,0.0749,0.129,0.0443,0.014,0.0111,0.0796,0.0405,0.1024,0.0446
2225,-118.805,33.875,0.0607,0.0199,0.0887,0.0372,0.1076,0.0447,0.2176,0.0755,0.1314,0.045,0.0141,0.0112,0.0794,0.0404,0.1028,0.0447
2226,-118.795,33.875,0.0616,0.0201,0.0905,0.0378,0.1082,0.045,0.2197,0.0762,0.134,0.0458,0.0142,0.0112,0.0793,0.0403,0.1033,0.0448
2227,-118.785,33.875,0.0625,0.0204,0.0922,0.0385,0.1088,0.0452,0.2219,0.0769,0.1367,0.0466,0.0142,0.0112,0.0791,0.0403,0.1037,0.045
2228,-118.775,33.875,0.0635,0.0206,0.0941,0.0392,0.1093,0.0454,0.2243,0.0776,0.1393,0.0474,0.0143,0.0113,0.0789,0.0402,0.1042,0.0451
2229,-118.765,33.875,0.0644,0.0208,0.096,0.0399,0.1098,0.0456,0.2267,0.0784,0.1422,0.0483,0.0144,0.0113,0.0788,0.0402,0.1047,0.0452
2230,-118.755,33.875,0.0654,0.0211,0.0979,0.0406,0.1103,0.0457,0.2294,0.0792,0.1451,0.0492,0.0145,0.0114,0.0786,0.0401,0.1052,0.0454
2231,-118.745,33.875,0.0664,0.0213,0.0999,0.0413,0.1107,0.0459,0.2321,0.0801,0.1481,0.0501,0.0146,0.0115,0.0784,0.04,0.1057,0.0455
2232,-118.735,33.875,0.0674,0.0215,0.102,0.0421,0.1111,0.0461,0.2349,0.081,0.1512,0.0511,0.0147,0.0115,0.0782,0.04,0.1062,0.0457
2233,-118.725,33.875,0.0684,0.0218,0.1041,0.0429,0.1115,0.0462,0.2378,0.0819,0.1544,0.052,0.0149,0.0116,0.078,0.0399,0.1068,0.0459
2234,-118.715,33.875,0.0694,0.0221,0.1062,0.0437,0.1118,0.0464,0.2407,0.0829,0.1577,0.0531,0.015,0.0117,0.0778,0.0398,0.1074,0.046
2235,-118.705,33.875,0.0705,0.0223,0.1085,0.0445,0.1121,0.0465,0.2438,0.0839,0.1612,0.0542,0.0151,0.0118,0.0776,0.0398,0.108,0.0462
2236,-118.695,33.875,0.0716,0.0226,0.1108,0.0454,0.1124,0.0467,0.2469,0.0849,0.1647,0.0553,0.0152,0.0118,0.0774,0.0397,0.1086,0.0464
2237,-118.685,33.875,0.0727,0.0229,0.1132,0.0463,0.1126,0.0468,0.2501,0.0859,0.1683,0.0564,0.0153,0.0119,0.0772,0.0396,0.1092,0.0466
2238,-118.675,33.875,0.0738,0.0231,0.1158,0.0472,0.1128,0.0469,0.2534,0.087,0.1721,0.0576,0.0154,0.012,0.0769,0.0395,0.1098,0.0468
2239,-118.665,33.875,0.075,0.0234,0.1184,0.0481,0.113,0.047,0.2567,0.0881,0.1759,0.0588,0.0156,0.0121,0.0767,0.0395,0.1105,0.0471
2240,-118.655,33.875,0.0761,0.0237,0.1211,0.0491,0.1131,0.0471,0.2599,0.0892,0.1799,0.0601,0.0157,0.0122,0.0765,0.0394,0.1112,0.0473
2241,-118.645,33.875,0.0773,0.024,0.1239,0.0502,0.1132,0.0473,0.2631,0.0903,0.1839,0.0614,0.0158,0.0123,0.0762,0.0393,0.1119,0.0475
2242,-118.635,33.875,0.0785,0.0242,0.1269,0.0513,0.1134,0.0474,0.2662,0.0914,0.188,0.0627,0.0159,0.0124,0.076,0.0392,0.1126,0.0478
2243,-118.625,33.875,0.0797,0.0245,0.13,0.0524,0.1135,0.0475,0.2691,0.0925,0.1922,0.0641,0.016,0.0125,0.0758,0.0391,0.1132,0.048
2244,-118.615,33.875,0.081,0.0248,0.1333,0.0536,0.1135,0.0476,0.2719,0.0936,0.1965,0.0654,0.0161,0.0126,0.0755,0.039,0.114,0.0483
2245,-118.605,33.875,0.0822,0.0251,0.1367,0.0549,0.1135,0.0477,0.2744,0.0946,0.2008,0.0668,0.0163,0.0127,0.0753,0.0389,0.1147,0.0485
2246,-118.595,33.875,0.0834,0.0253,0.1403,0.0562,0.1136,0.0478,0.2767,0.0957,0.2052,0.0682,0.0164,0.0128,0.075,0.0389,0.1154,0.0488
2247,-118.585,33.875,0.0847,0.0256,0.144,0.0576,0.1136,0.0479,0.2788,0.0967,0.2096,0.0697,0.0165,0.0129,0.0747,0.0388,0.1161,0.0491
2248,-118.575,33.875,0.0859,0.0259,0.148,0.0591,0.1135,0.048,0.2804,0.0977,0.2139,0.0711,0.0165,0.013,0.0745,0.0387,0.1169,0.0493
2249,-118.565,33.875,0.0871,0.0261,0.1523,0.0607,0.1134,0.0482,0.2819,0.0986,0.2182,0.0725,0.0166,0.0131,0.0742,0.0386,0.1177,0.0496
2250,-118.555,33.875,0.0884,0.0263,0.1568,0.0624,0.1133,0.0483,0.2828,0.0995,0.2226,0.0739,0.0167,0.0132,0.0739,0.0385,0.1184,0.0498
2251,-118.545,33.875,0.0896,0.0266,0.1615,0.0641,0.1132,0.0484,0.2834,0.1003,0.2268,0.0752,0.0168,0.0133,0.0737,0.0384,0.1192,0.0501
2252,-118.535,33.875,0.0908,0.0268,0.1664,0.066,0.113,0.0485,0.2835,0.1011,0.231,0.0766,0.0169,0.0134,0.0734,0.0383,0.1199,0.0503
2253,-118.525,33.875,0.0921,0.027,0.1717,0.068,0.1128,0.0486,0.2819,0.1014,0.2351,0.0779,0.0169,0.0135,0.0731,0.0382,0.1207,0.0506
2254,-118.515,33.875,0.0933,0.0272,0.1773,0.0701,0.1126,0.0488,0.2797,0.1016,0.2389,0.0792,0.017,0.0135,0.0728,0.0381,0.1215,0.0509
2255,-118.505,33.875,0.0946,0.0275,0.1834,0.0724,0.1123,0.0489,0.2769,0.1016,0.2427,0.0804,0.017,0.0136,0.0725,0.038,0.1223,0.0512
2256,-118.495,33.875,0.096,0.0277,0.1899,0.0748,0.112,0.049,0.2737,0.1016,0.2463,0.0816,0.017,0.0136,0.0722,0.0379,0.1232,0.0515
2257,-118.485,33.875,0.0974,0.0279,0.1967,0.0774,0.1117,0.0491,0.2703,0.1014,0.2497,0.0827,0.017,0.0136,0.0719,0.0378,0.1241,0.0518
2258,-118.475,33.875,0.0989,0.0282,0.2043,0.0802,0.1113,0.0491,0.2678,0.1015,0.2529,0.0838,0.017,0.0135,0.0716,0.0377,0.1251,0.0522
2259,-118.465,33.875,0.1006,0.0285,0.2122,0.0832,0.111,0.0491,0.2655,0.1016,0.2559,0.0849,0.017,0.0135,0.0713,0.0376,0.1262,0.0527
2260,-118.455,33.875,0.1024,0.0288,0.2209,0.0865,0.1106,0.049,0.263,0.1014,0.2587,0.086,0.0169,0.0134,0.071,0.0375,0.1274,0.0532
2261,-118.445,33.875,0.1045,0.0292,0.2303,0.0901,0.1104,0.049,0.2602,0.1008,0.2613,0.0871,0.0169,0.0132,0.0707,0.0374,0.1288,0.0539
2262,-118.435,33.875,0.1067,0.0297,0.2402,0.0939,0.1102,0.0489,0.2569,0.0997,0.2638,0.0882,0.0167,0.013,0.0704,0.0372,0.1319,0.0556
2263,-118.425,33.875,0.1093,0.0303,0.3126,0.1368,0.1253,0.0586,0.2817,0.1155,0.266,0.0894,0.019,0.0151,0.08,0.0444,0.1444,0.0629
2264,-118.415,33.875,0.1719,0.0553,0.3863,0.1807,0.1439,0.0705,0.3121,0.1345,0.3857,0.1584,0.0216,0.0175,0.0917,0.0532,0.1789,0.0838
2265,-118.405,33.875,0.1773,0.0572,0.4044,0.19,0.1644,0.0832,0.3422,0.1514,0.3896,0.1615,0.0237,0.0196,0.1043,0.0627,0.2015,0.0995
2266,-118.395,33.875,0.1858,0.0606,0.4243,0.2008,0.1765,0.0908,0.3536,0.1573,0.3969,0.1674,0.0242,0.02,0.1113,0.0681,0.2137,0.1082
2267,-118.385,33.875,0.1953,0.0647,0.4461,0.2133,0.1803,0.093,0.3464,0.1523,0.4045,0.1739,0.023,0.0187,0.1127,0.0694,0.2207,0.1134
2268,-118.375,33.875,0.2046,0.0688,0.4654,0.2239,0.1848,0.0957,0.3378,0.1486,0.4101,0.1792,0.0229,0.0185,0.1142,0.0709,0.2281,0.119
2269,-118.365,33.875,0.2155,0.074,0.4835,0.2335,0.1891,0.0982,0.3287,0.1449,0.4167,0.1857,0.0233,0.0188,0.1155,0.0721,0.2353,0.1247
2270,-118.355,33.875,0.2238,0.078,0.4986,0.2402,0.1917,0.0993,0.3181,0.1403,0.419,0.1888,0.025,0.0205,0.1154,0.0722,0.2422,0.1302
2271,-118.345,33.875,0.2349,0.0838,0.5172,0.2501,0.1959,0.1016,0.3098,0.1371,0.4242,0.1947,0.0267,0.0221,0.1162,0.0732,0.25,0.1365
2272,-118.335,33.875,0.2482,0.0913,0.5393,0.2631,0.2016,0.105,0.304,0.1351,0.4306,0.202,0.0286,0.0239,0.118,0.0749,0.2585,0.1434
2273,-118.325,33.875,0.2593,0.0978,0.5583,0.2724,0.2033,0.1055,0.2942,0.1302,0.429,0.2019,0.0297,0.0249,0.1175,0.0746,0.2618,0.1454
2274,-118.315,33.875,0.2694,0.104,0.577,0.2811,0.204,0.1052,0.284,0.125,0.4215,0.1963,0.0306,0.0258,0.1164,0.0739,0.2615,0.1441
2275,-118.305,33.875,0.28,0.1107,0.5967,0.2902,0.2042,0.1045,0.2766,0.1213,0.414,0.1909,0.031,0.0265,0.1152,0.0732,0.2606,0.1422
2276,-118.295,33.875,0.2918,0.1181,0.6174,0.3002,0.2046,0.1039,0.2717,0.119,0.4076,0.1865,0.0314,0.0275,0.1145,0.0729,0.26,0.1405
2277,-118.285,33.875,0.3028,0.1247,0.6393,0.3111,0.2052,0.1035,0.2693,0.1181,0.401,0.1819,0.0317,0.0286,0.1143,0.0729,0.2597,0.139
2278,-118.275,33.875,0.308,0.1265,0.6571,0.3149,0.2017,0.1001,0.2646,0.1146,0.3919,0.174,0.031,0.0287,0.1117,0.0709,0.2563,0.1351
2279,-118.265,33.875,0.3132,0.1273,0.6756,0.3188,0.1978,0.0965,0.2603,0.111,0.3854,0.1685,0.0303,0.0289,0.1089,0.0689,0.2539,0.1323
2280,-118.255,33.875,0.3202,0.1287,0.7011,0.3296,0.1965,0.0947,0.2607,0.1098,0.3829,0.1668,0.0306,0.0297,0.1078,0.0682,0.2534,0.1312
2281,-118.245,33.875,0.3274,0.1297,0.7295,0.3428,0.1948,0.0928,0.2612,0.1085,0.3816,0.1666,0.0313,0.0308,0.1066,0.0674,0.2551,0.1323
2282,-118.235,33.875,0.3326,0.1293,0.761,0.3585,0.1928,0.0907,0.2618,0.107,0.3786,0.1652,0.0325,0.0322,0.1052,0.0664,0.2591,0.1353
2283,-118.225,33.875,0.3475,0.1355,0.8007,0.4064,0.204,0.0977,0.2788,0.1159,0.3858,0.172,0.0371,0.0375,0.112,0.0724,0.2733,0.1471
2284,-118.215,33.875,0.3879,0.1619,0.8371,0.4534,0.2163,0.1055,0.2975,0.1258,0.4191,0.203,0.042,0.0433,0.1194,0.0791,0.2911,0.1624
2285,-118.205,33.875,0.3983,0.167,0.8494,0.4645,0.2211,0.1081,0.3073,0.1304,0.4229,0.2082,0.0457,0.0475,0.1222,0.0818,0.3039,0.1739
2286,-118.195,33.875,0.4006,0.1663,0.8571,0.4663,0.2222,0.1082,0.3124,0.1324,0.4221,0.2081,0.0484,0.0503,0.1227,0.0825,0.306,0.1755
2287,-118.185,33.875,0.3992,0.1639,0.8604,0.4587,0.2197,0.1059,0.3129,0.1318,0.4218,0.2074,0.0502,0.0516,0.1208,0.0811,0.3073,0.1761
2288,-118.175,33.875,0.396,0.1614,0.8598,0.4526,0.2188,0.1049,0.3141,0.1323,0.4216,0.2071,0.051,0.0525,0.1197,0.0803,0.3084,0.1766
2289,-118.165,33.875,0.3928,0.1598,0.8571,0.4472,0.2186,0.1044,0.3155,0.1331,0.4215,0.2069,0.0513,0.0532,0.1188,0.0798,0.31,0.1775
2290,-118.155,33.875,0.3904,0.1592,0.8483,0.4431,0.2194,0.1048,0.318,0.135,0.4222,0.2075,0.0506,0.0533,0.1185,0.0798,0.3121,0.179
2291,-118.145,33.875,0.3879,0.1589,0.8369,0.4361,0.2199,0.1049,0.3201,0.1368,0.4226,0.2078,0.05,0.0533,0.118,0.0797,0.3139,0.1801
2292,-118.135,33.875,0.3851,0.1584,0.823,0.4262,0.22,0.1047,0.3219,0.1383,0.4224,0.2075,0.0494,0.0533,0.1174,0.0794,0.3156,0.1811
2293,-118.125,33.875,0.3825,0.158,0.8048,0.4138,0.2201,0.1045,0.3232,0.1401,0.4219,0.2069,0.0494,0.0535,0.117,0.0793,0.3173,0.1822
2294,-118.115,33.875,0.3815,0.1591,0.7846,0.4005,0.2203,0.1045,0.3242,0.1418,0.4221,0.2071,0.0495,0.0536,0.1166,0.0792,0.3192,0.1835
2295,-118.105,33.875,0.3817,0.1613,0.759,0.3852,0.2208,0.1048,0.3239,0.1428,0.422,0.2075,0.05,0.0535,0.1161,0.0791,0.3213,0.185
2296,-118.095,33.875,0.3818,0.163,0.7325,0.3681,0.2209,0.1048,0.3221,0.1434,0.4209,0.2069,0.0505,0.0532,0.1154,0.0787,0.3228,0.1858
2297,-118.085,33.875,0.3807,0.1632,0.7052,0.3492,0.2205,0.1045,0.3187,0.1434,0.4178,0.2044,0.0508,0.0524,0.1143,0.078,0.3238,0.1862
2298,-118.075,33.875,0.3805,0.1634,0.6778,0.3317,0.2213,0.1051,0.3169,0.1444,0.4143,0.2019,0.0518,0.052,0.1138,0.0779,0.3249,0.1867
2299,-118.065,33.875,0.382,0.1639,0.6508,0.3151,0.2224,0.106,0.3158,0.1455,0.4113,0.2,0.053,0.0518,0.1134,0.0778,0.3267,0.188
2300,-118.055,33.875,0.3853,0.1647,0.6264,0.3014,0.223,0.1066,0.3166,0.1464,0.4091,0.199,0.055,0.0518,0.1129,0.0776,0.3288,0.1896
2301,-118.045,33.875,0.389,0.1646,0.603,0.2881,0.2195,0.1044,0.3135,0.1439,0.4069,0.1982,0.0557,0.0506,0.1103,0.0756,0.3291,0.1893
2302,-118.035,33.875,0.3916,0.1626,0.5806,0.2753,0.2118,0.0993,0.3066,0.1378,0.4024,0.1951,0.0549,0.0483,0.1057,0.0718,0.3247,0.1843
2303,-118.025,33.875,0.3811,0.1495,0.5502,0.2523,0.2082,0.0969,0.3069,0.1361,0.383,0.1787,0.0544,0.0478,0.1038,0.0704,0.316,0.1752
2304,-118.015,33.875,0.3735,0.1397,0.519,0.2285,0.2053,0.0949,0.3087,0.1352,0.3686,0.1675,0.054,0.0477,0.1024,0.0695,0.309,0.168
2305,-118.005,33.875,0.3654,0.1305,0.4921,0.2117,0.2024,0.0928,0.3105,0.1338,0.3563,0.1586,0.0537,0.0476,0.1012,0.0687,0.3038,0.1625
2306,-117.995,33.875,0.3552,0.121,0.4683,0.1981,0.1987,0.0903,0.3114,0.1318,0.3456,0.1512,0.0533,0.0474,0.0996,0.0675,0.3,0.1584
2307,-117.985,33.875,0.3472,0.1141,0.4476,0.1876,0.1943,0.0874,0.3115,0.1291,0.3389,0.1469,0.0527,0.047,0.0974,0.0658,0.2968,0.1549
2308,-117.975,33.875,0.3379,0.107,0.4296,0.179,0.1922,0.0861,0.3143,0.1278,0.3316,0.1425,0.0532,0.0479,0.0967,0.0654,0.2952,0.1529
2309,-117.965,33.875,0.3305,0.1017,0.4122,0.1709,0.1907,0.085,0.3176,0.1269,0.3276,0.1406,0.0537,0.0487,0.0962,0.0653,0.2946,0.1516
2310,-117.955,33.875,0.3203,0.0955,0.3955,0.1628,0.1894,0.084,0.3206,0.126,0.3212,0.1369,0.0527,0.0483,0.0961,0.0653,0.2945,0.1508
2311,-117.945,33.875,0.3115,0.0904,0.38,0.1556,0.1876,0.0826,0.3225,0.1249,0.3159,0.1342,0.0512,0.0471,0.0958,0.0654,0.2949,0.1505
2312,-117.935,33.875,0.3052,0.0871,0.3657,0.1493,0.1851,0.0806,0.3234,0.1234,0.312,0.1325,0.0493,0.0452,0.0956,0.0654,0.2974,0.1519
2313,-117.925,33.875,0.3063,0.0877,0.355,0.1452,0.1823,0.0783,0.3146,0.1213,0.315,0.1357,0.0482,0.044,0.0957,0.0657,0.3003,0.1537
2314,-117.915,33.875,0.3019,0.0859,0.3457,0.142,0.1799,0.0762,0.3046,0.1197,0.3111,0.1341,0.0477,0.0432,0.0962,0.0665,0.3035,0.1559
2315,-117.905,33.875,0.3017,0.0864,0.3397,0.1409,0.1799,0.0754,0.2982,0.1207,0.3118,0.136,0.049,0.0439,0.0984,0.0686,0.3081,0.1595
2316,-117.895,33.875,0.3042,0.0886,0.3369,0.1421,0.179,0.0742,0.2918,0.1208,0.3157,0.1404,0.0503,0.0442,0.1,0.0703,0.3149,0.1653
2317,-117.885,33.875,0.3099,0.0932,0.3372,0.1456,0.1774,0.0726,0.2852,0.1201,0.3237,0.1483,0.0515,0.0442,0.101,0.0715,0.3177,0.1676
2318,-117.875,33.875,0.2886,0.0836,0.3146,0.1318,0.1752,0.072,0.2767,0.1167,0.304,0.1343,0.0518,0.0431,0.1,0.0708,0.3172,0.1668
2319,-117.865,33.875,0.2767,0.0794,0.2891,0.1159,0.1736,0.0721,0.2692,0.1135,0.2927,0.1274,0.0522,0.0421,0.0989,0.07,0.3159,0.1652
2320,-117.855,33.875,0.2778,0.0819,0.2719,0.1066,0.1749,0.0742,0.2682,0.1133,0.2928,0.1291,0.0536,0.0424,0.0995,0.0708,0.3104,0.16
2321,-117.845,33.875,0.2508,0.0706,0.2572,0.099,0.172,0.0738,0.2614,0.1096,0.2634,0.1091,0.0534,0.0414,0.0974,0.0692,0.3002,0.1506
2322,-117.835,33.875,0.2444,0.0694,0.245,0.093,0.1649,0.0709,0.249,0.1024,0.255,0.1043,0.0517,0.0392,0.0927,0.0651,0.2891,0.1407
2323,-117.825,33.875,0.239,0.0687,0.2366,0.0894,0.1591,0.0685,0.2399,0.0973,0.2472,0.1,0.0505,0.0377,0.0888,0.0618,0.2809,0.1334
2324,-117.815,33.875,0.231,0.0668,0.229,0.0863,0.1543,0.0667,0.2329,0.0933,0.237,0.0943,0.0496,0.0367,0.0853,0.0589,0.2744,0.1277
2325,-117.805,33.875,0.2214,0.0641,0.2211,0.083,0.1528,0.0666,0.232,0.0927,0.2266,0.0885,0.0498,0.037,0.0837,0.0577,0.2695,0.1234
2326,-117.795,33.875,0.2144,0.0625,0.2139,0.0801,0.1504,0.0658,0.2305,0.0914,0.2197,0.0851,0.0496,0.037,0.0815,0.0559,0.2656,0.12
2327,-117.785,33.875,0.2051,0.0598,0.2074,0.0776,0.1471,0.0644,0.2282,0.0895,0.2114,0.0808,0.049,0.0368,0.0787,0.0537,0.2627,0.1173
2328,-117.775,33.875,0.1975,0.0578,0.2067,0.0783,0.1486,0.0658,0.2339,0.0913,0.2056,0.0781,0.0502,0.0377,0.0786,0.0538,0.2643,0.1179
2329,-117.765,33.875,0.1999,0.0601,0.2064,0.0792,0.1501,0.0672,0.24,0.0932,0.2103,0.0814,0.0515,0.0384,0.0786,0.0539,0.2676,0.1198
2330,-117.755,33.875,0.1944,0.059,0.2017,0.0777,0.1474,0.0659,0.2406,0.0917,0.2073,0.0803,0.0516,0.0371,0.0761,0.052,0.27,0.121
2331,-117.745,33.875,0.1865,0.0567,0.1978,0.0765,0.1462,0.0656,0.244,0.0913,0.202,0.0779,0.0524,0.0361,0.0745,0.0507,0.2714,0.1215
2332,-117.735,33.875,0.1806,0.0553,0.1947,0.0758,0.1465,0.0661,0.2503,0.0922,0.1989,0.0768,0.0541,0.0355,0.0738,0.0503,0.2744,0.1232
2333,-117.725,33.875,0.1713,0.0523,0.1898,0.074,0.1478,0.0673,0.2592,0.0939,0.192,0.0735,0.0565,0.0352,0.0736,0.0503,0.2771,0.1246
2334,-117.715,33.875,0.1668,0.0514,0.1854,0.0724,0.148,0.0678,0.2655,0.0945,0.1903,0.0732,0.0582,0.0345,0.0729,0.0499,0.2799,0.1261
2335,-117.705,33.875,0.164,0.0511,0.1845,0.0729,0.1418,0.0644,0.2573,0.0895,0.1902,0.0737,0.0552,0.0316,0.0689,0.0466,0.2802,0.1257
2336,-117.695,33.875,0.1521,0.047,0.1808,0.0717,0.1365,0.0615,0.2492,0.0853,0.1802,0.0687,0.0518,0.0291,0.0654,0.0438,0.273,0.1198
2337,-117.685,33.875,0.148,0.046,0.1743,0.0689,0.132,0.0593,0.2413,0.0817,0.1792,0.0686,0.0482,0.0269,0.0625,0.0416,0.2715,0.1181
2338,-117.675,33.875,0.1452,0.0457,0.1723,0.0686,0.1314,0.0593,0.241,0.0809,0.1802,0.0697,0.0463,0.0258,0.0616,0.041,0.2735,0.1191
2339,-117.665,33.875,0.1413,0.0448,0.1701,0.0683,0.1324,0.0603,0.2437,0.0813,0.1802,0.0704,0.0452,0.0251,0.0615,0.041,0.2782,0.1219
2340,-117.655,33.875,0.1315,0.0414,0.1628,0.0649,0.1373,0.0637,0.2535,0.0847,0.1731,0.0671,0.0456,0.0254,0.0633,0.0428,0.2846,0.1258
2341,-118.945,33.885,0.0497,0.0171,0.0685,0.0295,0.0994,0.0418,0.2004,0.0702,0.1038,0.0367,0.0134,0.0111,0.0821,0.0413,0.0984,0.0436
2342,-118.935,33.885,0.0505,0.0173,0.0697,0.03,0.1002,0.0421,0.2017,0.0706,0.1055,0.0371,0.0134,0.0111,0.082,0.0413,0.0987,0.0437
2343,-118.925,33.885,0.0512,0.0174,0.071,0.0305,0.101,0.0424,0.2029,0.071,0.1072,0.0376,0.0134,0.0111,0.0819,0.0413,0.099,0.0437
2344,-118.915,33.885,0.052,0.0177,0.0723,0.031,0.1018,0.0427,0.2041,0.0714,0.1089,0.0381,0.0135,0.0111,0.0818,0.0412,0.0993,0.0438
2345,-118.905,33.885,0.0527,0.0179,0.0736,0.0315,0.1026,0.043,0.2054,0.0717,0.1107,0.0387,0.0135,0.0111,0.0817,0.0412,0.0997,0.0438
2346,-118.895,33.885,0.0535,0.0181,0.0749,0.032,0.1034,0.0432,0.2067,0.0721,0.1125,0.0392,0.0136,0.0111,0.0816,0.0412,0.1,0.0439
2347,-118.885,33.885,0.0543,0.0183,0.0763,0.0325,0.1041,0.0435,0.208,0.0725,0.1145,0.0398,0.0136,0.0111,0.0815,0.0411,0.1003,0.044
2348,-118.875,33.885,0.0551,0.0185,0.0778,0.0331,0.1049,0.0438,0.2094,0.0729,0.1165,0.0404,0.0137,0.0111,0.0814,0.0411,0.1007,0.0441
2349,-118.865,33.885,0.0559,0.0187,0.0793,0.0337,0.1056,0.044,0.2109,0.0733,0.1186,0.041,0.0137,0.0111,0.0813,0.0411,0.1011,0.0442
2350,-118.855,33.885,0.0567,0.0189,0.0808,0.0343,0.1064,0.0443,0.2124,0.0737,0.1207,0.0417,0.0138,0.0111,0.0812,0.041,0.1015,0.0443
2351,-118.845,33.885,0.0576,0.0191,0.0823,0.0348,0.1071,0.0445,0.214,0.0742,0.1229,0.0423,0.0139,0.0111,0.081,0.041,0.1019,0.0444
2352,-118.835,33.885,0.0584,0.0194,0.0839,0.0355,0.1077,0.0448,0.2156,0.0747,0.1252,0.043,0.0139,0.0111,0.0809,0.0409,0.1023,0.0445
2353,-118.825,33.885,0.0593,0.0196,0.0855,0.0361,0.1084,0.045,0.2174,0.0752,0.1276,0.0437,0.014,0.0111,0.0807,0.0409,0.1027,0.0446
2354,-118.815,33.885,0.0602,0.0198,0.0872,0.0367,0.109,0.0453,0.2192,0.0758,0.1301,0.0445,0.0141,0.0112,0.0806,0.0408,0.1032,0.0447
2355,-118.805,33.885,0.0611,0.02,0.0889,0.0374,0.1097,0.0455,0.2212,0.0764,0.1326,0.0452,0.0141,0.0112,0.0804,0.0408,0.1036,0.0448
2356,-118.795,33.885,0.062,0.0202,0.0907,0.038,0.1103,0.0457,0.2233,0.077,0.1352,0.0461,0.0142,0.0112,0.0803,0.0407,0.104,0.0449
2357,-118.785,33.885,0.0629,0.0205,0.0925,0.0387,0.1109,0.046,0.2255,0.0777,0.138,0.0469,0.0143,0.0113,0.0801,0.0406,0.1045,0.0451
2358,-118.775,33.885,0.0639,0.0207,0.0943,0.0394,0.1114,0.0462,0.228,0.0785,0.1408,0.0477,0.0144,0.0113,0.0799,0.0406,0.105,0.0452
2359,-118.765,33.885,0.0648,0.021,0.0962,0.0401,0.112,0.0464,0.2306,0.0793,0.1438,0.0486,0.0145,0.0114,0.0797,0.0405,0.1055,0.0453
2360,-118.755,33.885,0.0658,0.0212,0.0981,0.0408,0.1125,0.0466,0.2333,0.0802,0.1468,0.0496,0.0146,0.0114,0.0796,0.0404,0.106,0.0455
2361,-118.745,33.885,0.0668,0.0214,0.1001,0.0416,0.1129,0.0468,0.2362,0.0811,0.1499,0.0505,0.0147,0.0115,0.0794,0.0404,0.1065,0.0456
2362,-118.735,33.885,0.0678,0.0217,0.1021,0.0423,0.1134,0.047,0.2392,0.082,0.1532,0.0516,0.0148,0.0116,0.0792,0.0403,0.1071,0.0458
2363,-118.725,33.885,0.0688,0.0219,0.1042,0.0431,0.1138,0.0471,0.2424,0.0831,0.1566,0.0526,0.0149,0.0117,0.079,0.0402,0.1077,0.046
2364,-118.715,33.885,0.0699,0.0222,0.1064,0.0439,0.1142,0.0473,0.2456,0.0841,0.1601,0.0537,0.0151,0.0117,0.0788,0.0402,0.1083,0.0462
2365,-118.705,33.885,0.071,0.0225,0.1086,0.0447,0.1145,0.0474,0.2491,0.0852,0.1638,0.0549,0.0152,0.0118,0.0785,0.0401,0.1089,0.0464
2366,-118.695,33.885,0.0721,0.0227,0.1109,0.0456,0.1148,0.0476,0.2527,0.0864,0.1675,0.0561,0.0153,0.0119,0.0783,0.04,0.1096,0.0466
2367,-118.685,33.885,0.0732,0.023,0.1133,0.0465,0.115,0.0477,0.2564,0.0876,0.1715,0.0573,0.0154,0.012,0.0781,0.0399,0.1102,0.0468
2368,-118.675,33.885,0.0744,0.0233,0.1158,0.0474,0.1152,0.0479,0.2602,0.0888,0.1755,0.0586,0.0156,0.0121,0.0779,0.0399,0.1109,0.0471
2369,-118.665,33.885,0.0755,0.0236,0.1184,0.0483,0.1155,0.048,0.2639,0.09,0.1796,0.0599,0.0157,0.0122,0.0776,0.0398,0.1116,0.0473
2370,-118.655,33.885,0.0767,0.0238,0.1211,0.0493,0.1156,0.0481,0.2675,0.0912,0.1839,0.0613,0.0158,0.0123,0.0774,0.0397,0.1123,0.0476
2371,-118.645,33.885,0.0779,0.0241,0.1239,0.0504,0.1157,0.0482,0.271,0.0924,0.1883,0.0627,0.0159,0.0124,0.0772,0.0396,0.1131,0.0478
2372,-118.635,33.885,0.0791,0.0244,0.1269,0.0515,0.1159,0.0484,0.2745,0.0936,0.1928,0.0641,0.0161,0.0125,0.0769,0.0395,0.1138,0.0481
2373,-118.625,33.885,0.0804,0.0247,0.13,0.0527,0.116,0.0485,0.2778,0.0948,0.1974,0.0656,0.0162,0.0126,0.0767,0.0394,0.1145,0.0484
2374,-118.615,33.885,0.0816,0.025,0.1332,0.0539,0.1161,0.0486,0.281,0.0961,0.2021,0.0671,0.0163,0.0127,0.0764,0.0393,0.1153,0.0487
2375,-118.605,33.885,0.0829,0.0253,0.1366,0.0551,0.1161,0.0487,0.2839,0.0972,0.2069,0.0687,0.0164,0.0129,0.0762,0.0392,0.1161,0.049
2376,-118.595,33.885,0.0841,0.0256,0.1402,0.0565,0.1162,0.0489,0.2865,0.0984,0.2117,0.0703,0.0165,0.013,0.0759,0.0392,0.1169,0.0492
2377,-118.585,33.885,0.0854,0.0258,0.1439,0.0579,0.1162,0.049,0.2889,0.0996,0.2166,0.0718,0.0166,0.0131,0.0756,0.0391,0.1177,0.0495
2378,-118.575,33.885,0.0866,0.0261,0.148,0.0594,0.1161,0.0491,0.2907,0.1007,0.2215,0.0734,0.0167,0.0132,0.0753,0.039,0.1186,0.0498
2379,-118.565,33.885,0.0879,0.0263,0.1521,0.061,0.116,0.0493,0.2924,0.1018,0.2264,0.075,0.0168,0.0133,0.0751,0.0389,0.1194,0.0501
2380,-118.555,33.885,0.0891,0.0266,0.1566,0.0627,0.1159,0.0494,0.2935,0.1028,0.2313,0.0766,0.0169,0.0134,0.0748,0.0388,0.1202,0.0504
2381,-118.545,33.885,0.0903,0.0268,0.1613,0.0645,0.1158,0.0496,0.2942,0.1038,0.2361,0.0782,0.0169,0.0135,0.0745,0.0387,0.121,0.0507
2382,-118.535,33.885,0.0915,0.027,0.1661,0.0663,0.1157,0.0498,0.2945,0.1048,0.2408,0.0797,0.017,0.0136,0.0742,0.0386,0.1218,0.051
2383,-118.525,33.885,0.0927,0.0272,0.1715,0.0684,0.1155,0.05,0.2926,0.1053,0.2454,0.0812,0.0171,0.0137,0.0739,0.0385,0.1226,0.0512
2384,-118.515,33.885,0.0939,0.0274,0.177,0.0705,0.1152,0.0501,0.2901,0.1056,0.2499,0.0826,0.0171,0.0138,0.0736,0.0384,0.1235,0.0515
2385,-118.505,33.885,0.0952,0.0276,0.183,0.0727,0.115,0.0503,0.2868,0.1057,0.2542,0.084,0.0171,0.0138,0.0733,0.0383,0.1243,0.0518
2386,-118.495,33.885,0.0965,0.0278,0.1893,0.0751,0.1147,0.0505,0.283,0.1057,0.2583,0.0854,0.0172,0.0138,0.0731,0.0382,0.1252,0.0521
2387,-118.485,33.885,0.0978,0.028,0.196,0.0777,0.1144,0.0506,0.2789,0.1056,0.2622,0.0866,0.0172,0.0138,0.0728,0.0381,0.1261,0.0525
2388,-118.475,33.885,0.0993,0.0283,0.2033,0.0804,0.114,0.0507,0.2758,0.1059,0.2659,0.0879,0.0172,0.0138,0.0724,0.038,0.1271,0.0529
2389,-118.465,33.885,0.1009,0.0286,0.2109,0.0833,0.1135,0.0507,0.2729,0.1061,0.2693,0.0891,0.0172,0.0137,0.0721,0.0378,0.1282,0.0533
2390,-118.455,33.885,0.1028,0.0289,0.2193,0.0865,0.113,0.0506,0.2702,0.1062,0.2724,0.0903,0.0171,0.0136,0.0718,0.0377,0.1294,0.0538
2391,-118.445,33.885,0.105,0.0293,0.2281,0.0898,0.1126,0.0505,0.2671,0.1058,0.2754,0.0915,0.0171,0.0134,0.0715,0.0376,0.1307,0.0545
2392,-118.435,33.885,0.1074,0.0299,0.2375,0.0934,0.1122,0.0504,0.2635,0.1048,0.2781,0.0927,0.017,0.0132,0.0712,0.0375,0.14,0.0596
2393,-118.425,33.885,0.1217,0.0352,0.3075,0.1349,0.1421,0.0697,0.3167,0.1383,0.3048,0.1079,0.0218,0.0177,0.0907,0.0519,0.1601,0.0717
2394,-118.415,33.885,0.1729,0.0555,0.3794,0.1777,0.1726,0.0895,0.3696,0.1713,0.4029,0.1648,0.0265,0.0221,0.1104,0.0666,0.1943,0.0934
2395,-118.405,33.885,0.1808,0.0586,0.3998,0.189,0.1764,0.0918,0.3649,0.1663,0.4096,0.17,0.0256,0.0211,0.1119,0.0679,0.2086,0.1035
2396,-118.395,33.885,0.1904,0.0626,0.4183,0.199,0.1794,0.0936,0.3574,0.1601,0.4172,0.1763,0.0243,0.0196,0.1128,0.0688,0.2171,0.1096
2397,-118.385,33.885,0.1989,0.0661,0.4349,0.2077,0.1816,0.0947,0.3472,0.1525,0.4213,0.1802,0.0225,0.0178,0.1132,0.0694,0.2233,0.1142
2398,-118.375,33.885,0.2096,0.0709,0.4524,0.2172,0.185,0.0965,0.3363,0.1477,0.4268,0.1856,0.0221,0.0174,0.114,0.0703,0.2301,0.1193
2399,-118.365,33.885,0.2211,0.0763,0.4699,0.2266,0.1887,0.0984,0.3256,0.1437,0.4316,0.1908,0.0224,0.0178,0.1149,0.0712,0.2369,0.1246
2400,-118.355,33.885,0.2328,0.0821,0.4866,0.2353,0.1924,0.1001,0.3163,0.1405,0.4355,0.1955,0.0247,0.0201,0.1154,0.0718,0.2441,0.1302
2401,-118.345,33.885,0.2463,0.0894,0.5056,0.2461,0.1971,0.1028,0.3092,0.1384,0.4412,0.2022,0.027,0.0223,0.1165,0.0729,0.2519,0.1364
2402,-118.335,33.885,0.2598,0.0973,0.5269,0.2589,0.203,0.1064,0.3043,0.1373,0.4454,0.2078,0.0294,0.0244,0.1183,0.0746,0.2597,0.1427
2403,-118.325,33.885,0.2702,0.1039,0.5446,0.2674,0.2055,0.1075,0.296,0.1337,0.4428,0.207,0.0308,0.0254,0.1179,0.0746,0.2628,0.1446
2404,-118.315,33.885,0.281,0.111,0.5619,0.2751,0.207,0.1078,0.287,0.1296,0.4371,0.2035,0.0319,0.0261,0.117,0.074,0.2635,0.1443
2405,-118.305,33.885,0.2911,0.1179,0.58,0.2832,0.2071,0.107,0.2783,0.1255,0.4291,0.198,0.032,0.0264,0.1155,0.073,0.2629,0.1428
2406,-118.295,33.885,0.2997,0.1238,0.5979,0.2906,0.2063,0.1055,0.2713,0.1222,0.4189,0.1906,0.0317,0.0266,0.1139,0.0719,0.2614,0.1405
2407,-118.285,33.885,0.3082,0.129,0.6156,0.2972,0.2047,0.1035,0.2659,0.1196,0.41,0.1841,0.0311,0.0266,0.1122,0.0707,0.2594,0.1378
2408,-118.275,33.885,0.3158,0.1325,0.6363,0.3049,0.2028,0.1012,0.2637,0.1172,0.4045,0.1795,0.0302,0.0267,0.1105,0.0695,0.2579,0.1355
2409,-118.265,33.885,0.3233,0.134,0.659,0.3142,0.2012,0.0991,0.2629,0.1152,0.4017,0.1772,0.0295,0.0268,0.109,0.0685,0.2579,0.1347
2410,-118.255,33.885,0.3313,0.1351,0.6882,0.3297,0.2008,0.0979,0.2655,0.1141,0.4012,0.1772,0.0295,0.0275,0.1084,0.0682,0.2594,0.1354
2411,-118.245,33.885,0.3374,0.1344,0.7209,0.3501,0.2006,0.0968,0.2686,0.1131,0.3997,0.1767,0.0305,0.0289,0.1079,0.068,0.2622,0.1373
2412,-118.235,33.885,0.345,0.1349,0.757,0.3752,0.2004,0.0959,0.272,0.1121,0.3999,0.1781,0.0323,0.031,0.1075,0.068,0.2721,0.1452
2413,-118.225,33.885,0.3842,0.159,0.7903,0.4132,0.2156,0.1056,0.2949,0.1231,0.4332,0.2093,0.0384,0.038,0.1166,0.0761,0.2873,0.1582
2414,-118.215,33.885,0.3971,0.165,0.8186,0.4472,0.2306,0.1152,0.3177,0.1339,0.4389,0.2166,0.0447,0.045,0.1257,0.0841,0.3016,0.1708
2415,-118.205,33.885,0.4026,0.1659,0.8247,0.4489,0.229,0.1132,0.3209,0.1318,0.4378,0.217,0.0475,0.0477,0.1246,0.0834,0.3082,0.1765
2416,-118.195,33.885,0.4047,0.165,0.8268,0.445,0.2265,0.1107,0.3229,0.1303,0.4366,0.2161,0.0499,0.0498,0.123,0.0822,0.3097,0.1774
2417,-118.185,33.885,0.4041,0.1629,0.8249,0.4353,0.2232,0.1075,0.3237,0.1294,0.4359,0.2151,0.0519,0.0512,0.1207,0.0804,0.3107,0.1778
2418,-118.175,33.885,0.4017,0.1604,0.8199,0.4266,0.2217,0.106,0.3246,0.1297,0.4347,0.2136,0.0524,0.052,0.1193,0.0795,0.3117,0.1782
2419,-118.165,33.885,0.4014,0.1608,0.8136,0.4185,0.221,0.1051,0.3257,0.1306,0.4354,0.2142,0.0525,0.0526,0.1182,0.0789,0.3132,0.179
2420,-118.155,33.885,0.4005,0.1612,0.8038,0.4116,0.2217,0.1053,0.3273,0.1326,0.4352,0.214,0.0512,0.0526,0.1179,0.0788,0.3146,0.1798
2421,-118.145,33.885,0.3993,0.1622,0.7923,0.4039,0.2223,0.1054,0.3284,0.1346,0.4346,0.2133,0.0504,0.0527,0.1175,0.0788,0.316,0.1805
2422,-118.135,33.885,0.3987,0.164,0.7792,0.3952,0.2227,0.1054,0.3292,0.1366,0.4347,0.2133,0.0498,0.0529,0.1171,0.0787,0.3176,0.1815
2423,-118.125,33.885,0.3986,0.1663,0.7628,0.385,0.2234,0.1055,0.3288,0.1388,0.4353,0.2139,0.0498,0.0531,0.117,0.0788,0.3196,0.1829
2424,-118.115,33.885,0.3981,0.1687,0.7449,0.374,0.2241,0.1058,0.3279,0.141,0.4348,0.2137,0.0499,0.0534,0.1168,0.079,0.3214,0.184
2425,-118.105,33.885,0.3983,0.1724,0.7231,0.361,0.2251,0.1065,0.3264,0.1428,0.4339,0.2131,0.0504,0.0534,0.1165,0.0789,0.323,0.1849
2426,-118.095,33.885,0.3973,0.1751,0.7,0.3466,0.2254,0.1067,0.3236,0.1441,0.4312,0.211,0.0509,0.0531,0.1157,0.0785,0.324,0.1854
2427,-118.085,33.885,0.3959,0.1769,0.6757,0.3307,0.2249,0.1064,0.3197,0.1448,0.4277,0.2082,0.0513,0.0524,0.1145,0.0777,0.3247,0.1854
2428,-118.075,33.885,0.3963,0.1792,0.6509,0.3161,0.2261,0.1073,0.3192,0.1472,0.4251,0.2066,0.0526,0.0522,0.1141,0.0777,0.3258,0.1859
2429,-118.065,33.885,0.3991,0.1814,0.626,0.3017,0.2272,0.1082,0.3195,0.1498,0.4231,0.2059,0.054,0.0521,0.1137,0.0776,0.3277,0.1873
2430,-118.055,33.885,0.4027,0.1815,0.6014,0.2874,0.2267,0.1082,0.3201,0.1507,0.4196,0.2037,0.0558,0.0518,0.1125,0.0768,0.3267,0.1857
2431,-118.045,33.885,0.4028,0.1763,0.5709,0.2666,0.2187,0.1029,0.3121,0.1447,0.4107,0.1968,0.055,0.0491,0.1072,0.0724,0.3207,0.1795
2432,-118.035,33.885,0.384,0.1546,0.5344,0.2393,0.203,0.0926,0.2953,0.1315,0.381,0.172,0.0519,0.0442,0.098,0.0646,0.3075,0.1668
2433,-118.025,33.885,0.3774,0.1437,0.5057,0.2202,0.1961,0.0882,0.2911,0.1262,0.365,0.1599,0.0506,0.0427,0.0942,0.0616,0.2996,0.159
2434,-118.015,33.885,0.3751,0.1369,0.4796,0.2037,0.1918,0.0854,0.2906,0.1232,0.3555,0.1535,0.0499,0.0422,0.092,0.06,0.2944,0.1537
2435,-118.005,33.885,0.3741,0.1317,0.4584,0.1923,0.1912,0.0849,0.2961,0.1233,0.3503,0.1504,0.0502,0.0429,0.0921,0.0602,0.2918,0.1507
2436,-117.995,33.885,0.3735,0.1278,0.438,0.1818,0.1883,0.083,0.2984,0.1213,0.3487,0.1501,0.0497,0.0427,0.0909,0.0594,0.2913,0.1495
2437,-117.985,33.885,0.3602,0.1169,0.4184,0.1722,0.1831,0.0798,0.2977,0.1172,0.3361,0.1419,0.0485,0.0418,0.0884,0.0576,0.2874,0.1456
2438,-117.975,33.885,0.35,0.1089,0.4012,0.1641,0.1808,0.0784,0.3012,0.1156,0.328,0.137,0.048,0.0417,0.0875,0.057,0.2851,0.143
2439,-117.965,33.885,0.3425,0.1034,0.3848,0.1566,0.1793,0.0774,0.3059,0.1147,0.3235,0.1348,0.0477,0.0418,0.0871,0.0569,0.2844,0.1417
2440,-117.955,33.885,0.3351,0.0984,0.3709,0.1505,0.1787,0.0769,0.3117,0.1145,0.3196,0.1331,0.047,0.0415,0.0873,0.0573,0.2851,0.1416
2441,-117.945,33.885,0.3283,0.0943,0.3578,0.1449,0.1778,0.0761,0.3177,0.1145,0.3164,0.1319,0.0461,0.0409,0.0876,0.0578,0.2866,0.1422
2442,-117.935,33.885,0.3218,0.0907,0.3457,0.1398,0.1766,0.075,0.3236,0.1146,0.3133,0.1309,0.045,0.04,0.0881,0.0584,0.2897,0.144
2443,-117.925,33.885,0.3223,0.091,0.3334,0.1346,0.1737,0.0727,0.3131,0.1124,0.3171,0.1347,0.0441,0.0391,0.0883,0.0588,0.2923,0.1456
2444,-117.915,33.885,0.3072,0.0838,0.3218,0.1296,0.1711,0.0704,0.3002,0.1105,0.3044,0.127,0.0437,0.0386,0.0889,0.0595,0.2946,0.1469
2445,-117.905,33.885,0.3031,0.0824,0.3131,0.1264,0.1715,0.0698,0.2915,0.1115,0.3029,0.1272,0.0453,0.0395,0.0913,0.0619,0.2978,0.1492
2446,-117.895,33.885,0.3027,0.0831,0.3078,0.1255,0.1713,0.0689,0.2844,0.1124,0.3049,0.1299,0.0469,0.0402,0.0935,0.064,0.3033,0.1535
2447,-117.885,33.885,0.2993,0.0829,0.3059,0.1267,0.1705,0.0676,0.2792,0.113,0.3036,0.1303,0.0485,0.0406,0.0952,0.0658,0.3079,0.1571
2448,-117.875,33.885,0.3084,0.0895,0.2939,0.1204,0.173,0.0697,0.2776,0.1143,0.315,0.1404,0.0503,0.0412,0.097,0.0676,0.3108,0.1593
2449,-117.865,33.885,0.294,0.0842,0.2798,0.1126,0.1754,0.0722,0.2762,0.1151,0.3012,0.1312,0.0519,0.0416,0.0983,0.069,0.3111,0.1592
2450,-117.855,33.885,0.2913,0.0852,0.2657,0.1051,0.1743,0.073,0.2717,0.1129,0.298,0.1304,0.0522,0.0408,0.097,0.0681,0.3046,0.1531
2451,-117.845,33.885,0.2654,0.0748,0.2521,0.0982,0.1699,0.0718,0.2629,0.1081,0.2706,0.112,0.0515,0.039,0.0938,0.0655,0.2939,0.1437
2452,-117.835,33.885,0.2526,0.071,0.2393,0.0917,0.1621,0.0685,0.2495,0.1008,0.256,0.1031,0.0499,0.0364,0.0888,0.0612,0.2833,0.1345
2453,-117.825,33.885,0.2462,0.0702,0.2298,0.0874,0.1586,0.0675,0.2426,0.0975,0.2476,0.0986,0.0498,0.0355,0.0862,0.0591,0.277,0.129
2454,-117.815,33.885,0.2352,0.0672,0.2214,0.0837,0.1561,0.0671,0.2376,0.0952,0.2352,0.0917,0.0501,0.0351,0.0842,0.0575,0.2706,0.1236
2455,-117.805,33.885,0.2268,0.0652,0.2143,0.0808,0.1541,0.0667,0.2355,0.0941,0.2268,0.0873,0.0504,0.0352,0.0824,0.0562,0.2662,0.1197
2456,-117.795,33.885,0.2181,0.0629,0.2078,0.0783,0.1522,0.0662,0.2342,0.0931,0.2195,0.0836,0.0505,0.0354,0.0807,0.0549,0.263,0.1169
2457,-117.785,33.885,0.2087,0.0603,0.202,0.0761,0.1502,0.0656,0.2336,0.0922,0.2122,0.08,0.0505,0.0356,0.0788,0.0535,0.2611,0.1149
2458,-117.775,33.885,0.2009,0.0584,0.199,0.0755,0.1494,0.0656,0.2357,0.0923,0.207,0.0777,0.051,0.0359,0.0776,0.0526,0.262,0.115
2459,-117.765,33.885,0.1942,0.0568,0.1964,0.075,0.1489,0.0658,0.2385,0.0926,0.2032,0.0762,0.0516,0.036,0.0765,0.0519,0.2646,0.1163
2460,-117.755,33.885,0.1877,0.0553,0.1923,0.0737,0.1485,0.066,0.2424,0.093,0.1997,0.0749,0.0524,0.0358,0.0756,0.0512,0.2673,0.1177
2461,-117.745,33.885,0.1825,0.0542,0.1886,0.0727,0.1486,0.0665,0.2476,0.0938,0.1974,0.0742,0.0535,0.0355,0.0749,0.0508,0.2699,0.119
2462,-117.735,33.885,0.177,0.053,0.1854,0.0718,0.1492,0.0672,0.254,0.0948,0.1947,0.0734,0.0549,0.0353,0.0744,0.0505,0.273,0.1207
2463,-117.725,33.885,0.1701,0.0512,0.1816,0.0706,0.1485,0.0671,0.2585,0.0947,0.1904,0.0716,0.0556,0.0345,0.0732,0.0497,0.2757,0.122
2464,-117.715,33.885,0.1647,0.0499,0.1779,0.0694,0.1478,0.067,0.2625,0.0944,0.1874,0.0705,0.0561,0.0337,0.0721,0.0489,0.2785,0.1234
2465,-117.705,33.885,0.1596,0.0488,0.1758,0.0692,0.1477,0.0674,0.2658,0.0945,0.1847,0.0696,0.0558,0.0329,0.0713,0.0484,0.2807,0.1242
2466,-117.695,33.885,0.1545,0.0476,0.1727,0.0682,0.1475,0.0676,0.2679,0.0943,0.1823,0.0688,0.0548,0.0319,0.0705,0.0479,0.2801,0.1229
2467,-117.685,33.885,0.1496,0.0464,0.1685,0.0667,0.1471,0.0677,0.2689,0.0938,0.1805,0.0684,0.0532,0.0307,0.0696,0.0473,0.2825,0.1238
2468,-117.675,33.885,0.1449,0.0452,0.166,0.0661,0.1479,0.0686,0.2728,0.094,0.1796,0.0686,0.052,0.0299,0.0694,0.0472,0.2874,0.1267
2469,-117.665,33.885,0.1425,0.045,0.1636,0.0655,0.1502,0.0704,0.2795,0.0952,0.1824,0.0708,0.0512,0.0293,0.0698,0.0478,0.2948,0.1313
2470,-117.655,33.885,0.1424,0.0459,0.1597,0.0641,0.1576,0.0755,0.2966,0.1006,0.1883,0.075,0.0525,0.0301,0.0728,0.0506,0.3044,0.1378
2471,-118.945,33.895,0.05,0.0171,0.0685,0.0296,0.101,0.0425,0.2045,0.0713,0.1041,0.0366,0.0135,0.0111,0.0831,0.0417,0.0991,0.0437
2472,-118.935,33.895,0.0507,0.0173,0.0698,0.03,0.1019,0.0428,0.2057,0.0716,0.1057,0.0371,0.0135,0.0111,0.0831,0.0417,0.0994,0.0437
2473,-118.925,33.895,0.0515,0.0176,0.071,0.0305,0.1027,0.0431,0.2069,0.072,0.1075,0.0376,0.0135,0.0111,0.083,0.0416,0.0997,0.0438
2474,-118.915,33.895,0.0522,0.0178,0.0723,0.0311,0.1036,0.0433,0.2081,0.0724,0.1092,0.0381,0.0136,0.0111,0.0829,0.0416,0.1,0.0438
2475,-118.905,33.895,0.053,0.018,0.0737,0.0316,0.1043,0.0436,0.2093,0.0727,0.1111,0.0387,0.0136,0.0111,0.0828,0.0416,0.1004,0.0439
2476,-118.895,33.895,0.0538,0.0182,0.0751,0.0321,0.1051,0.0439,0.2106,0.0731,0.113,0.0393,0.0137,0.0111,0.0827,0.0415,0.1007,0.044
2477,-118.885,33.895,0.0546,0.0184,0.0765,0.0327,0.1059,0.0442,0.2119,0.0734,0.115,0.0398,0.0137,0.0111,0.0826,0.0415,0.101,0.0441
2478,-118.875,33.895,0.0554,0.0186,0.0779,0.0332,0.1067,0.0445,0.2132,0.0738,0.1171,0.0405,0.0138,0.0111,0.0824,0.0415,0.1014,0.0441
2479,-118.865,33.895,0.0562,0.0188,0.0794,0.0338,0.1075,0.0448,0.2146,0.0742,0.1192,0.0411,0.0138,0.0111,0.0823,0.0414,0.1018,0.0442
2480,-118.855,33.895,0.0571,0.019,0.0809,0.0344,0.1083,0.045,0.216,0.0746,0.1214,0.0418,0.0139,0.0111,0.0822,0.0414,0.1022,0.0443
2481,-118.845,33.895,0.0579,0.0192,0.0825,0.035,0.109,0.0453,0.2176,0.075,0.1237,0.0424,0.0139,0.0111,0.0821,0.0413,0.1026,0.0444
2482,-118.835,33.895,0.0588,0.0195,0.0841,0.0356,0.1097,0.0456,0.2192,0.0755,0.126,0.0431,0.014,0.0111,0.0819,0.0413,0.103,0.0446
2483,-118.825,33.895,0.0597,0.0197,0.0857,0.0363,0.1104,0.0458,0.2209,0.076,0.1285,0.0439,0.014,0.0112,0.0818,0.0412,0.1035,0.0447
2484,-118.815,33.895,0.0606,0.0199,0.0874,0.0369,0.1111,0.0461,0.2228,0.0765,0.131,0.0447,0.0141,0.0112,0.0816,0.0412,0.1039,0.0448
2485,-118.805,33.895,0.0615,0.0201,0.0891,0.0376,0.1118,0.0463,0.2248,0.0771,0.1336,0.0454,0.0142,0.0112,0.0814,0.0411,0.1043,0.0449
2486,-118.795,33.895,0.0624,0.0204,0.0909,0.0382,0.1124,0.0466,0.2269,0.0778,0.1364,0.0463,0.0143,0.0113,0.0813,0.041,0.1048,0.045
2487,-118.785,33.895,0.0633,0.0206,0.0927,0.0389,0.1131,0.0468,0.2292,0.0785,0.1392,0.0471,0.0144,0.0113,0.0811,0.041,0.1053,0.0451
2488,-118.775,33.895,0.0642,0.0208,0.0945,0.0396,0.1137,0.047,0.2317,0.0793,0.1421,0.048,0.0144,0.0114,0.0809,0.0409,0.1058,0.0453
2489,-118.765,33.895,0.0652,0.0211,0.0964,0.0403,0.1143,0.0472,0.2343,0.0801,0.1452,0.049,0.0146,0.0114,0.0807,0.0409,0.1063,0.0454
2490,-118.755,33.895,0.0662,0.0213,0.0983,0.041,0.1148,0.0475,0.2372,0.081,0.1484,0.0499,0.0147,0.0115,0.0805,0.0408,0.1068,0.0456
2491,-118.745,33.895,0.0672,0.0216,0.1003,0.0418,0.1153,0.0477,0.2403,0.082,0.1517,0.051,0.0148,0.0115,0.0804,0.0407,0.1074,0.0457
2492,-118.735,33.895,0.0682,0.0218,0.1023,0.0425,0.1158,0.0479,0.2436,0.0831,0.1551,0.052,0.0149,0.0116,0.0801,0.0407,0.108,0.0459
2493,-118.725,33.895,0.0693,0.0221,0.1044,0.0433,0.1162,0.048,0.2473,0.0842,0.1587,0.0531,0.015,0.0117,0.0799,0.0406,0.1086,0.0461
2494,-118.715,33.895,0.0703,0.0223,0.1065,0.0441,0.1166,0.0482,0.2511,0.0854,0.1625,0.0543,0.0151,0.0118,0.0797,0.0405,0.1092,0.0463
2495,-118.705,33.895,0.0714,0.0226,0.1087,0.0449,0.117,0.0484,0.255,0.0867,0.1663,0.0555,0.0153,0.0119,0.0795,0.0404,0.1098,0.0465
2496,-118.695,33.895,0.0726,0.0229,0.111,0.0458,0.1173,0.0486,0.259,0.0879,0.1703,0.0568,0.0154,0.012,0.0793,0.0404,0.1105,0.0468
2497,-118.685,33.895,0.0737,0.0232,0.1134,0.0467,0.1176,0.0487,0.2631,0.0892,0.1745,0.0581,0.0155,0.0121,0.0791,0.0403,0.1112,0.047
2498,-118.675,33.895,0.0749,0.0234,0.1159,0.0476,0.1178,0.0488,0.2672,0.0905,0.1788,0.0595,0.0157,0.0122,0.0788,0.0402,0.1119,0.0473
2499,-118.665,33.895,0.0761,0.0237,0.1184,0.0485,0.118,0.049,0.2714,0.0919,0.1833,0.0609,0.0158,0.0123,0.0786,0.0401,0.1127,0.0475
2500,-118.655,33.895,0.0773,0.024,0.1211,0.0495,0.1183,0.0491,0.2755,0.0932,0.1879,0.0624,0.0159,0.0124,0.0783,0.04,0.1134,0.0478
2501,-118.645,33.895,0.0785,0.0243,0.1239,0.0506,0.1184,0.0493,0.2795,0.0945,0.1927,0.0639,0.0161,0.0125,0.0781,0.0399,0.1142,0.0481
2502,-118.635,33.895,0.0797,0.0246,0.1268,0.0517,0.1186,0.0494,0.2834,0.0959,0.1976,0.0655,0.0162,0.0126,0.0778,0.0398,0.115,0.0484
2503,-118.625,33.895,0.081,0.0249,0.1299,0.0528,0.1187,0.0495,0.2872,0.0973,0.2026,0.0672,0.0163,0.0127,0.0776,0.0398,0.1159,0.0487
2504,-118.615,33.895,0.0823,0.0252,0.1331,0.054,0.1188,0.0497,0.2909,0.0986,0.2078,0.0688,0.0164,0.0129,0.0773,0.0397,0.1167,0.049
2505,-118.605,33.895,0.0836,0.0255,0.1365,0.0553,0.1188,0.0498,0.2942,0.0999,0.213,0.0706,0.0165,0.013,0.0771,0.0396,0.1176,0.0494
2506,-118.595,33.895,0.0848,0.0258,0.1401,0.0567,0.1189,0.05,0.2972,0.1013,0.2184,0.0723,0.0166,0.0131,0.0768,0.0395,0.1184,0.0497
2507,-118.585,33.895,0.0861,0.0261,0.1438,0.0581,0.1189,0.0501,0.3,0.1026,0.2238,0.0741,0.0167,0.0132,0.0765,0.0394,0.1193,0.05
2508,-118.575,33.895,0.0874,0.0263,0.1478,0.0596,0.1189,0.0503,0.3021,0.1039,0.2293,0.0759,0.0168,0.0134,0.0762,0.0393,0.1202,0.0503
2509,-118.565,33.895,0.0886,0.0266,0.1519,0.0612,0.1188,0.0505,0.3041,0.1052,0.2349,0.0777,0.0169,0.0135,0.076,0.0392,0.1211,0.0507
2510,-118.555,33.895,0.0898,0.0268,0.1563,0.0629,0.1187,0.0506,0.3053,0.1063,0.2403,0.0795,0.017,0.0136,0.0757,0.0391,0.122,0.051
2511,-118.545,33.895,0.091,0.027,0.1609,0.0647,0.1186,0.0508,0.3061,0.1075,0.2458,0.0812,0.0171,0.0137,0.0754,0.039,0.1228,0.0513
2512,-118.535,33.895,0.0922,0.0272,0.1658,0.0666,0.1185,0.0511,0.3063,0.1086,0.2512,0.083,0.0172,0.0138,0.0751,0.0389,0.1237,0.0516
2513,-118.525,33.895,0.0934,0.0274,0.1711,0.0686,0.1183,0.0513,0.3044,0.1092,0.2564,0.0847,0.0172,0.0139,0.0748,0.0388,0.1246,0.0519
2514,-118.515,33.895,0.0945,0.0276,0.1765,0.0708,0.1181,0.0515,0.3017,0.1097,0.2615,0.0863,0.0173,0.014,0.0745,0.0387,0.1254,0.0522
2515,-118.505,33.895,0.0957,0.0278,0.1824,0.073,0.1178,0.0518,0.2976,0.1098,0.2664,0.0879,0.0173,0.0141,0.0742,0.0386,0.1263,0.0524
2516,-118.495,33.895,0.0968,0.0279,0.1886,0.0754,0.1175,0.052,0.2931,0.1099,0.2711,0.0894,0.0173,0.0141,0.0739,0.0385,0.1272,0.0527
2517,-118.485,33.895,0.0981,0.0281,0.1951,0.0779,0.1172,0.0523,0.2881,0.1099,0.2755,0.0908,0.0173,0.0142,0.0736,0.0384,0.128,0.0531
2518,-118.475,33.895,0.0994,0.0283,0.2021,0.0806,0.1166,0.0524,0.2838,0.1101,0.2797,0.0922,0.0173,0.0141,0.0733,0.0382,0.129,0.0534
2519,-118.465,33.895,0.101,0.0286,0.2094,0.0833,0.116,0.0524,0.2799,0.1104,0.2835,0.0935,0.0173,0.0141,0.0729,0.0381,0.1301,0.0538
2520,-118.455,33.895,0.1028,0.0289,0.2173,0.0863,0.1151,0.0522,0.2764,0.1106,0.2871,0.0948,0.0173,0.014,0.0726,0.038,0.1312,0.0543
2521,-118.445,33.895,0.1051,0.0294,0.2327,0.0939,0.1143,0.052,0.2728,0.1105,0.2903,0.096,0.0173,0.0138,0.0723,0.0379,0.1339,0.0557
2522,-118.435,33.895,0.1077,0.03,0.2556,0.1062,0.1135,0.0517,0.269,0.1099,0.2933,0.0973,0.0172,0.0136,0.072,0.0378,0.1504,0.0652
2523,-118.425,33.895,0.1669,0.0535,0.3143,0.1406,0.1428,0.0711,0.3206,0.1438,0.4167,0.1682,0.0221,0.0183,0.0916,0.0523,0.177,0.0813
2524,-118.415,33.895,0.1742,0.0561,0.3728,0.1751,0.1731,0.0911,0.372,0.1772,0.4229,0.1728,0.0269,0.0229,0.1117,0.0671,0.2046,0.0996
2525,-118.405,33.895,0.1848,0.0604,0.3943,0.1876,0.1779,0.0944,0.3675,0.1729,0.4325,0.1805,0.0265,0.0222,0.1142,0.0693,0.2145,0.1067
2526,-118.395,33.895,0.194,0.0641,0.4112,0.1966,0.181,0.0962,0.3586,0.1655,0.4378,0.1852,0.0255,0.021,0.1152,0.0703,0.2206,0.111
2527,-118.385,33.895,0.2029,0.0679,0.4234,0.2022,0.1822,0.0966,0.3454,0.155,0.4408,0.1883,0.0239,0.0193,0.1147,0.0701,0.2257,0.1148
2528,-118.375,33.895,0.2156,0.0736,0.439,0.2105,0.1859,0.0985,0.3351,0.1499,0.447,0.1946,0.0238,0.0192,0.1153,0.0709,0.2321,0.1196
2529,-118.365,33.895,0.2279,0.0794,0.4554,0.2194,0.19,0.1007,0.3256,0.1459,0.4502,0.1986,0.0243,0.0196,0.1161,0.0717,0.2383,0.1242
2530,-118.355,33.895,0.2413,0.0861,0.472,0.2285,0.1939,0.1024,0.3168,0.1426,0.453,0.2027,0.0262,0.0216,0.1163,0.072,0.2449,0.1294
2531,-118.345,33.895,0.2555,0.0939,0.4905,0.2392,0.1987,0.105,0.3105,0.1407,0.4572,0.2084,0.0284,0.0235,0.1172,0.073,0.252,0.1349
2532,-118.335,33.895,0.269,0.1018,0.5107,0.2516,0.2046,0.1086,0.3067,0.1403,0.46,0.213,0.031,0.0256,0.1187,0.0745,0.259,0.1403
2533,-118.325,33.895,0.2777,0.1074,0.5273,0.2596,0.2058,0.1086,0.2978,0.1364,0.4546,0.21,0.0325,0.026,0.1175,0.0737,0.2616,0.1419
2534,-118.315,33.895,0.2882,0.1147,0.5432,0.2666,0.2061,0.1079,0.2881,0.1319,0.4485,0.2067,0.0335,0.026,0.1157,0.0725,0.2628,0.1422
2535,-118.305,33.895,0.2991,0.1227,0.5591,0.2731,0.2066,0.1074,0.2795,0.1284,0.4414,0.2025,0.0333,0.026,0.1144,0.0715,0.2625,0.1411
2536,-118.295,33.895,0.3066,0.1286,0.5751,0.279,0.2057,0.1058,0.2713,0.125,0.4296,0.194,0.0325,0.0257,0.1125,0.0702,0.2609,0.1389
2537,-118.285,33.895,0.3144,0.1344,0.5912,0.2842,0.2035,0.1032,0.2633,0.1217,0.4205,0.1874,0.0311,0.0252,0.1101,0.0685,0.2593,0.1368
2538,-118.275,33.895,0.3248,0.1403,0.6148,0.2958,0.2036,0.1022,0.264,0.1206,0.418,0.1855,0.0299,0.025,0.1095,0.0682,0.2603,0.1367
2539,-118.265,33.895,0.3336,0.1412,0.6412,0.3097,0.2042,0.1016,0.2668,0.12,0.4188,0.1865,0.0288,0.0248,0.1092,0.0682,0.2625,0.1378
2540,-118.255,33.895,0.3416,0.1406,0.6736,0.3295,0.2044,0.1007,0.2712,0.1187,0.4201,0.188,0.0277,0.0246,0.1087,0.068,0.2665,0.1405
2541,-118.245,33.895,0.3497,0.1403,0.7101,0.3567,0.2109,0.1043,0.2833,0.1223,0.4218,0.1903,0.0294,0.0271,0.1121,0.0712,0.2735,0.146
2542,-118.235,33.895,0.3729,0.1518,0.7506,0.3911,0.2235,0.1124,0.3031,0.1308,0.4393,0.2079,0.034,0.0321,0.1193,0.0775,0.2876,0.1578
2543,-118.225,33.895,0.3928,0.1614,0.7772,0.4181,0.2297,0.1156,0.3158,0.1333,0.453,0.2226,0.0392,0.0376,0.1228,0.0808,0.3002,0.1687
2544,-118.215,33.895,0.3994,0.162,0.7969,0.4383,0.2335,0.117,0.3258,0.1336,0.4522,0.2234,0.0442,0.0428,0.1249,0.0829,0.3089,0.1762
2545,-118.205,33.895,0.405,0.1628,0.7974,0.4322,0.2318,0.1147,0.3301,0.1295,0.4505,0.2231,0.0474,0.0459,0.124,0.0823,0.3117,0.1784
2546,-118.195,33.895,0.4088,0.1632,0.7946,0.4236,0.2299,0.1125,0.3349,0.1283,0.45,0.2228,0.05,0.0484,0.1229,0.0816,0.3131,0.1792
2547,-118.185,33.895,0.412,0.164,0.7884,0.4126,0.228,0.1103,0.3402,0.13,0.451,0.2236,0.0518,0.0501,0.1216,0.0808,0.3144,0.1798
2548,-118.175,33.895,0.413,0.164,0.7798,0.4018,0.2269,0.1088,0.343,0.1313,0.4507,0.223,0.0524,0.0511,0.1204,0.08,0.3157,0.1804
2549,-118.165,33.895,0.4136,0.1648,0.7703,0.3914,0.226,0.1076,0.3447,0.1324,0.4507,0.2229,0.0525,0.0518,0.1193,0.0793,0.3169,0.1811
2550,-118.155,33.895,0.4135,0.1659,0.7591,0.3818,0.2261,0.1074,0.3437,0.1332,0.4497,0.2218,0.0515,0.0518,0.1183,0.0787,0.3177,0.1811
2551,-118.145,33.895,0.4131,0.1676,0.7472,0.3731,0.2266,0.1075,0.3424,0.1343,0.448,0.2198,0.0508,0.0519,0.1177,0.0784,0.3187,0.1815
2552,-118.135,33.895,0.4143,0.1712,0.7345,0.365,0.2275,0.1078,0.3408,0.1357,0.4481,0.2199,0.0504,0.0522,0.1173,0.0784,0.3201,0.1823
2553,-118.125,33.895,0.4155,0.1755,0.7197,0.3563,0.228,0.1079,0.3376,0.1374,0.4483,0.2202,0.0502,0.0525,0.117,0.0783,0.3219,0.1834
2554,-118.115,33.895,0.4154,0.1796,0.704,0.3472,0.2285,0.108,0.3341,0.1393,0.4468,0.2189,0.0502,0.0527,0.1166,0.0783,0.3231,0.1839
2555,-118.105,33.895,0.4152,0.1845,0.6857,0.3365,0.229,0.1081,0.3302,0.1414,0.4448,0.2173,0.0507,0.0528,0.116,0.0781,0.3241,0.1843
2556,-118.095,33.895,0.4144,0.1893,0.6662,0.325,0.2291,0.1082,0.3257,0.1434,0.4421,0.2153,0.0512,0.0526,0.1153,0.0778,0.3248,0.1843
2557,-118.085,33.895,0.4124,0.193,0.6457,0.3125,0.229,0.1081,0.3207,0.1453,0.4383,0.2123,0.0516,0.052,0.1144,0.0772,0.3252,0.1842
2558,-118.075,33.895,0.41,0.1955,0.6229,0.2997,0.2297,0.1086,0.3196,0.1487,0.434,0.2093,0.0525,0.0516,0.1137,0.0769,0.3258,0.1842
2559,-118.065,33.895,0.4123,0.1985,0.5988,0.2859,0.2292,0.1085,0.3184,0.1512,0.4317,0.2083,0.0533,0.051,0.1123,0.0759,0.326,0.1838
2560,-118.055,33.895,0.4143,0.1955,0.5701,0.2673,0.2227,0.1044,0.3126,0.1474,0.4242,0.2026,0.0528,0.0487,0.1076,0.0721,0.3201,0.1778
2561,-118.045,33.895,0.4019,0.1757,0.5351,0.2419,0.2138,0.0987,0.3044,0.141,0.3982,0.1808,0.0516,0.0459,0.1017,0.0673,0.309,0.167
2562,-118.035,33.895,0.3932,0.1595,0.4936,0.2099,0.2024,0.0915,0.2939,0.132,0.3765,0.1639,0.0497,0.0427,0.0948,0.0615,0.2944,0.1535
2563,-118.025,33.895,0.3944,0.1524,0.4673,0.1946,0.1978,0.0886,0.2933,0.1283,0.3671,0.1576,0.0497,0.042,0.0923,0.0596,0.2892,0.1485
2564,-118.015,33.895,0.3948,0.1458,0.4452,0.1834,0.1948,0.0866,0.2952,0.1259,0.3597,0.153,0.05,0.042,0.0909,0.0587,0.2863,0.1454
2565,-118.005,33.895,0.3941,0.1396,0.4278,0.1756,0.1932,0.0855,0.3,0.1246,0.3545,0.15,0.0499,0.0422,0.0904,0.0585,0.2855,0.144
2566,-117.995,33.895,0.3937,0.1348,0.4104,0.1677,0.1915,0.0845,0.3053,0.1233,0.3524,0.1493,0.0496,0.0422,0.09,0.0584,0.2863,0.1439
2567,-117.985,33.895,0.3858,0.1264,0.393,0.1596,0.19,0.0836,0.3114,0.122,0.3448,0.1448,0.0491,0.042,0.0896,0.0582,0.2843,0.1416
2568,-117.975,33.895,0.3732,0.1163,0.3767,0.152,0.1873,0.0819,0.3147,0.1196,0.334,0.1381,0.0483,0.0414,0.0885,0.0576,0.2825,0.1395
2569,-117.965,33.895,0.3663,0.1107,0.3612,0.145,0.1847,0.0802,0.3177,0.1174,0.3299,0.1364,0.0474,0.0407,0.0876,0.057,0.2818,0.1383
2570,-117.955,33.895,0.3586,0.1053,0.3488,0.1399,0.1839,0.0796,0.3215,0.117,0.3257,0.1345,0.0466,0.0403,0.0878,0.0573,0.2827,0.1383
2571,-117.945,33.895,0.3508,0.1004,0.3374,0.1353,0.183,0.0789,0.3254,0.1168,0.3219,0.133,0.0459,0.0399,0.0882,0.0579,0.2848,0.1393
2572,-117.935,33.895,0.3441,0.0964,0.3268,0.1312,0.182,0.0779,0.3294,0.1169,0.3195,0.1326,0.0452,0.0394,0.0889,0.0587,0.2879,0.1412
2573,-117.925,33.895,0.3363,0.0924,0.3143,0.1255,0.1806,0.0765,0.3204,0.1159,0.3165,0.1317,0.0451,0.0392,0.0899,0.0598,0.2909,0.143
2574,-117.915,33.895,0.3282,0.0885,0.3018,0.1198,0.1792,0.075,0.3089,0.1149,0.3133,0.1307,0.0453,0.0393,0.0912,0.0611,0.2936,0.1446
2575,-117.905,33.895,0.3203,0.085,0.2921,0.1156,0.1789,0.0742,0.2983,0.1149,0.3098,0.1295,0.0466,0.04,0.0931,0.063,0.2967,0.1467
2576,-117.895,33.895,0.3136,0.0829,0.285,0.1131,0.1779,0.073,0.2895,0.1145,0.3069,0.1288,0.0479,0.0402,0.0944,0.0644,0.3,0.149
2577,-117.885,33.895,0.3088,0.0824,0.2806,0.1122,0.1761,0.0716,0.2827,0.1136,0.3049,0.1288,0.0491,0.0401,0.0951,0.0653,0.3027,0.1509
2578,-117.875,33.895,0.3011,0.081,0.2748,0.1102,0.177,0.0726,0.2811,0.1143,0.2991,0.126,0.0506,0.0402,0.0961,0.0664,0.3044,0.152
2579,-117.865,33.895,0.2978,0.082,0.2679,0.1075,0.1778,0.0738,0.2803,0.1149,0.2967,0.1256,0.052,0.0401,0.0967,0.0673,0.3046,0.1519
2580,-117.855,33.895,0.2889,0.0804,0.2574,0.1023,0.1759,0.0739,0.2775,0.1133,0.2876,0.1204,0.0524,0.039,0.0953,0.0662,0.2991,0.1468
2581,-117.845,33.895,0.2722,0.0752,0.2458,0.0965,0.172,0.0728,0.271,0.1098,0.2702,0.1096,0.0522,0.0374,0.0927,0.0641,0.29,0.1389
2582,-117.835,33.895,0.26,0.072,0.2331,0.0901,0.166,0.0704,0.2607,0.1045,0.2567,0.1018,0.0513,0.0352,0.0888,0.0608,0.2803,0.1307
2583,-117.825,33.895,0.251,0.0704,0.2232,0.0854,0.1622,0.0692,0.2524,0.101,0.2462,0.0961,0.0514,0.0341,0.0861,0.0587,0.2728,0.1245
2584,-117.815,33.895,0.2391,0.0673,0.2142,0.0814,0.159,0.0682,0.2452,0.0981,0.2336,0.0892,0.0516,0.0333,0.0838,0.0569,0.2665,0.1193
2585,-117.805,33.895,0.2302,0.0653,0.2078,0.0788,0.1569,0.0677,0.2416,0.0967,0.2255,0.0851,0.052,0.0332,0.0821,0.0556,0.2624,0.1158
2586,-117.795,33.895,0.2205,0.0628,0.2019,0.0765,0.1551,0.0673,0.2396,0.0958,0.218,0.0815,0.0523,0.0336,0.0805,0.0545,0.2602,0.1136
2587,-117.785,33.895,0.2119,0.0607,0.1966,0.0745,0.1537,0.0671,0.2391,0.0954,0.2125,0.079,0.0524,0.0342,0.0792,0.0535,0.2595,0.1126
2588,-117.775,33.895,0.2041,0.0588,0.1922,0.0731,0.1528,0.0671,0.2404,0.0954,0.2082,0.0772,0.0526,0.0345,0.0781,0.0527,0.2608,0.1129
2589,-117.765,33.895,0.1969,0.0571,0.188,0.0717,0.152,0.0671,0.2423,0.0956,0.2048,0.076,0.0529,0.0347,0.077,0.052,0.2631,0.1139
2590,-117.755,33.895,0.1901,0.0556,0.1843,0.0706,0.1514,0.0672,0.2453,0.0959,0.2017,0.0749,0.0533,0.0347,0.076,0.0513,0.266,0.1154
2591,-117.745,33.895,0.1836,0.0541,0.1808,0.0696,0.1511,0.0674,0.249,0.0963,0.1986,0.0739,0.0538,0.0346,0.0752,0.0508,0.2692,0.1171
2592,-117.735,33.895,0.1776,0.0527,0.1775,0.0686,0.1509,0.0677,0.2534,0.0968,0.1956,0.0728,0.0544,0.0344,0.0744,0.0503,0.2725,0.1187
2593,-117.725,33.895,0.1717,0.0514,0.1744,0.0678,0.1504,0.0677,0.2573,0.0968,0.1924,0.0717,0.0547,0.034,0.0735,0.0497,0.2752,0.1199
2594,-117.715,33.895,0.1662,0.0501,0.1713,0.0669,0.1499,0.0678,0.2609,0.0967,0.1891,0.0705,0.0548,0.0334,0.0725,0.049,0.2777,0.1209
2595,-117.705,33.895,0.1608,0.0489,0.1685,0.0662,0.1496,0.068,0.2638,0.0966,0.1858,0.0692,0.0543,0.0327,0.0717,0.0485,0.2798,0.1217
2596,-117.695,33.895,0.1557,0.0477,0.1657,0.0654,0.1493,0.0682,0.2661,0.0963,0.1828,0.0682,0.0535,0.0319,0.0709,0.048,0.2817,0.1222
2597,-117.685,33.895,0.1507,0.0465,0.163,0.0646,0.1489,0.0683,0.2678,0.0956,0.1809,0.0677,0.0522,0.0309,0.0701,0.0474,0.2853,0.1239
2598,-117.675,33.895,0.1458,0.0453,0.1602,0.0639,0.1488,0.0686,0.2705,0.0949,0.1805,0.0682,0.051,0.0299,0.0694,0.047,0.2915,0.1277
2599,-117.665,33.895,0.141,0.0441,0.1578,0.0633,0.1495,0.0694,0.2748,0.0947,0.1815,0.0695,0.0499,0.029,0.0691,0.0469,0.3006,0.1338
2600,-117.655,33.895,0.1374,0.0434,0.1573,0.0637,0.1535,0.0723,0.2852,0.097,0.1841,0.0719,0.0502,0.0289,0.0704,0.0482,0.313,0.1424
2601,-118.945,33.905,0.0502,0.0172,0.0686,0.0296,0.1027,0.0431,0.2088,0.0724,0.1043,0.0366,0.0136,0.0112,0.0842,0.0421,0.0997,0.0437
2602,-118.935,33.905,0.051,0.0174,0.0698,0.0301,0.1035,0.0434,0.2099,0.0727,0.106,0.0371,0.0136,0.0112,0.0841,0.042,0.1,0.0437
2603,-118.925,33.905,0.0517,0.0177,0.0711,0.0306,0.1044,0.0437,0.211,0.0731,0.1077,0.0376,0.0136,0.0112,0.084,0.042,0.1003,0.0438
2604,-118.915,33.905,0.0525,0.0179,0.0724,0.0311,0.1053,0.044,0.2122,0.0734,0.1095,0.0381,0.0137,0.0112,0.0839,0.042,0.1007,0.0439
2605,-118.905,33.905,0.0533,0.0181,0.0738,0.0317,0.1061,0.0443,0.2134,0.0737,0.1114,0.0387,0.0137,0.0112,0.0838,0.0419,0.101,0.0439
2606,-118.895,33.905,0.0541,0.0183,0.0751,0.0322,0.107,0.0446,0.2145,0.0741,0.1134,0.0392,0.0137,0.0112,0.0837,0.0419,0.1014,0.044
2607,-118.885,33.905,0.0549,0.0185,0.0766,0.0328,0.1078,0.0449,0.2158,0.0744,0.1154,0.0398,0.0138,0.0112,0.0836,0.0419,0.1017,0.0441
2608,-118.875,33.905,0.0557,0.0187,0.078,0.0334,0.1086,0.0452,0.217,0.0747,0.1175,0.0405,0.0138,0.0111,0.0835,0.0418,0.1021,0.0442
2609,-118.865,33.905,0.0566,0.0189,0.0795,0.034,0.1094,0.0455,0.2183,0.0751,0.1197,0.0411,0.0139,0.0111,0.0834,0.0418,0.1025,0.0443
2610,-118.855,33.905,0.0574,0.0191,0.0811,0.0346,0.1102,0.0458,0.2197,0.0754,0.122,0.0418,0.0139,0.0111,0.0832,0.0417,0.1029,0.0444
2611,-118.845,33.905,0.0583,0.0194,0.0827,0.0352,0.111,0.0461,0.2212,0.0758,0.1243,0.0425,0.014,0.0112,0.0831,0.0417,0.1033,0.0445
2612,-118.835,33.905,0.0591,0.0196,0.0843,0.0358,0.1117,0.0463,0.2227,0.0763,0.1267,0.0432,0.014,0.0112,0.083,0.0416,0.1038,0.0446
2613,-118.825,33.905,0.06,0.0198,0.0859,0.0365,0.1125,0.0466,0.2245,0.0767,0.1293,0.044,0.0141,0.0112,0.0828,0.0416,0.1042,0.0447
2614,-118.815,33.905,0.0609,0.02,0.0876,0.0371,0.1132,0.0469,0.2263,0.0773,0.1319,0.0448,0.0141,0.0112,0.0826,0.0415,0.1046,0.0448
2615,-118.805,33.905,0.0618,0.0203,0.0893,0.0378,0.1139,0.0471,0.2283,0.0779,0.1346,0.0456,0.0142,0.0112,0.0825,0.0415,0.1051,0.045
2616,-118.795,33.905,0.0627,0.0205,0.0911,0.0385,0.1146,0.0474,0.2305,0.0785,0.1374,0.0465,0.0143,0.0113,0.0823,0.0414,0.1055,0.0451
2617,-118.785,33.905,0.0637,0.0207,0.0929,0.0391,0.1153,0.0476,0.2327,0.0792,0.1403,0.0473,0.0144,0.0113,0.0821,0.0413,0.1061,0.0452
2618,-118.775,33.905,0.0646,0.021,0.0947,0.0398,0.116,0.0479,0.2354,0.0801,0.1434,0.0483,0.0145,0.0114,0.0819,0.0413,0.1066,0.0454
2619,-118.765,33.905,0.0656,0.0212,0.0966,0.0405,0.1166,0.0481,0.2381,0.0809,0.1466,0.0492,0.0146,0.0114,0.0817,0.0412,0.107,0.0455
2620,-118.755,33.905,0.0666,0.0214,0.0985,0.0413,0.1171,0.0484,0.2413,0.0819,0.1499,0.0503,0.0147,0.0115,0.0816,0.0411,0.1076,0.0457
2621,-118.745,33.905,0.0676,0.0217,0.1004,0.042,0.1177,0.0486,0.2446,0.083,0.1534,0.0513,0.0148,0.0116,0.0814,0.0411,0.1082,0.0458
2622,-118.735,33.905,0.0686,0.0219,0.1024,0.0427,0.1182,0.0488,0.2482,0.0842,0.157,0.0524,0.0149,0.0116,0.0811,0.041,0.1088,0.046
2623,-118.725,33.905,0.0697,0.0222,0.1045,0.0435,0.1187,0.049,0.2523,0.0854,0.1608,0.0536,0.0151,0.0117,0.0809,0.0409,0.1094,0.0462
2624,-118.715,33.905,0.0708,0.0225,0.1066,0.0443,0.1192,0.0492,0.2565,0.0867,0.1647,0.0548,0.0152,0.0118,0.0807,0.0408,0.11,0.0464
2625,-118.705,33.905,0.0719,0.0227,0.1088,0.0451,0.1195,0.0494,0.2609,0.0881,0.1688,0.0561,0.0154,0.0119,0.0805,0.0408,0.1107,0.0467
2626,-118.695,33.905,0.073,0.023,0.1111,0.046,0.1199,0.0495,0.2653,0.0895,0.1731,0.0575,0.0155,0.012,0.0803,0.0407,0.1114,0.0469
2627,-118.685,33.905,0.0742,0.0233,0.1134,0.0468,0.1202,0.0497,0.2698,0.0909,0.1775,0.0589,0.0156,0.0121,0.08,0.0406,0.1122,0.0472
2628,-118.675,33.905,0.0753,0.0236,0.1159,0.0478,0.1205,0.0499,0.2744,0.0923,0.1821,0.0604,0.0158,0.0122,0.0798,0.0405,0.1129,0.0475
2629,-118.665,33.905,0.0766,0.0239,0.1184,0.0487,0.1207,0.05,0.279,0.0937,0.187,0.0619,0.0159,0.0123,0.0795,0.0404,0.1137,0.0477
2630,-118.655,33.905,0.0778,0.0242,0.121,0.0497,0.121,0.0502,0.2836,0.0952,0.1919,0.0635,0.016,0.0125,0.0793,0.0403,0.1146,0.0481
2631,-118.645,33.905,0.0791,0.0245,0.1238,0.0507,0.1212,0.0503,0.2882,0.0967,0.1971,0.0652,0.0162,0.0126,0.079,0.0403,0.1154,0.0484
2632,-118.635,33.905,0.0803,0.0248,0.1267,0.0518,0.1213,0.0505,0.2927,0.0982,0.2025,0.0669,0.0163,0.0127,0.0788,0.0402,0.1163,0.0487
2633,-118.625,33.905,0.0816,0.0251,0.1297,0.053,0.1215,0.0506,0.297,0.0997,0.208,0.0687,0.0164,0.0129,0.0785,0.0401,0.1172,0.0491
2634,-118.615,33.905,0.0829,0.0254,0.1329,0.0542,0.1216,0.0508,0.3012,0.1012,0.2136,0.0706,0.0166,0.013,0.0782,0.04,0.1181,0.0494
2635,-118.605,33.905,0.0842,0.0257,0.1362,0.0555,0.1217,0.0509,0.3051,0.1027,0.2194,0.0725,0.0167,0.0131,0.078,0.0399,0.119,0.0498
2636,-118.595,33.905,0.0856,0.026,0.1397,0.0568,0.1217,0.0511,0.3086,0.1042,0.2253,0.0745,0.0168,0.0133,0.0777,0.0398,0.12,0.0501
2637,-118.585,33.905,0.0868,0.0263,0.1434,0.0583,0.1218,0.0513,0.3119,0.1057,0.2314,0.0764,0.0169,0.0134,0.0774,0.0397,0.121,0.0505
2638,-118.575,33.905,0.0881,0.0266,0.1473,0.0598,0.1217,0.0515,0.3145,0.1071,0.2375,0.0785,0.017,0.0136,0.0771,0.0396,0.1219,0.0509
2639,-118.565,33.905,0.0894,0.0268,0.1514,0.0614,0.1217,0.0516,0.3167,0.1086,0.2437,0.0805,0.0171,0.0137,0.0768,0.0395,0.1228,0.0512
2640,-118.555,33.905,0.0906,0.0271,0.1558,0.0631,0.1216,0.0519,0.3182,0.1099,0.2499,0.0825,0.0172,0.0138,0.0766,0.0394,0.1238,0.0516
2641,-118.545,33.905,0.0918,0.0273,0.1604,0.0649,0.1215,0.0521,0.319,0.1112,0.2561,0.0845,0.0173,0.014,0.0763,0.0393,0.1247,0.0519
2642,-118.535,33.905,0.0929,0.0275,0.1652,0.0668,0.1213,0.0523,0.3193,0.1125,0.2622,0.0865,0.0173,0.0141,0.076,0.0392,0.1256,0.0522
2643,-118.525,33.905,0.094,0.0277,0.1704,0.0688,0.1211,0.0526,0.3172,0.1133,0.2682,0.0884,0.0174,0.0142,0.0757,0.0391,0.1265,0.0525
2644,-118.515,33.905,0.0951,0.0278,0.1757,0.0709,0.1209,0.0529,0.3143,0.1139,0.274,0.0903,0.0174,0.0143,0.0754,0.039,0.1274,0.0528
2645,-118.505,33.905,0.0961,0.0279,0.1815,0.0732,0.1206,0.0532,0.3094,0.114,0.2796,0.092,0.0175,0.0144,0.075,0.0389,0.1282,0.0531
2646,-118.495,33.905,0.0972,0.0281,0.1875,0.0755,0.1203,0.0535,0.3038,0.1141,0.2849,0.0937,0.0175,0.0145,0.0747,0.0388,0.1291,0.0533
2647,-118.485,33.905,0.0982,0.0282,0.1938,0.078,0.1199,0.0539,0.2977,0.1141,0.2899,0.0953,0.0175,0.0145,0.0744,0.0386,0.1299,0.0536
2648,-118.475,33.905,0.0994,0.0283,0.2005,0.0806,0.1193,0.0541,0.292,0.1142,0.2947,0.0968,0.0175,0.0145,0.0741,0.0385,0.1308,0.0539
2649,-118.465,33.905,0.1008,0.0285,0.2074,0.0832,0.1185,0.0542,0.2864,0.1143,0.299,0.0981,0.0175,0.0145,0.0738,0.0384,0.1318,0.0543
2650,-118.455,33.905,0.1025,0.0288,0.2148,0.0859,0.1172,0.0539,0.2816,0.1144,0.3029,0.0995,0.0175,0.0144,0.0735,0.0383,0.1329,0.0548
2651,-118.445,33.905,0.1047,0.0293,0.2508,0.1069,0.1234,0.0589,0.2914,0.1252,0.3065,0.1008,0.0189,0.016,0.0786,0.0423,0.1399,0.0585
2652,-118.435,33.905,0.1367,0.042,0.3156,0.146,0.1373,0.0693,0.3159,0.1467,0.3756,0.1417,0.0217,0.019,0.0891,0.0503,0.1638,0.0727
2653,-118.425,33.905,0.1664,0.0533,0.345,0.1621,0.1562,0.0817,0.3477,0.1677,0.4372,0.1758,0.0249,0.022,0.1021,0.0598,0.1943,0.0916
2654,-118.415,33.905,0.1764,0.0571,0.3667,0.1736,0.1734,0.0929,0.3745,0.1844,0.4472,0.1836,0.0276,0.0243,0.1138,0.0683,0.2113,0.1033
2655,-118.405,33.905,0.1891,0.0624,0.3867,0.1853,0.1777,0.0959,0.369,0.1803,0.4589,0.1935,0.0275,0.0237,0.1163,0.0705,0.2193,0.109
2656,-118.395,33.905,0.1968,0.0653,0.4016,0.1931,0.1803,0.0974,0.3591,0.1723,0.4602,0.1949,0.0269,0.0227,0.117,0.0713,0.2239,0.1122
2657,-118.385,33.905,0.2058,0.069,0.4114,0.197,0.181,0.0975,0.3446,0.1606,0.4614,0.1966,0.0257,0.0212,0.1159,0.0706,0.2278,0.115
2658,-118.375,33.905,0.2187,0.0747,0.4251,0.2042,0.185,0.0997,0.3349,0.1545,0.4659,0.2017,0.0258,0.0213,0.1163,0.0712,0.2337,0.1194
2659,-118.365,33.905,0.2312,0.0805,0.4394,0.2117,0.1897,0.1021,0.3261,0.1495,0.4675,0.2046,0.0264,0.0218,0.1168,0.0718,0.2391,0.1234
2660,-118.355,33.905,0.2432,0.0863,0.4522,0.2178,0.1936,0.1038,0.317,0.1447,0.4671,0.2061,0.0279,0.0234,0.1165,0.0717,0.2445,0.1275
2661,-118.345,33.905,0.2571,0.0936,0.468,0.2266,0.1983,0.1062,0.3112,0.1422,0.4688,0.2098,0.0298,0.025,0.1169,0.0723,0.2505,0.132
2662,-118.335,33.905,0.2709,0.1015,0.4868,0.238,0.2037,0.1093,0.3085,0.142,0.4699,0.2133,0.0323,0.0268,0.118,0.0734,0.2566,0.1366
2663,-118.325,33.905,0.2796,0.1069,0.5026,0.2461,0.2038,0.1083,0.2994,0.1376,0.4632,0.2097,0.0336,0.0266,0.1159,0.0719,0.2585,0.1377
2664,-118.315,33.905,0.291,0.1146,0.5173,0.253,0.2031,0.1068,0.2895,0.1328,0.4575,0.2072,0.0345,0.026,0.1134,0.0701,0.2595,0.138
2665,-118.305,33.905,0.3,0.1214,0.5295,0.2567,0.2038,0.1063,0.2816,0.1298,0.4479,0.2013,0.0341,0.0256,0.112,0.0692,0.2595,0.1374
2666,-118.295,33.905,0.3087,0.1286,0.5455,0.2634,0.2038,0.1053,0.2743,0.1272,0.437,0.1942,0.0332,0.025,0.1105,0.0682,0.2591,0.1363
2667,-118.285,33.905,0.3217,0.1393,0.5654,0.273,0.2031,0.1037,0.2675,0.125,0.4338,0.1925,0.0318,0.0244,0.1088,0.067,0.26,0.1364
2668,-118.275,33.905,0.3365,0.1486,0.592,0.2882,0.2048,0.1038,0.2697,0.1249,0.4367,0.1953,0.0306,0.0241,0.1088,0.0672,0.2634,0.1385
2669,-118.265,33.905,0.3434,0.1461,0.6211,0.3056,0.2076,0.1046,0.2749,0.1256,0.4383,0.1971,0.0295,0.024,0.1096,0.0681,0.2676,0.1413
2670,-118.255,33.905,0.3506,0.1439,0.6556,0.3286,0.2129,0.1073,0.2857,0.1281,0.4402,0.1995,0.0289,0.0244,0.112,0.0703,0.2746,0.1465
2671,-118.245,33.905,0.3718,0.153,0.695,0.3619,0.2228,0.1133,0.3024,0.134,0.4565,0.2164,0.0311,0.0273,0.1173,0.0751,0.2886,0.1581
2672,-118.235,33.905,0.3936,0.1635,0.7395,0.4057,0.2373,0.1226,0.3249,0.1433,0.4727,0.2342,0.0359,0.0327,0.1255,0.0823,0.3026,0.1703
2673,-118.225,33.905,0.4003,0.1626,0.7582,0.4192,0.2384,0.1219,0.332,0.141,0.4725,0.2356,0.0401,0.0371,0.1258,0.0829,0.3102,0.1767
2674,-118.215,33.905,0.4043,0.1608,0.7688,0.4235,0.2366,0.1192,0.3363,0.1364,0.4684,0.2329,0.0441,0.041,0.1246,0.082,0.3133,0.179
2675,-118.205,33.905,0.4097,0.1612,0.7647,0.413,0.2346,0.1164,0.3418,0.1319,0.4656,0.2313,0.0473,0.0442,0.1236,0.0814,0.315,0.18
2676,-118.195,33.905,0.415,0.1625,0.7584,0.4022,0.2332,0.1144,0.3492,0.1309,0.4653,0.231,0.0497,0.0468,0.1227,0.081,0.3166,0.181
2677,-118.185,33.905,0.4209,0.1654,0.7499,0.3913,0.2325,0.113,0.3584,0.1332,0.4668,0.2324,0.0516,0.0487,0.122,0.0807,0.3183,0.182
2678,-118.175,33.905,0.4243,0.1671,0.739,0.3795,0.2315,0.1115,0.3633,0.1342,0.4664,0.2316,0.0522,0.0498,0.1209,0.08,0.3197,0.1828
2679,-118.165,33.905,0.4272,0.1697,0.7273,0.3675,0.2307,0.1103,0.3659,0.1347,0.4663,0.2315,0.0524,0.0506,0.1197,0.0792,0.3206,0.1831
2680,-118.155,33.905,0.4283,0.1716,0.7142,0.3555,0.2308,0.11,0.3618,0.1343,0.4647,0.2295,0.0518,0.0507,0.1186,0.0785,0.321,0.1827
2681,-118.145,33.905,0.4298,0.1749,0.7011,0.3452,0.2316,0.1102,0.3579,0.1344,0.4634,0.228,0.0514,0.0511,0.1179,0.0782,0.3219,0.183
2682,-118.135,33.905,0.4321,0.1797,0.6881,0.3365,0.2331,0.1109,0.3542,0.1352,0.4629,0.2276,0.0511,0.0516,0.1177,0.0783,0.323,0.1834
2683,-118.125,33.905,0.4338,0.1851,0.6744,0.3281,0.2333,0.1108,0.3485,0.1364,0.462,0.2266,0.0509,0.0518,0.1171,0.078,0.324,0.1838
2684,-118.115,33.905,0.4344,0.1907,0.6603,0.3197,0.2332,0.1104,0.3425,0.138,0.4596,0.2245,0.0507,0.0519,0.1164,0.0777,0.3244,0.1835
2685,-118.105,33.905,0.4342,0.1971,0.6453,0.3112,0.2331,0.11,0.3368,0.1402,0.4565,0.2218,0.0509,0.0519,0.1156,0.0773,0.3248,0.1832
2686,-118.095,33.905,0.4335,0.2046,0.63,0.3028,0.233,0.1098,0.331,0.1432,0.4535,0.2196,0.0512,0.0516,0.1149,0.0769,0.3251,0.183
2687,-118.085,33.905,0.4295,0.2108,0.6144,0.2946,0.2331,0.1097,0.3249,0.1469,0.4497,0.2168,0.0515,0.0512,0.1142,0.0766,0.3251,0.1823
2688,-118.075,33.905,0.4225,0.2144,0.5926,0.2818,0.2301,0.1079,0.3181,0.1489,0.4443,0.2127,0.0513,0.0497,0.1115,0.0745,0.3238,0.1805
2689,-118.065,33.905,0.4202,0.2146,0.5666,0.2651,0.2256,0.1051,0.3109,0.1491,0.4375,0.2075,0.0507,0.0478,0.1078,0.0716,0.3183,0.1749
2690,-118.055,33.905,0.4159,0.2008,0.5261,0.2348,0.216,0.099,0.3021,0.142,0.4183,0.1916,0.0491,0.0447,0.1014,0.0664,0.3078,0.1649
2691,-118.045,33.905,0.4094,0.1808,0.4917,0.211,0.2084,0.0943,0.2964,0.1364,0.3931,0.1714,0.0482,0.0426,0.0963,0.0623,0.2959,0.1538
2692,-118.035,33.905,0.4136,0.1717,0.4634,0.1937,0.2028,0.0909,0.2938,0.1323,0.3812,0.1632,0.0479,0.0414,0.0925,0.0592,0.2879,0.1465
2693,-118.025,33.905,0.4176,0.1639,0.4411,0.1822,0.2003,0.0894,0.2965,0.1303,0.3723,0.1574,0.0488,0.0416,0.0911,0.0583,0.2854,0.1438
2694,-118.015,33.905,0.4208,0.1574,0.4208,0.1723,0.1985,0.0883,0.3005,0.1287,0.3668,0.1542,0.0497,0.0419,0.0903,0.0579,0.2841,0.1421
2695,-118.005,33.905,0.4197,0.1497,0.4039,0.1646,0.1967,0.0871,0.3057,0.1269,0.3611,0.1509,0.0497,0.0418,0.0898,0.0577,0.2838,0.1411
2696,-117.995,33.905,0.416,0.1418,0.3887,0.158,0.1962,0.0868,0.3138,0.1261,0.3559,0.1482,0.0497,0.0418,0.09,0.058,0.2839,0.1406
2697,-117.985,33.905,0.4135,0.1361,0.3752,0.1524,0.1969,0.0873,0.3245,0.1263,0.3538,0.1478,0.0498,0.042,0.0907,0.0588,0.2853,0.141
2698,-117.975,33.905,0.4058,0.1283,0.3602,0.1456,0.1955,0.0864,0.3306,0.1247,0.3477,0.1446,0.0492,0.0414,0.0904,0.0588,0.2852,0.1402
2699,-117.965,33.905,0.396,0.1203,0.3453,0.1388,0.1938,0.0854,0.3347,0.1229,0.3404,0.1406,0.0484,0.0406,0.09,0.0587,0.2852,0.1395
2700,-117.955,33.905,0.387,0.1139,0.332,0.1329,0.1922,0.0844,0.333,0.1215,0.3349,0.1379,0.0475,0.0399,0.0899,0.0588,0.2859,0.1393
2701,-117.945,33.905,0.3779,0.1079,0.3204,0.128,0.1911,0.0835,0.3321,0.1208,0.3303,0.1359,0.0468,0.0394,0.0903,0.0593,0.2876,0.1401
2702,-117.935,33.905,0.3703,0.1034,0.3105,0.1241,0.1903,0.0827,0.3321,0.1207,0.3285,0.136,0.0464,0.0392,0.0911,0.0603,0.2906,0.1418
2703,-117.925,33.905,0.362,0.0988,0.3,0.1196,0.1895,0.0817,0.3235,0.1201,0.3271,0.1364,0.0467,0.0394,0.0925,0.0618,0.2943,0.1443
2704,-117.915,33.905,0.3531,0.0942,0.29,0.1153,0.1888,0.0807,0.3132,0.1195,0.3257,0.1367,0.0473,0.0399,0.0941,0.0634,0.2985,0.1472
2705,-117.905,33.905,0.3449,0.0905,0.2824,0.1124,0.1888,0.0802,0.3031,0.1193,0.3244,0.1373,0.0488,0.0407,0.0961,0.0654,0.3028,0.1503
2706,-117.895,33.905,0.3357,0.0871,0.275,0.1095,0.1867,0.0786,0.2934,0.1174,0.3206,0.1361,0.0497,0.0407,0.0966,0.066,0.304,0.1509
2707,-117.885,33.905,0.3237,0.0839,0.2678,0.1066,0.1826,0.076,0.2842,0.1137,0.3123,0.1315,0.05,0.0397,0.0956,0.0654,0.3023,0.149
2708,-117.875,33.905,0.3096,0.0804,0.2591,0.1027,0.1806,0.0752,0.2812,0.1127,0.3005,0.1245,0.0509,0.0389,0.0951,0.0652,0.299,0.1459
2709,-117.865,33.905,0.3007,0.0795,0.2507,0.0989,0.1791,0.0749,0.2798,0.1123,0.2927,0.1205,0.0519,0.0382,0.0946,0.065,0.2966,0.1436
2710,-117.855,33.905,0.2922,0.0786,0.2449,0.0966,0.1773,0.0748,0.2804,0.1122,0.2845,0.116,0.0526,0.0371,0.0935,0.0642,0.2926,0.1399
2711,-117.845,33.905,0.2824,0.0771,0.2367,0.0929,0.1746,0.0742,0.2779,0.111,0.2741,0.1102,0.0532,0.0358,0.0917,0.0629,0.2863,0.1345
2712,-117.835,33.905,0.2676,0.0732,0.2261,0.0878,0.1711,0.0731,0.2725,0.1088,0.2584,0.1011,0.0535,0.0342,0.0894,0.061,0.2781,0.1277
2713,-117.825,33.905,0.2533,0.0694,0.2167,0.0834,0.1669,0.0715,0.2625,0.105,0.2432,0.0926,0.0536,0.0327,0.0866,0.0588,0.2687,0.1201
2714,-117.815,33.905,0.2425,0.067,0.208,0.0795,0.1628,0.07,0.2526,0.1013,0.232,0.0867,0.0538,0.0314,0.0839,0.0567,0.2621,0.1148
2715,-117.805,33.905,0.2325,0.0648,0.2018,0.077,0.1604,0.0693,0.2476,0.0997,0.2232,0.0824,0.0543,0.0312,0.0822,0.0554,0.2583,0.1116
2716,-117.795,33.905,0.2234,0.0628,0.1962,0.0749,0.1585,0.0689,0.2446,0.0987,0.217,0.0796,0.0545,0.0315,0.0807,0.0543,0.2569,0.1101
2717,-117.785,33.905,0.2148,0.0609,0.1913,0.073,0.1572,0.0686,0.2436,0.0985,0.2127,0.0779,0.0544,0.0324,0.0796,0.0535,0.2578,0.1102
2718,-117.775,33.905,0.2066,0.059,0.187,0.0716,0.156,0.0685,0.2441,0.0984,0.2095,0.0767,0.0542,0.0329,0.0785,0.0527,0.2605,0.1114
2719,-117.765,33.905,0.1991,0.0573,0.1829,0.0702,0.155,0.0683,0.2452,0.0985,0.2067,0.0759,0.054,0.0333,0.0774,0.052,0.2637,0.1131
2720,-117.755,33.905,0.1921,0.0557,0.1793,0.0691,0.1542,0.0683,0.2473,0.0987,0.2041,0.0752,0.0539,0.0336,0.0765,0.0514,0.2672,0.1149
2721,-117.745,33.905,0.1854,0.0542,0.1758,0.0681,0.1535,0.0683,0.2498,0.0989,0.2014,0.0744,0.0539,0.0337,0.0755,0.0508,0.2709,0.1168
2722,-117.735,33.905,0.1791,0.0528,0.1726,0.0671,0.153,0.0683,0.2527,0.0991,0.1986,0.0735,0.054,0.0337,0.0747,0.0502,0.2742,0.1184
2723,-117.725,33.905,0.1732,0.0515,0.1695,0.0662,0.1525,0.0684,0.2558,0.0992,0.1954,0.0724,0.0539,0.0335,0.0738,0.0497,0.2771,0.1197
2724,-117.715,33.905,0.1675,0.0502,0.1665,0.0654,0.152,0.0686,0.2587,0.0992,0.1919,0.0711,0.0537,0.0332,0.073,0.0491,0.2794,0.1205
2725,-117.705,33.905,0.162,0.049,0.1637,0.0646,0.1516,0.0687,0.2611,0.099,0.1881,0.0695,0.0531,0.0327,0.0722,0.0486,0.2812,0.1209
2726,-117.695,33.905,0.1568,0.0478,0.161,0.0638,0.1512,0.0688,0.2632,0.0985,0.1841,0.0679,0.0523,0.032,0.0714,0.0481,0.2823,0.1208
2727,-117.685,33.905,0.1517,0.0466,0.1584,0.0631,0.1508,0.0689,0.2649,0.0978,0.1809,0.0667,0.0513,0.0312,0.0705,0.0476,0.2857,0.1224
2728,-117.675,33.905,0.1468,0.0454,0.1557,0.0623,0.1503,0.069,0.2665,0.0965,0.182,0.0681,0.0501,0.0302,0.0697,0.047,0.2931,0.127
2729,-117.665,33.905,0.1419,0.0442,0.1539,0.062,0.1506,0.0695,0.2694,0.0958,0.1845,0.0705,0.0492,0.0293,0.0692,0.0467,0.3042,0.1347
2730,-117.655,33.905,0.1401,0.0443,0.1563,0.064,0.1549,0.0726,0.2785,0.0982,0.1907,0.075,0.0497,0.0292,0.0707,0.0482,0.3191,0.1452
2731,-118.945,33.915,0.0505,0.0173,0.0686,0.0297,0.1044,0.0438,0.2132,0.0735,0.1044,0.0365,0.0137,0.0113,0.0853,0.0424,0.1003,0.0437
2732,-118.935,33.915,0.0512,0.0175,0.0699,0.0302,0.1053,0.0441,0.2143,0.0739,0.1061,0.037,0.0137,0.0113,0.0852,0.0424,0.1007,0.0438
2733,-118.925,33.915,0.052,0.0178,0.0711,0.0307,0.1062,0.0444,0.2153,0.0742,0.1079,0.0375,0.0137,0.0113,0.0851,0.0424,0.101,0.0438
2734,-118.915,33.915,0.0528,0.018,0.0725,0.0312,0.1071,0.0447,0.2164,0.0745,0.1097,0.038,0.0138,0.0113,0.085,0.0423,0.1013,0.0439
2735,-118.905,33.915,0.0536,0.0182,0.0738,0.0318,0.1079,0.045,0.2175,0.0748,0.1116,0.0386,0.0138,0.0112,0.0849,0.0423,0.1016,0.044
2736,-118.895,33.915,0.0544,0.0184,0.0752,0.0323,0.1088,0.0453,0.2186,0.0751,0.1137,0.0392,0.0138,0.0112,0.0848,0.0423,0.102,0.044
2737,-118.885,33.915,0.0552,0.0186,0.0767,0.0329,0.1097,0.0457,0.2197,0.0754,0.1157,0.0398,0.0139,0.0112,0.0847,0.0422,0.1024,0.0441
2738,-118.875,33.915,0.056,0.0188,0.0781,0.0335,0.1106,0.046,0.2209,0.0757,0.1179,0.0405,0.0139,0.0112,0.0846,0.0422,0.1028,0.0442
2739,-118.865,33.915,0.0569,0.019,0.0797,0.0341,0.1114,0.0463,0.2221,0.076,0.1201,0.0411,0.0139,0.0112,0.0844,0.0421,0.1032,0.0443
2740,-118.855,33.915,0.0577,0.0193,0.0812,0.0347,0.1122,0.0465,0.2234,0.0763,0.1225,0.0418,0.014,0.0112,0.0843,0.0421,0.1036,0.0444
2741,-118.845,33.915,0.0586,0.0195,0.0828,0.0353,0.113,0.0468,0.2248,0.0766,0.1249,0.0426,0.014,0.0112,0.0842,0.042,0.104,0.0446
2742,-118.835,33.915,0.0595,0.0197,0.0844,0.036,0.1138,0.0471,0.2263,0.077,0.1274,0.0433,0.0141,0.0112,0.084,0.042,0.1045,0.0447
2743,-118.825,33.915,0.0604,0.0199,0.0861,0.0366,0.1146,0.0474,0.228,0.0775,0.13,0.0441,0.0141,0.0112,0.0838,0.0419,0.1049,0.0448
2744,-118.815,33.915,0.0613,0.0202,0.0878,0.0373,0.1154,0.0477,0.2298,0.078,0.1326,0.0449,0.0142,0.0112,0.0837,0.0419,0.1053,0.0449
2745,-118.805,33.915,0.0622,0.0204,0.0895,0.038,0.1162,0.048,0.2318,0.0786,0.1354,0.0457,0.0142,0.0112,0.0835,0.0418,0.1058,0.045
2746,-118.795,33.915,0.0631,0.0206,0.0913,0.0387,0.1169,0.0482,0.2339,0.0792,0.1384,0.0466,0.0143,0.0113,0.0833,0.0418,0.1063,0.0451
2747,-118.785,33.915,0.064,0.0209,0.0931,0.0394,0.1176,0.0485,0.2362,0.0799,0.1414,0.0475,0.0144,0.0113,0.0832,0.0417,0.1068,0.0453
2748,-118.775,33.915,0.065,0.0211,0.0949,0.0401,0.1183,0.0488,0.239,0.0808,0.1445,0.0485,0.0145,0.0114,0.083,0.0416,0.1073,0.0454
2749,-118.765,33.915,0.066,0.0213,0.0968,0.0408,0.119,0.049,0.242,0.0818,0.1479,0.0495,0.0146,0.0114,0.0828,0.0416,0.1078,0.0456
2750,-118.755,33.915,0.0669,0.0216,0.0987,0.0415,0.1196,0.0493,0.2455,0.0829,0.1513,0.0505,0.0147,0.0115,0.0826,0.0415,0.1083,0.0457
2751,-118.745,33.915,0.068,0.0218,0.1006,0.0422,0.1202,0.0495,0.2492,0.0841,0.1549,0.0516,0.0149,0.0116,0.0824,0.0414,0.109,0.0459
2752,-118.735,33.915,0.069,0.0221,0.1025,0.043,0.1208,0.0497,0.2531,0.0853,0.1587,0.0528,0.015,0.0117,0.0822,0.0413,0.1096,0.0461
2753,-118.725,33.915,0.0701,0.0223,0.1046,0.0437,0.1213,0.05,0.2575,0.0867,0.1627,0.054,0.0151,0.0117,0.0819,0.0413,0.1102,0.0463
2754,-118.715,33.915,0.0711,0.0226,0.1067,0.0445,0.1217,0.0502,0.262,0.088,0.1668,0.0553,0.0153,0.0118,0.0817,0.0412,0.1109,0.0465
2755,-118.705,33.915,0.0723,0.0229,0.1088,0.0453,0.1222,0.0504,0.2667,0.0895,0.1711,0.0567,0.0154,0.0119,0.0815,0.0411,0.1116,0.0468
2756,-118.695,33.915,0.0734,0.0232,0.111,0.0461,0.1226,0.0506,0.2716,0.091,0.1757,0.0581,0.0156,0.0121,0.0812,0.041,0.1123,0.047
2757,-118.685,33.915,0.0746,0.0234,0.1133,0.047,0.123,0.0508,0.2766,0.0925,0.1804,0.0596,0.0157,0.0122,0.081,0.0409,0.1131,0.0473
2758,-118.675,33.915,0.0758,0.0237,0.1157,0.0479,0.1233,0.0509,0.2817,0.094,0.1854,0.0612,0.0159,0.0123,0.0808,0.0409,0.1139,0.0476
2759,-118.665,33.915,0.077,0.024,0.1182,0.0488,0.1236,0.0511,0.2869,0.0956,0.1905,0.0629,0.016,0.0124,0.0805,0.0408,0.1148,0.0479
2760,-118.655,33.915,0.0783,0.0244,0.1208,0.0498,0.1238,0.0512,0.292,0.0972,0.1959,0.0646,0.0162,0.0126,0.0802,0.0407,0.1157,0.0483
2761,-118.645,33.915,0.0796,0.0247,0.1236,0.0509,0.124,0.0514,0.2972,0.0989,0.2015,0.0664,0.0163,0.0127,0.08,0.0406,0.1166,0.0486
2762,-118.635,33.915,0.0809,0.025,0.1264,0.0519,0.1243,0.0516,0.3024,0.1005,0.2073,0.0683,0.0165,0.0128,0.0797,0.0405,0.1175,0.049
2763,-118.625,33.915,0.0823,0.0253,0.1294,0.0531,0.1244,0.0517,0.3073,0.1022,0.2132,0.0703,0.0166,0.013,0.0795,0.0404,0.1185,0.0494
2764,-118.615,33.915,0.0836,0.0256,0.1325,0.0543,0.1245,0.0519,0.3121,0.1038,0.2195,0.0723,0.0167,0.0131,0.0792,0.0403,0.1195,0.0498
2765,-118.605,33.915,0.0849,0.0259,0.1358,0.0556,0.1246,0.0521,0.3166,0.1055,0.2258,0.0744,0.0168,0.0133,0.0789,0.0402,0.1205,0.0502
2766,-118.595,33.915,0.0863,0.0263,0.1393,0.0569,0.1247,0.0522,0.3208,0.1072,0.2324,0.0766,0.017,0.0134,0.0786,0.0401,0.1215,0.0506
2767,-118.585,33.915,0.0876,0.0266,0.1429,0.0583,0.1247,0.0524,0.3246,0.1089,0.2391,0.0788,0.0171,0.0136,0.0783,0.04,0.1226,0.051
2768,-118.575,33.915,0.0889,0.0268,0.1468,0.0599,0.1247,0.0526,0.3277,0.1105,0.246,0.0811,0.0172,0.0137,0.078,0.0399,0.1235,0.0514
2769,-118.565,33.915,0.0902,0.0271,0.1508,0.0615,0.1247,0.0528,0.3304,0.1121,0.2529,0.0834,0.0173,0.0139,0.0777,0.0398,0.1246,0.0518
2770,-118.555,33.915,0.0914,0.0274,0.1551,0.0632,0.1246,0.0531,0.3321,0.1136,0.2599,0.0857,0.0173,0.0141,0.0774,0.0397,0.1256,0.0522
2771,-118.545,33.915,0.0926,0.0276,0.1596,0.065,0.1244,0.0533,0.3331,0.1151,0.2669,0.088,0.0174,0.0142,0.0771,0.0396,0.1266,0.0525
2772,-118.535,33.915,0.0937,0.0278,0.1644,0.0669,0.1242,0.0536,0.3334,0.1165,0.2738,0.0902,0.0175,0.0143,0.0768,0.0395,0.1276,0.0529
2773,-118.525,33.915,0.0947,0.0279,0.1694,0.0689,0.124,0.0539,0.3312,0.1174,0.2807,0.0924,0.0176,0.0145,0.0765,0.0394,0.1285,0.0532
2774,-118.515,33.915,0.0957,0.028,0.1747,0.0711,0.1238,0.0542,0.3279,0.1182,0.2872,0.0945,0.0176,0.0146,0.0762,0.0393,0.1293,0.0535
2775,-118.505,33.915,0.0966,0.0281,0.1804,0.0733,0.1234,0.0546,0.3221,0.1183,0.2936,0.0965,0.0176,0.0147,0.0759,0.0392,0.1301,0.0537
2776,-118.495,33.915,0.0974,0.0282,0.1862,0.0756,0.1231,0.055,0.3154,0.1183,0.2997,0.0984,0.0177,0.0148,0.0756,0.0391,0.1309,0.054
2777,-118.485,33.915,0.0983,0.0282,0.1922,0.078,0.1227,0.0555,0.3079,0.1182,0.3054,0.1001,0.0177,0.0149,0.0753,0.0389,0.1317,0.0542
2778,-118.475,33.915,0.0992,0.0283,0.1986,0.0805,0.1221,0.0559,0.3002,0.1181,0.3107,0.1017,0.0177,0.0149,0.0749,0.0388,0.1325,0.0544
2779,-118.465,33.915,0.1003,0.0284,0.2051,0.083,0.1212,0.0561,0.2926,0.1179,0.3155,0.1031,0.0177,0.015,0.0746,0.0387,0.1334,0.0547
2780,-118.455,33.915,0.1018,0.0286,0.2119,0.0855,0.1191,0.0555,0.2857,0.1174,0.3198,0.1045,0.0177,0.015,0.0743,0.0386,0.1348,0.0552
2781,-118.445,33.915,0.1037,0.029,0.2561,0.1122,0.14,0.0713,0.3229,0.1498,0.3237,0.1058,0.022,0.0198,0.0902,0.0507,0.1515,0.0644
2782,-118.435,33.915,0.1669,0.0555,0.3377,0.163,0.1839,0.1034,0.4043,0.2152,0.4569,0.1922,0.0306,0.0295,0.1224,0.0752,0.1829,0.0841
2783,-118.425,33.915,0.1653,0.0529,0.3543,0.1709,0.1822,0.1017,0.3981,0.21,0.4599,0.1846,0.0303,0.0287,0.1222,0.0747,0.2134,0.1039
2784,-118.415,33.915,0.1781,0.058,0.3598,0.1717,0.1734,0.0949,0.3769,0.193,0.4737,0.1957,0.0286,0.0261,0.1168,0.0702,0.2162,0.1057
2785,-118.405,33.915,0.1906,0.0631,0.3759,0.1807,0.1758,0.0964,0.3694,0.1884,0.4836,0.2045,0.0288,0.0256,0.1182,0.0716,0.2225,0.1101
2786,-118.395,33.915,0.1973,0.0654,0.3883,0.187,0.1772,0.0973,0.3588,0.1805,0.4818,0.2033,0.0285,0.0247,0.1182,0.0718,0.2259,0.1124
2787,-118.385,33.915,0.2066,0.069,0.3969,0.1905,0.1778,0.0975,0.3451,0.1692,0.4817,0.204,0.0278,0.0235,0.1167,0.0708,0.2287,0.1143
2788,-118.375,33.915,0.2189,0.0742,0.4094,0.197,0.1824,0.1,0.3358,0.1615,0.4836,0.2072,0.0282,0.0238,0.1169,0.0711,0.2336,0.1179
2789,-118.365,33.915,0.2328,0.0805,0.4223,0.2038,0.1876,0.1028,0.3271,0.1545,0.4855,0.2107,0.0288,0.0244,0.117,0.0715,0.2387,0.1217
2790,-118.355,33.915,0.2449,0.086,0.434,0.2094,0.1916,0.1044,0.3171,0.147,0.4833,0.2109,0.0298,0.0255,0.1159,0.0708,0.2434,0.1251
2791,-118.345,33.915,0.2582,0.0927,0.448,0.2173,0.1959,0.1063,0.3113,0.143,0.4824,0.2127,0.0313,0.0268,0.1156,0.0708,0.2483,0.1287
2792,-118.335,33.915,0.2715,0.0999,0.4644,0.2273,0.2006,0.1086,0.3095,0.1424,0.4814,0.2146,0.0332,0.0281,0.116,0.0713,0.2534,0.1325
2793,-118.325,33.915,0.2821,0.1061,0.476,0.2325,0.1997,0.1067,0.3008,0.1375,0.4756,0.2124,0.0343,0.0273,0.1132,0.0693,0.2549,0.1333
2794,-118.315,33.915,0.2875,0.1096,0.4871,0.237,0.1982,0.1044,0.2912,0.1323,0.4621,0.2037,0.0349,0.0261,0.11,0.0669,0.2543,0.1324
2795,-118.305,33.915,0.297,0.116,0.5008,0.2429,0.1988,0.1038,0.2845,0.1297,0.4532,0.199,0.0345,0.0251,0.1085,0.0659,0.2548,0.1324
2796,-118.295,33.915,0.3099,0.125,0.5181,0.2516,0.2007,0.1041,0.2803,0.1288,0.4489,0.1976,0.0339,0.0245,0.108,0.0657,0.2574,0.1339
2797,-118.285,33.915,0.3252,0.1357,0.5391,0.263,0.2038,0.1052,0.2784,0.1296,0.4508,0.2004,0.0331,0.0242,0.1083,0.0662,0.2617,0.1368
2798,-118.275,33.915,0.3387,0.143,0.5649,0.2781,0.2064,0.1058,0.2808,0.13,0.4544,0.204,0.0321,0.024,0.1086,0.0666,0.2663,0.14
2799,-118.265,33.915,0.3463,0.1423,0.5943,0.2971,0.2111,0.108,0.2872,0.1321,0.4559,0.2059,0.0316,0.0243,0.1102,0.0682,0.273,0.1449
2800,-118.255,33.915,0.3626,0.1475,0.6363,0.3314,0.2261,0.1177,0.3089,0.1425,0.4671,0.2178,0.0333,0.0269,0.1181,0.075,0.2845,0.1541
2801,-118.245,33.915,0.3903,0.1617,0.6746,0.3642,0.2363,0.1238,0.3256,0.1484,0.4899,0.2424,0.0354,0.0297,0.1234,0.0797,0.3057,0.1726
2802,-118.235,33.915,0.3993,0.1622,0.709,0.3953,0.2419,0.1264,0.3375,0.1497,0.4924,0.2467,0.038,0.0328,0.1261,0.0824,0.3125,0.1783
2803,-118.225,33.915,0.4034,0.1594,0.7222,0.401,0.2416,0.1245,0.3436,0.1464,0.4889,0.2446,0.0411,0.0362,0.1257,0.0822,0.3156,0.1805
2804,-118.215,33.915,0.4083,0.1582,0.7288,0.3996,0.2399,0.1216,0.349,0.1423,0.4847,0.242,0.0442,0.0396,0.1246,0.0816,0.3171,0.1812
2805,-118.205,33.915,0.4142,0.1589,0.7247,0.3898,0.2376,0.1184,0.356,0.1391,0.4812,0.2397,0.0469,0.0425,0.1234,0.0808,0.3184,0.1819
2806,-118.195,33.915,0.4223,0.1622,0.7178,0.3793,0.2365,0.1164,0.3658,0.1379,0.4821,0.2404,0.0492,0.045,0.1226,0.0804,0.3203,0.183
2807,-118.185,33.915,0.4301,0.1664,0.7083,0.3681,0.2366,0.1156,0.3782,0.1387,0.4828,0.241,0.0512,0.0471,0.1221,0.0802,0.3217,0.1837
2808,-118.175,33.915,0.4356,0.1695,0.6958,0.355,0.2357,0.1142,0.3855,0.1384,0.4818,0.2395,0.0519,0.0481,0.1208,0.0794,0.3225,0.1839
2809,-118.165,33.915,0.4396,0.1727,0.6827,0.3417,0.235,0.113,0.3893,0.1376,0.4804,0.2378,0.0522,0.0489,0.1194,0.0785,0.3228,0.1835
2810,-118.155,33.915,0.443,0.1764,0.6692,0.3298,0.2358,0.1131,0.3817,0.1357,0.4792,0.2363,0.0522,0.0495,0.1186,0.078,0.3235,0.1835
2811,-118.145,33.915,0.4477,0.1823,0.6559,0.3192,0.2374,0.1137,0.3751,0.1349,0.4794,0.2365,0.0521,0.0502,0.1183,0.0781,0.3251,0.1844
2812,-118.135,33.915,0.4521,0.189,0.6425,0.3097,0.2397,0.1149,0.3693,0.135,0.4794,0.2365,0.0522,0.0511,0.1185,0.0785,0.3262,0.1848
2813,-118.125,33.915,0.4538,0.1945,0.6296,0.3013,0.2392,0.1142,0.3613,0.1358,0.4768,0.2337,0.0516,0.0511,0.1175,0.0779,0.3264,0.1843
2814,-118.115,33.915,0.4549,0.2011,0.6168,0.2934,0.2383,0.1131,0.3531,0.137,0.4733,0.2305,0.0511,0.0509,0.1163,0.0771,0.3258,0.1831
2815,-118.105,33.915,0.455,0.2088,0.6039,0.2863,0.2374,0.1121,0.3462,0.1392,0.4693,0.2269,0.0511,0.0506,0.1153,0.0765,0.3252,0.182
2816,-118.095,33.915,0.4537,0.2178,0.5907,0.2793,0.237,0.1116,0.3393,0.1434,0.4652,0.2238,0.0511,0.0503,0.1144,0.076,0.3248,0.1809
2817,-118.085,33.915,0.4471,0.2258,0.5771,0.2725,0.2371,0.1114,0.3324,0.1498,0.4606,0.2204,0.0512,0.0499,0.1138,0.0757,0.3231,0.1787
2818,-118.075,33.915,0.4352,0.2318,0.5488,0.2531,0.2275,0.1052,0.3148,0.1478,0.4545,0.2157,0.0489,0.0464,0.1075,0.0706,0.317,0.1723
2819,-118.065,33.915,0.4052,0.2099,0.5165,0.2304,0.2163,0.0979,0.2969,0.1433,0.4212,0.1872,0.0462,0.0424,0.1002,0.0647,0.2984,0.1557
2820,-118.055,33.915,0.4034,0.188,0.4799,0.2045,0.2066,0.092,0.2885,0.1346,0.3933,0.1661,0.0446,0.0398,0.0941,0.0598,0.2871,0.1456
2821,-118.045,33.915,0.4262,0.1895,0.4531,0.1878,0.2026,0.0896,0.288,0.131,0.3934,0.1668,0.0447,0.0391,0.091,0.0574,0.2832,0.1417
2822,-118.035,33.915,0.4394,0.1847,0.4359,0.1801,0.2041,0.0908,0.2952,0.1326,0.3872,0.1631,0.0465,0.0405,0.0911,0.0577,0.284,0.1418
2823,-118.025,33.915,0.4461,0.1765,0.4182,0.172,0.2037,0.0906,0.3007,0.1323,0.3788,0.1579,0.0478,0.0413,0.0907,0.0576,0.2831,0.1404
2824,-118.015,33.915,0.4519,0.1703,0.4007,0.164,0.2028,0.0902,0.3063,0.1315,0.3752,0.1563,0.049,0.0418,0.0904,0.0575,0.2833,0.1399
2825,-118.005,33.915,0.4513,0.1618,0.3846,0.1566,0.202,0.0897,0.3134,0.1302,0.3707,0.154,0.0495,0.0417,0.0902,0.0577,0.2841,0.1399
2826,-117.995,33.915,0.447,0.1528,0.3705,0.1505,0.2022,0.0899,0.3237,0.1298,0.3664,0.1521,0.05,0.0416,0.0908,0.0583,0.2851,0.14
2827,-117.985,33.915,0.4441,0.1463,0.3584,0.1457,0.2037,0.0909,0.3371,0.1303,0.3649,0.1522,0.0504,0.0417,0.0919,0.0595,0.2877,0.1414
2828,-117.975,33.915,0.4363,0.1378,0.3448,0.1397,0.2054,0.0921,0.349,0.1309,0.3588,0.1491,0.0508,0.0417,0.0932,0.0608,0.2902,0.1426
2829,-117.965,33.915,0.4353,0.1351,0.331,0.1334,0.2064,0.0928,0.3569,0.1311,0.3596,0.1512,0.0509,0.0414,0.0942,0.0619,0.2919,0.1433
2830,-117.955,33.915,0.4251,0.1273,0.3178,0.1273,0.2037,0.0911,0.3462,0.1282,0.3523,0.1472,0.0496,0.0402,0.0936,0.0616,0.2929,0.1434
2831,-117.945,33.915,0.4149,0.1205,0.306,0.122,0.2021,0.0899,0.3378,0.1264,0.347,0.1448,0.0488,0.0395,0.0938,0.0621,0.2944,0.144
2832,-117.935,33.915,0.4043,0.1141,0.2955,0.1176,0.2015,0.0893,0.3316,0.1258,0.344,0.144,0.0484,0.0394,0.0949,0.0633,0.2969,0.1454
2833,-117.925,33.915,0.3903,0.1062,0.2852,0.1131,0.2005,0.0883,0.3224,0.1249,0.34,0.1426,0.0489,0.0398,0.0962,0.0646,0.3002,0.1475
2834,-117.915,33.915,0.3786,0.1002,0.2757,0.109,0.1998,0.0875,0.313,0.1242,0.3387,0.1432,0.0497,0.0404,0.0978,0.0662,0.3043,0.1504
2835,-117.905,33.915,0.3683,0.0953,0.2702,0.1072,0.2011,0.0879,0.3059,0.1249,0.3382,0.1446,0.0516,0.0418,0.1005,0.0689,0.3098,0.1545
2836,-117.895,33.915,0.3551,0.09,0.2626,0.1041,0.1978,0.0857,0.2962,0.1213,0.3328,0.1422,0.0522,0.0414,0.1001,0.0688,0.3089,0.1533
2837,-117.885,33.915,0.3351,0.084,0.253,0.0996,0.1898,0.0808,0.2839,0.1133,0.3173,0.1325,0.0514,0.0393,0.0967,0.066,0.3032,0.1482
2838,-117.875,33.915,0.3166,0.0794,0.2441,0.0955,0.1839,0.0777,0.2779,0.1094,0.3017,0.1229,0.0513,0.0375,0.0941,0.0639,0.2956,0.1414
2839,-117.865,33.915,0.3028,0.0769,0.2361,0.092,0.1793,0.0755,0.275,0.1073,0.2897,0.1162,0.0515,0.0358,0.0919,0.0622,0.29,0.1366
2840,-117.855,33.915,0.2931,0.0761,0.2316,0.0906,0.1784,0.0757,0.2803,0.1097,0.2808,0.1115,0.0529,0.0351,0.0915,0.0621,0.2864,0.1334
2841,-117.845,33.915,0.2845,0.0755,0.2258,0.0883,0.1778,0.0761,0.2837,0.1117,0.2719,0.1068,0.0545,0.0343,0.091,0.0619,0.2822,0.1297
2842,-117.835,33.915,0.2751,0.0743,0.2185,0.0851,0.1774,0.0767,0.285,0.1135,0.2615,0.1012,0.0563,0.0334,0.0906,0.0618,0.2759,0.1246
2843,-117.825,33.915,0.259,0.0701,0.2103,0.0814,0.1726,0.0747,0.2731,0.1094,0.2445,0.0918,0.0566,0.0315,0.0877,0.0594,0.2667,0.1173
2844,-117.815,33.915,0.2468,0.0673,0.2022,0.0778,0.1674,0.0724,0.2598,0.1048,0.2316,0.085,0.0568,0.0295,0.0845,0.0568,0.2587,0.1111
2845,-117.805,33.915,0.236,0.0649,0.1962,0.0753,0.1647,0.0715,0.2535,0.103,0.2219,0.0802,0.0573,0.029,0.0827,0.0555,0.2544,0.1076
2846,-117.795,33.915,0.2262,0.0628,0.1908,0.0732,0.1624,0.0707,0.2493,0.1019,0.2162,0.0778,0.0572,0.0291,0.0812,0.0544,0.2537,0.1066
2847,-117.785,33.915,0.2172,0.0609,0.1861,0.0715,0.1606,0.0702,0.2472,0.1014,0.2132,0.0769,0.0565,0.0301,0.0799,0.0535,0.2561,0.1078
2848,-117.775,33.915,0.2087,0.059,0.1819,0.0701,0.1591,0.0698,0.2468,0.1013,0.2112,0.0765,0.0557,0.031,0.0788,0.0527,0.2605,0.1101
2849,-117.765,33.915,0.2009,0.0573,0.178,0.0688,0.1579,0.0695,0.2471,0.1013,0.2094,0.0763,0.0549,0.0319,0.0778,0.052,0.265,0.1126
2850,-117.755,33.915,0.1937,0.0557,0.1744,0.0676,0.1569,0.0694,0.2483,0.1015,0.2074,0.076,0.0544,0.0325,0.0768,0.0514,0.2694,0.1151
2851,-117.745,33.915,0.1868,0.0543,0.171,0.0666,0.1561,0.0693,0.25,0.1017,0.2052,0.0755,0.054,0.0329,0.076,0.0509,0.2738,0.1174
2852,-117.735,33.915,0.1804,0.0529,0.1679,0.0656,0.1553,0.0692,0.2519,0.1019,0.2026,0.0747,0.0536,0.0332,0.0751,0.0503,0.2776,0.1194
2853,-117.725,33.915,0.1742,0.0515,0.1648,0.0647,0.1548,0.0693,0.254,0.1019,0.1996,0.0738,0.0532,0.0332,0.0743,0.0498,0.2809,0.1209
2854,-117.715,33.915,0.1685,0.0503,0.1619,0.0639,0.1542,0.0693,0.256,0.1019,0.1962,0.0726,0.0528,0.0331,0.0735,0.0493,0.2836,0.1219
2855,-117.705,33.915,0.163,0.049,0.1592,0.0631,0.1538,0.0694,0.2578,0.1016,0.1925,0.0711,0.0522,0.0328,0.0727,0.0488,0.2856,0.1224
2856,-117.695,33.915,0.1577,0.0479,0.1565,0.0623,0.1533,0.0695,0.2592,0.101,0.1885,0.0695,0.0514,0.0322,0.0719,0.0483,0.2869,0.1224
2857,-117.685,33.915,0.1527,0.0467,0.154,0.0616,0.1528,0.0696,0.2603,0.1001,0.1855,0.0685,0.0505,0.0316,0.0711,0.0478,0.2904,0.124
2858,-117.675,33.915,0.1477,0.0456,0.1514,0.0608,0.1523,0.0697,0.2608,0.0988,0.1867,0.0701,0.0494,0.0307,0.0703,0.0472,0.2989,0.1295
2859,-117.665,33.915,0.1429,0.0444,0.1498,0.0606,0.1534,0.0707,0.2633,0.0986,0.1899,0.0729,0.0489,0.0301,0.0701,0.0473,0.3124,0.139
2860,-117.655,33.915,0.1435,0.0456,0.1527,0.0629,0.1617,0.0764,0.2764,0.1043,0.1997,0.0797,0.0509,0.0311,0.0736,0.0505,0.3308,0.1525
2861,-118.945,33.925,0.0507,0.0174,0.0686,0.0298,0.1061,0.0445,0.2179,0.0748,0.1044,0.0364,0.0138,0.0114,0.0864,0.0428,0.1009,0.0437
2862,-118.935,33.925,0.0515,0.0176,0.0699,0.0303,0.107,0.0448,0.2189,0.0751,0.1061,0.0369,0.0138,0.0114,0.0863,0.0428,0.1012,0.0437
2863,-118.925,33.925,0.0523,0.0179,0.0712,0.0308,0.108,0.0451,0.2198,0.0754,0.108,0.0374,0.0138,0.0113,0.0862,0.0428,0.1015,0.0438
2864,-118.915,33.925,0.0531,0.0181,0.0725,0.0313,0.1089,0.0455,0.2208,0.0757,0.1098,0.0379,0.0138,0.0113,0.0861,0.0427,0.1019,0.0439
2865,-118.905,33.925,0.0539,0.0183,0.0739,0.0319,0.1098,0.0458,0.2218,0.0759,0.1118,0.0385,0.0139,0.0113,0.086,0.0427,0.1022,0.0439
2866,-118.895,33.925,0.0547,0.0185,0.0753,0.0324,0.1108,0.0461,0.2228,0.0762,0.1138,0.0391,0.0139,0.0113,0.0859,0.0427,0.1026,0.044
2867,-118.885,33.925,0.0555,0.0187,0.0767,0.033,0.1117,0.0464,0.2239,0.0764,0.1159,0.0398,0.0139,0.0112,0.0858,0.0426,0.103,0.0441
2868,-118.875,33.925,0.0563,0.0189,0.0782,0.0336,0.1126,0.0467,0.2249,0.0766,0.1182,0.0404,0.0139,0.0112,0.0857,0.0426,0.1034,0.0443
2869,-118.865,33.925,0.0572,0.0192,0.0798,0.0342,0.1134,0.047,0.226,0.0769,0.1205,0.0411,0.014,0.0112,0.0855,0.0425,0.1039,0.0444
2870,-118.855,33.925,0.0581,0.0194,0.0813,0.0349,0.1143,0.0474,0.2272,0.0771,0.1229,0.0418,0.014,0.0112,0.0854,0.0425,0.1043,0.0445
2871,-118.845,33.925,0.0589,0.0196,0.083,0.0355,0.1152,0.0477,0.2285,0.0774,0.1254,0.0426,0.014,0.0112,0.0852,0.0424,0.1047,0.0446
2872,-118.835,33.925,0.0598,0.0198,0.0846,0.0362,0.116,0.048,0.2299,0.0778,0.1279,0.0433,0.0141,0.0112,0.0851,0.0424,0.1052,0.0447
2873,-118.825,33.925,0.0607,0.0201,0.0863,0.0368,0.1169,0.0483,0.2315,0.0782,0.1306,0.0441,0.0141,0.0112,0.0849,0.0423,0.1056,0.0448
2874,-118.815,33.925,0.0616,0.0203,0.088,0.0375,0.1177,0.0486,0.2332,0.0786,0.1334,0.045,0.0142,0.0112,0.0848,0.0422,0.106,0.0449
2875,-118.805,33.925,0.0625,0.0205,0.0897,0.0382,0.1185,0.0489,0.2352,0.0792,0.1362,0.0458,0.0143,0.0112,0.0846,0.0422,0.1065,0.0451
2876,-118.795,33.925,0.0634,0.0207,0.0915,0.0389,0.1193,0.0491,0.2375,0.0799,0.1392,0.0467,0.0143,0.0113,0.0844,0.0421,0.107,0.0452
2877,-118.785,33.925,0.0644,0.021,0.0933,0.0396,0.12,0.0494,0.24,0.0807,0.1423,0.0476,0.0144,0.0113,0.0842,0.0421,0.1075,0.0453
2878,-118.775,33.925,0.0653,0.0212,0.0951,0.0403,0.1208,0.0497,0.243,0.0816,0.1455,0.0486,0.0145,0.0114,0.084,0.042,0.108,0.0454
2879,-118.765,33.925,0.0663,0.0215,0.097,0.041,0.1215,0.05,0.2462,0.0826,0.149,0.0496,0.0146,0.0114,0.0838,0.0419,0.1085,0.0456
2880,-118.755,33.925,0.0673,0.0217,0.0988,0.0417,0.1222,0.0502,0.2498,0.0838,0.1525,0.0507,0.0148,0.0115,0.0836,0.0419,0.109,0.0457
2881,-118.745,33.925,0.0683,0.0219,0.1007,0.0424,0.1228,0.0505,0.2537,0.0851,0.1563,0.0519,0.0149,0.0116,0.0834,0.0418,0.1096,0.0459
2882,-118.735,33.925,0.0693,0.0222,0.1027,0.0432,0.1234,0.0508,0.2579,0.0864,0.1602,0.0531,0.015,0.0117,0.0832,0.0417,0.1103,0.0461
2883,-118.725,33.925,0.0704,0.0224,0.1047,0.0439,0.124,0.051,0.2625,0.0878,0.1644,0.0544,0.0152,0.0118,0.083,0.0416,0.111,0.0463
2884,-118.715,33.925,0.0715,0.0227,0.1068,0.0447,0.1245,0.0512,0.2673,0.0893,0.1688,0.0557,0.0153,0.0119,0.0827,0.0415,0.1117,0.0466
2885,-118.705,33.925,0.0726,0.023,0.1089,0.0455,0.125,0.0514,0.2725,0.0909,0.1734,0.0572,0.0155,0.012,0.0825,0.0415,0.1124,0.0468
2886,-118.695,33.925,0.0738,0.0233,0.111,0.0463,0.1255,0.0517,0.2779,0.0925,0.1782,0.0587,0.0157,0.0121,0.0823,0.0414,0.1132,0.0471
2887,-118.685,33.925,0.075,0.0236,0.1132,0.0471,0.1259,0.0519,0.2834,0.0941,0.1831,0.0603,0.0158,0.0122,0.082,0.0413,0.114,0.0474
2888,-118.675,33.925,0.0762,0.0239,0.1156,0.048,0.1263,0.052,0.2892,0.0958,0.1885,0.062,0.016,0.0123,0.0818,0.0412,0.1149,0.0477
2889,-118.665,33.925,0.0775,0.0242,0.118,0.049,0.1266,0.0522,0.295,0.0975,0.194,0.0638,0.0162,0.0125,0.0815,0.0411,0.1158,0.0481
2890,-118.655,33.925,0.0788,0.0245,0.1206,0.0499,0.1269,0.0524,0.3009,0.0992,0.1997,0.0656,0.0163,0.0126,0.0812,0.041,0.1167,0.0485
2891,-118.645,33.925,0.0801,0.0248,0.1233,0.0509,0.1271,0.0526,0.3068,0.101,0.2058,0.0676,0.0165,0.0128,0.081,0.0409,0.1177,0.0488
2892,-118.635,33.925,0.0815,0.0252,0.126,0.052,0.1274,0.0527,0.3127,0.1028,0.212,0.0697,0.0166,0.0129,0.0807,0.0408,0.1187,0.0492
2893,-118.625,33.925,0.0829,0.0255,0.129,0.0532,0.1275,0.0529,0.3185,0.1046,0.2186,0.0718,0.0168,0.0131,0.0804,0.0407,0.1197,0.0497
2894,-118.615,33.925,0.0843,0.0259,0.132,0.0543,0.1277,0.0531,0.3242,0.1065,0.2254,0.0741,0.0169,0.0132,0.0801,0.0406,0.1208,0.0501
2895,-118.605,33.925,0.0856,0.0262,0.1353,0.0556,0.1278,0.0533,0.3295,0.1084,0.2324,0.0764,0.017,0.0134,0.0799,0.0405,0.1219,0.0506
2896,-118.595,33.925,0.087,0.0265,0.1387,0.057,0.1279,0.0534,0.3345,0.1102,0.2397,0.0788,0.0171,0.0136,0.0796,0.0404,0.123,0.051
2897,-118.585,33.925,0.0884,0.0268,0.1423,0.0584,0.1279,0.0536,0.3391,0.1121,0.2471,0.0813,0.0173,0.0138,0.0793,0.0403,0.1242,0.0515
2898,-118.575,33.925,0.0897,0.0271,0.1461,0.0599,0.1279,0.0538,0.3428,0.114,0.2547,0.0839,0.0174,0.0139,0.079,0.0402,0.1253,0.0519
2899,-118.565,33.925,0.091,0.0274,0.15,0.0615,0.1279,0.054,0.3462,0.1158,0.2625,0.0865,0.0175,0.0141,0.0787,0.0401,0.1264,0.0524
2900,-118.555,33.925,0.0923,0.0277,0.1543,0.0632,0.1277,0.0543,0.3484,0.1175,0.2704,0.0891,0.0175,0.0143,0.0784,0.04,0.1275,0.0528
2901,-118.545,33.925,0.0934,0.0279,0.1587,0.065,0.1275,0.0545,0.3497,0.1192,0.2784,0.0917,0.0176,0.0145,0.0781,0.0399,0.1285,0.0532
2902,-118.535,33.925,0.0945,0.0281,0.1634,0.0669,0.1273,0.0548,0.3502,0.1207,0.2862,0.0943,0.0177,0.0146,0.0777,0.0398,0.1296,0.0536
2903,-118.525,33.925,0.0955,0.0282,0.1684,0.069,0.127,0.0551,0.348,0.1219,0.294,0.0968,0.0178,0.0148,0.0774,0.0397,0.1305,0.0539
2904,-118.515,33.925,0.0964,0.0283,0.1735,0.0711,0.1267,0.0554,0.3446,0.1228,0.3016,0.0992,0.0178,0.015,0.0771,0.0396,0.1314,0.0542
2905,-118.505,33.925,0.0971,0.0284,0.179,0.0733,0.1262,0.0558,0.3375,0.1228,0.3088,0.1014,0.0179,0.0151,0.0768,0.0395,0.1322,0.0545
2906,-118.495,33.925,0.0978,0.0284,0.1847,0.0756,0.1257,0.0562,0.3293,0.1226,0.3158,0.1035,0.0179,0.0152,0.0765,0.0394,0.133,0.0546
2907,-118.485,33.925,0.0984,0.0283,0.1905,0.078,0.1251,0.0566,0.3199,0.1223,0.3222,0.1054,0.0179,0.0153,0.0761,0.0392,0.1337,0.0548
2908,-118.475,33.925,0.0989,0.0283,0.1966,0.0804,0.1241,0.057,0.3096,0.1217,0.3283,0.107,0.0179,0.0154,0.0758,0.0391,0.1343,0.0549
2909,-118.465,33.925,0.0996,0.0282,0.2026,0.0827,0.1228,0.0572,0.2993,0.121,0.3336,0.1085,0.0179,0.0155,0.0755,0.039,0.1354,0.0552
2910,-118.455,33.925,0.1006,0.0283,0.2088,0.0851,0.1199,0.0563,0.2899,0.12,0.3384,0.1098,0.0179,0.0155,0.0751,0.0389,0.138,0.0563
2911,-118.445,33.925,0.1489,0.0487,0.255,0.1138,0.1394,0.0714,0.3251,0.1518,0.4462,0.1812,0.0222,0.0205,0.0909,0.0508,0.1741,0.0778
2912,-118.435,33.925,0.176,0.0594,0.3411,0.1688,0.1812,0.1023,0.405,0.2165,0.5094,0.2189,0.0308,0.0305,0.1229,0.0747,0.2016,0.0949
2913,-118.425,33.925,0.1639,0.0526,0.3531,0.1735,0.1788,0.101,0.3982,0.2139,0.4858,0.1951,0.0309,0.0303,0.1232,0.0747,0.2155,0.1041
2914,-118.415,33.925,0.1757,0.0571,0.3525,0.1697,0.1693,0.0944,0.3762,0.1995,0.4972,0.2045,0.0295,0.0282,0.1181,0.0708,0.2175,0.1052
2915,-118.405,33.925,0.1866,0.0612,0.3636,0.1751,0.1692,0.0945,0.3667,0.1947,0.5033,0.21,0.0297,0.0271,0.1181,0.071,0.2218,0.1082
2916,-118.395,33.925,0.1941,0.0636,0.3732,0.1797,0.1704,0.0953,0.3573,0.1882,0.5009,0.2085,0.0298,0.0261,0.1179,0.071,0.225,0.1104
2917,-118.385,33.925,0.2046,0.0675,0.3813,0.1834,0.1727,0.0968,0.3479,0.18,0.5008,0.2095,0.0298,0.0252,0.1174,0.0709,0.2283,0.1127
2918,-118.375,33.925,0.2179,0.0729,0.3928,0.1894,0.1776,0.0993,0.3397,0.1706,0.5025,0.2127,0.0302,0.0254,0.117,0.0708,0.2332,0.1162
2919,-118.365,33.925,0.2315,0.0788,0.4048,0.196,0.183,0.102,0.3319,0.1614,0.5025,0.215,0.0308,0.026,0.1166,0.0707,0.2379,0.1196
2920,-118.355,33.925,0.2454,0.085,0.4165,0.2022,0.1888,0.1046,0.3247,0.1536,0.5017,0.2169,0.0317,0.0271,0.116,0.0704,0.2428,0.1232
2921,-118.345,33.925,0.2597,0.0918,0.4292,0.2096,0.194,0.1069,0.3204,0.1488,0.5003,0.2188,0.0329,0.0282,0.1156,0.0703,0.2477,0.1268
2922,-118.335,33.925,0.2732,0.0986,0.4429,0.2181,0.1987,0.109,0.3188,0.1469,0.4973,0.2196,0.0344,0.0291,0.1155,0.0704,0.252,0.13
2923,-118.325,33.925,0.2822,0.1031,0.4484,0.2189,0.1976,0.1068,0.3102,0.1409,0.4879,0.2146,0.0348,0.0279,0.1121,0.0679,0.2519,0.1296
2924,-118.315,33.925,0.2859,0.1049,0.4547,0.22,0.1962,0.1044,0.3014,0.1351,0.472,0.2042,0.0351,0.0264,0.1087,0.0654,0.2526,0.1298
2925,-118.305,33.925,0.2986,0.1124,0.4726,0.2304,0.1992,0.1056,0.299,0.1345,0.4678,0.2039,0.0354,0.0256,0.1084,0.0654,0.2554,0.1316
2926,-118.295,33.925,0.314,0.1216,0.4919,0.2416,0.2022,0.1066,0.2971,0.1343,0.469,0.2075,0.0354,0.0249,0.1082,0.0655,0.2601,0.135
2927,-118.285,33.925,0.3262,0.1283,0.5126,0.2536,0.2052,0.1076,0.2957,0.1345,0.4706,0.21,0.0349,0.0245,0.1082,0.0656,0.2647,0.1382
2928,-118.275,33.925,0.3365,0.1324,0.5356,0.2667,0.2094,0.1093,0.2991,0.1361,0.4719,0.2119,0.0347,0.0245,0.1091,0.0666,0.2707,0.1426
2929,-118.265,33.925,0.3475,0.1353,0.5641,0.2864,0.2162,0.1131,0.3069,0.14,0.476,0.2164,0.0351,0.0253,0.1116,0.0689,0.282,0.1517
2930,-118.255,33.925,0.373,0.1484,0.6165,0.3361,0.2347,0.1256,0.3315,0.1535,0.4961,0.2385,0.0384,0.029,0.1213,0.0773,0.2981,0.1651
2931,-118.245,33.925,0.3998,0.1624,0.6514,0.3649,0.2447,0.1315,0.3467,0.159,0.5166,0.2623,0.0406,0.0319,0.1263,0.0817,0.3158,0.1808
2932,-118.235,33.925,0.403,0.1585,0.6689,0.3727,0.2464,0.1309,0.3525,0.1564,0.5119,0.2586,0.0417,0.0339,0.1264,0.0821,0.3187,0.1828
2933,-118.225,33.925,0.4063,0.1553,0.6777,0.3732,0.2454,0.1283,0.3567,0.1525,0.5066,0.2545,0.0436,0.0366,0.1255,0.0816,0.32,0.1832
2934,-118.215,33.925,0.411,0.1539,0.6831,0.3713,0.2439,0.1254,0.3612,0.1488,0.5017,0.2513,0.0457,0.0394,0.1244,0.0809,0.3211,0.1836
2935,-118.205,33.925,0.4196,0.1566,0.6811,0.3647,0.2422,0.1225,0.368,0.1464,0.4997,0.2503,0.0479,0.042,0.1235,0.0804,0.3226,0.1843
2936,-118.195,33.925,0.4305,0.1619,0.6751,0.3556,0.2412,0.1203,0.3769,0.1451,0.5001,0.2505,0.0498,0.0442,0.1226,0.0799,0.3239,0.1849
2937,-118.185,33.925,0.4407,0.1677,0.6652,0.3439,0.2408,0.1189,0.3878,0.1448,0.5001,0.2503,0.0516,0.0459,0.1219,0.0796,0.325,0.1853
2938,-118.175,33.925,0.4486,0.1725,0.6515,0.3293,0.2402,0.1175,0.3941,0.1437,0.4989,0.2486,0.0524,0.0469,0.1207,0.0788,0.3257,0.1853
2939,-118.165,33.925,0.4541,0.1763,0.6373,0.3149,0.24,0.1164,0.3973,0.1423,0.4965,0.2457,0.053,0.0477,0.1196,0.0782,0.3261,0.1851
2940,-118.155,33.925,0.4609,0.1827,0.6244,0.3044,0.242,0.1171,0.3902,0.1406,0.4968,0.2459,0.0535,0.0488,0.1195,0.0783,0.3278,0.186
2941,-118.145,33.925,0.4676,0.19,0.611,0.2941,0.2437,0.1177,0.383,0.1386,0.4971,0.2463,0.0536,0.0496,0.1192,0.0783,0.329,0.1865
2942,-118.135,33.925,0.4731,0.1974,0.5973,0.2838,0.2451,0.1181,0.3755,0.1364,0.4965,0.2456,0.0534,0.0501,0.1186,0.0781,0.3293,0.1861
2943,-118.125,33.925,0.4759,0.2033,0.5851,0.2754,0.2442,0.1169,0.3692,0.1356,0.4931,0.2419,0.0528,0.0501,0.1174,0.0774,0.3286,0.1848
2944,-118.115,33.925,0.4777,0.2102,0.5733,0.2677,0.2429,0.1154,0.3633,0.1351,0.4886,0.2376,0.0522,0.0498,0.1161,0.0765,0.3275,0.183
2945,-118.105,33.925,0.4785,0.2185,0.5621,0.2616,0.2414,0.1139,0.358,0.1351,0.4837,0.2331,0.0517,0.0493,0.1147,0.0756,0.3258,0.1807
2946,-118.095,33.925,0.4762,0.2265,0.55,0.2552,0.2395,0.1123,0.3507,0.137,0.4773,0.2276,0.051,0.0485,0.113,0.0744,0.3232,0.1776
2947,-118.085,33.925,0.4711,0.2348,0.5369,0.2483,0.2373,0.1106,0.3413,0.1409,0.4711,0.2228,0.0502,0.0475,0.111,0.0729,0.3165,0.171
2948,-118.075,33.925,0.445,0.2202,0.4983,0.2192,0.2224,0.1009,0.3155,0.1359,0.4427,0.1973,0.0464,0.0426,0.1021,0.0657,0.2983,0.1546
2949,-118.065,33.925,0.4229,0.2007,0.4576,0.1889,0.2073,0.0912,0.2907,0.1297,0.4098,0.1719,0.0426,0.0378,0.093,0.0584,0.2832,0.1416
2950,-118.055,33.925,0.4268,0.192,0.4328,0.1754,0.2033,0.0889,0.2877,0.1272,0.393,0.1606,0.0424,0.0371,0.09,0.0561,0.276,0.1352
2951,-118.045,33.925,0.4457,0.1914,0.4168,0.1683,0.2038,0.0894,0.2917,0.1287,0.3882,0.1582,0.0436,0.038,0.0895,0.0559,0.2759,0.1346
2952,-118.035,33.925,0.4732,0.1979,0.4097,0.1678,0.2089,0.0928,0.3027,0.1341,0.3943,0.1637,0.0465,0.0406,0.0914,0.0576,0.281,0.1379
2953,-118.025,33.925,0.4843,0.1923,0.397,0.163,0.21,0.0936,0.3093,0.1353,0.3896,0.1613,0.0482,0.0417,0.0919,0.0582,0.2832,0.139
2954,-118.015,33.925,0.4921,0.1873,0.3828,0.157,0.2099,0.0937,0.3147,0.1352,0.3897,0.1626,0.0496,0.0424,0.0919,0.0585,0.2853,0.14
2955,-118.005,33.925,0.4881,0.1757,0.3676,0.1501,0.2081,0.0926,0.3188,0.1329,0.3841,0.1596,0.05,0.0417,0.0913,0.0582,0.2863,0.1402
2956,-117.995,33.925,0.4799,0.1633,0.3541,0.1441,0.2072,0.0922,0.3251,0.131,0.3781,0.1566,0.0504,0.0411,0.0912,0.0583,0.2859,0.1392
2957,-117.985,33.925,0.473,0.1538,0.3422,0.1392,0.2071,0.0922,0.3336,0.1297,0.3745,0.1553,0.0507,0.0405,0.0915,0.0588,0.2877,0.1399
2958,-117.975,33.925,0.4661,0.1456,0.33,0.1338,0.2076,0.0928,0.3402,0.1289,0.3698,0.1533,0.051,0.0397,0.0922,0.0597,0.2895,0.1407
2959,-117.965,33.925,0.4587,0.1385,0.3176,0.1283,0.2078,0.093,0.3434,0.1277,0.3638,0.1505,0.0509,0.0389,0.0928,0.0604,0.2908,0.1411
2960,-117.955,33.925,0.4498,0.1318,0.3049,0.1224,0.2057,0.0918,0.3325,0.125,0.3568,0.1469,0.0499,0.0376,0.0924,0.0603,0.2917,0.141
2961,-117.945,33.925,0.4406,0.1257,0.2927,0.1167,0.204,0.0907,0.3229,0.1228,0.3516,0.1447,0.049,0.0367,0.0926,0.0606,0.2931,0.1414
2962,-117.935,33.925,0.4252,0.117,0.2812,0.1114,0.2026,0.0897,0.3146,0.1212,0.3463,0.1423,0.0482,0.0363,0.0933,0.0615,0.2947,0.1421
2963,-117.925,33.925,0.406,0.1068,0.27,0.1062,0.2011,0.0885,0.3057,0.1196,0.3411,0.1401,0.0484,0.0364,0.0943,0.0626,0.297,0.1433
2964,-117.915,33.925,0.3892,0.099,0.2603,0.1019,0.2001,0.0876,0.2973,0.1181,0.3379,0.1394,0.0491,0.0369,0.0954,0.0638,0.3002,0.1454
2965,-117.905,33.925,0.379,0.0952,0.2568,0.1012,0.2012,0.0881,0.2923,0.1178,0.3394,0.1423,0.051,0.0385,0.0978,0.0661,0.3053,0.1491
2966,-117.895,33.925,0.3626,0.0896,0.249,0.0979,0.1982,0.0862,0.2841,0.1137,0.3324,0.1389,0.0518,0.0385,0.0975,0.0661,0.304,0.1476
2967,-117.885,33.925,0.34,0.0825,0.2371,0.092,0.1912,0.082,0.2727,0.1059,0.3164,0.1289,0.0514,0.0371,0.0947,0.0639,0.299,0.1431
2968,-117.875,33.925,0.3219,0.0784,0.2294,0.0886,0.186,0.0793,0.2686,0.1034,0.3028,0.1211,0.0515,0.0358,0.0925,0.0622,0.2925,0.1375
2969,-117.865,33.925,0.3075,0.076,0.2228,0.0859,0.1818,0.0772,0.2672,0.1026,0.2912,0.1148,0.052,0.0345,0.0907,0.0608,0.2875,0.1331
2970,-117.855,33.925,0.2955,0.0745,0.2181,0.0843,0.1802,0.0769,0.2716,0.1053,0.2808,0.1093,0.0533,0.0337,0.09,0.0605,0.2832,0.1294
2971,-117.845,33.925,0.2843,0.0731,0.214,0.083,0.179,0.0768,0.2744,0.1077,0.2699,0.1035,0.0547,0.0328,0.0894,0.0602,0.2787,0.1256
2972,-117.835,33.925,0.2758,0.0727,0.2107,0.0822,0.178,0.077,0.2756,0.1098,0.2607,0.0989,0.0564,0.0318,0.0888,0.0599,0.273,0.121
2973,-117.825,33.925,0.2632,0.0702,0.2039,0.0793,0.1744,0.0756,0.2676,0.1079,0.2468,0.0915,0.0573,0.03,0.0866,0.0582,0.2653,0.1149
2974,-117.815,33.925,0.25,0.0673,0.1967,0.0761,0.1704,0.074,0.2584,0.1054,0.2318,0.0837,0.0581,0.0283,0.0842,0.0563,0.2566,0.1084
2975,-117.805,33.925,0.2382,0.0647,0.1907,0.0736,0.1677,0.073,0.2534,0.1044,0.2197,0.0777,0.0589,0.0275,0.0827,0.0552,0.2516,0.1045
2976,-117.795,33.925,0.2281,0.0626,0.1854,0.0716,0.1654,0.0721,0.2499,0.1037,0.2154,0.0761,0.0586,0.0277,0.0813,0.0542,0.2517,0.1041
2977,-117.785,33.925,0.2188,0.0607,0.1809,0.0699,0.1633,0.0714,0.2479,0.1035,0.215,0.0767,0.0574,0.0289,0.0801,0.0533,0.257,0.1071
2978,-117.775,33.925,0.2101,0.0589,0.1769,0.0685,0.1618,0.0709,0.2475,0.1037,0.2144,0.0772,0.0562,0.03,0.079,0.0526,0.2628,0.1104
2979,-117.765,33.925,0.2022,0.0572,0.173,0.0673,0.1604,0.0705,0.2474,0.1039,0.2134,0.0774,0.0552,0.0311,0.0781,0.052,0.2683,0.1136
2980,-117.755,33.925,0.1948,0.0556,0.1696,0.0661,0.1594,0.0703,0.2482,0.1042,0.2119,0.0774,0.0544,0.0319,0.0772,0.0514,0.2736,0.1166
2981,-117.745,33.925,0.1878,0.0542,0.1663,0.0651,0.1584,0.0702,0.2491,0.1044,0.2101,0.0772,0.0537,0.0326,0.0763,0.0509,0.2787,0.1194
2982,-117.735,33.925,0.1813,0.0528,0.1632,0.0641,0.1576,0.0701,0.2503,0.1045,0.2079,0.0768,0.0532,0.033,0.0755,0.0504,0.2833,0.1219
2983,-117.725,33.925,0.1751,0.0515,0.1602,0.0632,0.1569,0.0701,0.2515,0.1045,0.2054,0.0761,0.0526,0.0332,0.0748,0.0499,0.2874,0.124
2984,-117.715,33.925,0.1693,0.0502,0.1574,0.0624,0.1564,0.0701,0.2526,0.1044,0.2025,0.0752,0.052,0.0332,0.074,0.0494,0.2911,0.1258
2985,-117.705,33.925,0.1638,0.0491,0.1547,0.0616,0.1559,0.0701,0.2536,0.1041,0.1994,0.0743,0.0514,0.033,0.0732,0.049,0.2946,0.1274
2986,-117.695,33.925,0.1585,0.0479,0.1521,0.0608,0.1554,0.0702,0.2543,0.1034,0.1967,0.0735,0.0507,0.0327,0.0725,0.0485,0.2979,0.1289
2987,-117.685,33.925,0.1535,0.0468,0.1496,0.0601,0.1549,0.0703,0.2546,0.1022,0.1952,0.0734,0.0499,0.0321,0.0717,0.048,0.3034,0.1321
2988,-117.675,33.925,0.1486,0.0457,0.1472,0.0594,0.1549,0.0707,0.2548,0.1012,0.1956,0.0745,0.0491,0.0315,0.0711,0.0477,0.3124,0.138
2989,-117.665,33.925,0.144,0.0447,0.1456,0.0591,0.1561,0.0718,0.2564,0.1011,0.1979,0.0769,0.0487,0.0311,0.0711,0.0479,0.3255,0.1473
2990,-117.655,33.925,0.1428,0.0451,0.1479,0.0611,0.1628,0.0765,0.2654,0.1051,0.205,0.0821,0.0502,0.0317,0.0737,0.0503,0.3433,0.1604
2991,-118.945,33.935,0.0509,0.0175,0.0686,0.0298,0.1079,0.0452,0.2226,0.076,0.1043,0.0362,0.0139,0.0115,0.0875,0.0432,0.1014,0.0436
2992,-118.935,33.935,0.0517,0.0177,0.0699,0.0303,0.1089,0.0455,0.2236,0.0764,0.1061,0.0367,0.0139,0.0115,0.0875,0.0432,0.1017,0.0437
2993,-118.925,33.935,0.0525,0.018,0.0712,0.0309,0.1098,0.0459,0.2245,0.0766,0.1079,0.0372,0.0139,0.0114,0.0874,0.0432,0.102,0.0437
2994,-118.915,33.935,0.0533,0.0182,0.0725,0.0314,0.1108,0.0462,0.2254,0.0769,0.1098,0.0378,0.0139,0.0114,0.0873,0.0431,0.1024,0.0438
2995,-118.905,33.935,0.0541,0.0184,0.0739,0.0319,0.1118,0.0465,0.2262,0.0771,0.1119,0.0384,0.0139,0.0113,0.0871,0.0431,0.1028,0.0439
2996,-118.895,33.935,0.055,0.0186,0.0753,0.0325,0.1127,0.0469,0.2271,0.0773,0.1139,0.039,0.0139,0.0113,0.087,0.043,0.1032,0.044
2997,-118.885,33.935,0.0558,0.0188,0.0768,0.0331,0.1137,0.0472,0.2281,0.0775,0.1161,0.0397,0.014,0.0113,0.0869,0.043,0.1036,0.0441
2998,-118.875,33.935,0.0567,0.0191,0.0783,0.0337,0.1146,0.0475,0.229,0.0776,0.1184,0.0403,0.014,0.0112,0.0868,0.043,0.1041,0.0443
2999,-118.865,33.935,0.0575,0.0193,0.0799,0.0344,0.1155,0.0478,0.23,0.0778,0.1207,0.0411,0.014,0.0112,0.0866,0.0429,0.1045,0.0444
3000,-118.855,33.935,0.0584,0.0195,0.0815,0.035,0.1164,0.0482,0.2311,0.078,0.1232,0.0418,0.014,0.0112,0.0865,0.0429,0.1049,0.0445
3001,-118.845,33.935,0.0593,0.0197,0.0831,0.0357,0.1173,0.0485,0.2323,0.0782,0.1257,0.0426,0.0141,0.0112,0.0863,0.0428,0.1054,0.0446
3002,-118.835,33.935,0.0601,0.02,0.0848,0.0364,0.1182,0.0488,0.2335,0.0785,0.1283,0.0433,0.0141,0.0112,0.0862,0.0427,0.1058,0.0448
3003,-118.825,33.935,0.061,0.0202,0.0865,0.0371,0.1191,0.0491,0.235,0.0788,0.1311,0.0441,0.0141,0.0112,0.086,0.0427,0.1062,0.0449
3004,-118.815,33.935,0.0619,0.0204,0.0882,0.0378,0.12,0.0494,0.2367,0.0792,0.1339,0.045,0.0142,0.0112,0.0858,0.0426,0.1067,0.045
3005,-118.805,33.935,0.0629,0.0206,0.09,0.0385,0.1209,0.0498,0.2387,0.0798,0.1368,0.0459,0.0143,0.0112,0.0857,0.0426,0.1071,0.0451
3006,-118.795,33.935,0.0638,0.0209,0.0917,0.0392,0.1217,0.0501,0.2411,0.0806,0.1399,0.0468,0.0143,0.0113,0.0855,0.0425,0.1076,0.0452
3007,-118.785,33.935,0.0647,0.0211,0.0935,0.0399,0.1225,0.0504,0.2439,0.0814,0.1431,0.0477,0.0144,0.0113,0.0853,0.0424,0.1081,0.0453
3008,-118.775,33.935,0.0657,0.0213,0.0953,0.0406,0.1233,0.0507,0.2471,0.0824,0.1463,0.0487,0.0145,0.0113,0.0851,0.0424,0.1086,0.0454
3009,-118.765,33.935,0.0666,0.0216,0.0972,0.0413,0.1241,0.051,0.2504,0.0835,0.1499,0.0497,0.0146,0.0114,0.0849,0.0423,0.1091,0.0456
3010,-118.755,33.935,0.0676,0.0218,0.099,0.042,0.1248,0.0512,0.2541,0.0848,0.1536,0.0508,0.0148,0.0115,0.0847,0.0422,0.1097,0.0457
3011,-118.745,33.935,0.0686,0.022,0.1009,0.0427,0.1255,0.0515,0.2582,0.0861,0.1575,0.052,0.0149,0.0116,0.0845,0.0421,0.1103,0.0459
3012,-118.735,33.935,0.0697,0.0223,0.1028,0.0434,0.1262,0.0518,0.2626,0.0875,0.1616,0.0533,0.0151,0.0117,0.0842,0.0421,0.111,0.0461
3013,-118.725,33.935,0.0707,0.0225,0.1048,0.0441,0.1268,0.052,0.2675,0.089,0.1659,0.0546,0.0152,0.0118,0.084,0.042,0.1117,0.0463
3014,-118.715,33.935,0.0718,0.0228,0.1067,0.0449,0.1274,0.0523,0.2726,0.0905,0.1706,0.0561,0.0154,0.0119,0.0838,0.0419,0.1124,0.0466
3015,-118.705,33.935,0.073,0.0231,0.1088,0.0456,0.1279,0.0525,0.2782,0.0922,0.1753,0.0576,0.0156,0.012,0.0835,0.0418,0.1132,0.0469
3016,-118.695,33.935,0.0741,0.0234,0.1109,0.0464,0.1285,0.0528,0.2841,0.0939,0.1805,0.0592,0.0158,0.0121,0.0833,0.0417,0.114,0.0472
3017,-118.685,33.935,0.0753,0.0237,0.113,0.0473,0.1289,0.053,0.2902,0.0956,0.1858,0.0609,0.0159,0.0123,0.083,0.0416,0.1149,0.0475
3018,-118.675,33.935,0.0766,0.024,0.1154,0.0481,0.1293,0.0532,0.2966,0.0975,0.1914,0.0627,0.0161,0.0124,0.0828,0.0416,0.1158,0.0478
3019,-118.665,33.935,0.0779,0.0243,0.1177,0.049,0.1297,0.0534,0.3031,0.0993,0.1973,0.0646,0.0163,0.0125,0.0825,0.0415,0.1168,0.0482
3020,-118.655,33.935,0.0793,0.0247,0.1202,0.05,0.13,0.0535,0.3098,0.1012,0.2035,0.0666,0.0165,0.0127,0.0822,0.0414,0.1178,0.0486
3021,-118.645,33.935,0.0806,0.025,0.1228,0.051,0.1303,0.0537,0.3166,0.1031,0.21,0.0687,0.0166,0.0129,0.082,0.0413,0.1188,0.049
3022,-118.635,33.935,0.082,0.0254,0.1256,0.052,0.1305,0.0539,0.3234,0.1051,0.2167,0.071,0.0168,0.013,0.0817,0.0412,0.1198,0.0495
3023,-118.625,33.935,0.0835,0.0257,0.1285,0.0532,0.1307,0.0541,0.3301,0.1071,0.2239,0.0733,0.0169,0.0132,0.0814,0.0411,0.121,0.0499
3024,-118.615,33.935,0.0849,0.0261,0.1314,0.0543,0.1309,0.0543,0.3366,0.1092,0.2313,0.0758,0.0171,0.0134,0.0811,0.041,0.1222,0.0504
3025,-118.605,33.935,0.0864,0.0264,0.1346,0.0556,0.131,0.0545,0.3429,0.1113,0.239,0.0784,0.0172,0.0135,0.0808,0.0409,0.1234,0.0509
3026,-118.595,33.935,0.0878,0.0268,0.1379,0.0569,0.1311,0.0547,0.3488,0.1134,0.247,0.0811,0.0173,0.0137,0.0805,0.0408,0.1245,0.0515
3027,-118.585,33.935,0.0892,0.0271,0.1414,0.0583,0.1312,0.0549,0.3543,0.1154,0.2553,0.0839,0.0174,0.0139,0.0802,0.0407,0.1258,0.052
3028,-118.575,33.935,0.0906,0.0275,0.1452,0.0598,0.1312,0.0551,0.3589,0.1175,0.2639,0.0868,0.0175,0.0141,0.0799,0.0406,0.127,0.0525
3029,-118.565,33.935,0.092,0.0278,0.149,0.0614,0.1312,0.0553,0.3631,0.1196,0.2726,0.0897,0.0177,0.0143,0.0796,0.0405,0.1282,0.053
3030,-118.555,33.935,0.0932,0.028,0.1532,0.0631,0.131,0.0555,0.3659,0.1216,0.2815,0.0927,0.0177,0.0145,0.0793,0.0403,0.1294,0.0535
3031,-118.545,33.935,0.0944,0.0283,0.1575,0.065,0.1308,0.0557,0.3676,0.1234,0.2905,0.0957,0.0178,0.0147,0.079,0.0402,0.1305,0.054
3032,-118.535,33.935,0.0955,0.0285,0.1621,0.0669,0.1305,0.056,0.3683,0.1251,0.2995,0.0987,0.0179,0.015,0.0787,0.0401,0.1316,0.0544
3033,-118.525,33.935,0.0965,0.0286,0.167,0.0689,0.1301,0.0562,0.3664,0.1265,0.3085,0.1016,0.018,0.0151,0.0783,0.04,0.1326,0.0548
3034,-118.515,33.935,0.0973,0.0287,0.1721,0.071,0.1296,0.0565,0.3629,0.1275,0.3172,0.1044,0.018,0.0153,0.078,0.0399,0.1336,0.0551
3035,-118.505,33.935,0.0979,0.0287,0.1774,0.0733,0.129,0.0569,0.3545,0.1274,0.3256,0.1069,0.0181,0.0155,0.0777,0.0398,0.1344,0.0553
3036,-118.495,33.935,0.0984,0.0286,0.1829,0.0756,0.1282,0.0572,0.3446,0.127,0.3336,0.1093,0.0181,0.0157,0.0773,0.0397,0.1352,0.0555
3037,-118.485,33.935,0.0986,0.0285,0.1886,0.0779,0.1273,0.0576,0.3332,0.1263,0.341,0.1114,0.0182,0.0158,0.077,0.0395,0.1357,0.0555
3038,-118.475,33.935,0.0988,0.0283,0.1943,0.0803,0.1259,0.0578,0.3201,0.1252,0.3478,0.1131,0.0182,0.0159,0.0767,0.0394,0.1362,0.0555
3039,-118.465,33.935,0.0989,0.0281,0.2084,0.0882,0.1249,0.0585,0.3086,0.1253,0.3538,0.1146,0.0184,0.0162,0.0769,0.0398,0.1392,0.0568
3040,-118.455,33.935,0.105,0.0304,0.2631,0.1238,0.1263,0.061,0.3067,0.1316,0.3731,0.1255,0.0194,0.0175,0.0802,0.0423,0.1519,0.0635
3041,-118.445,33.935,0.1498,0.0493,0.3031,0.1482,0.1415,0.0733,0.3343,0.1588,0.4812,0.1969,0.0231,0.0221,0.0939,0.0525,0.1914,0.0878
3042,-118.435,33.935,0.1632,0.0538,0.3282,0.1614,0.1704,0.0953,0.3914,0.2069,0.5216,0.2158,0.0296,0.0299,0.118,0.0701,0.2113,0.1001
3043,-118.425,33.935,0.1614,0.0519,0.3365,0.1645,0.1698,0.0961,0.3891,0.2105,0.5145,0.207,0.0305,0.0308,0.1206,0.0721,0.2147,0.1022
3044,-118.415,33.935,0.1715,0.0555,0.342,0.166,0.1641,0.0931,0.3753,0.2052,0.5216,0.2128,0.0304,0.0301,0.1188,0.0709,0.2175,0.104
3045,-118.405,33.935,0.1809,0.0586,0.3503,0.1699,0.1621,0.0922,0.3649,0.2008,0.5234,0.2146,0.0306,0.0286,0.1177,0.0702,0.2208,0.1062
3046,-118.395,33.935,0.1907,0.0618,0.3594,0.1746,0.1631,0.0931,0.3571,0.196,0.5225,0.2146,0.031,0.0275,0.1173,0.0701,0.2241,0.1084
3047,-118.385,33.935,0.205,0.0673,0.3694,0.1801,0.167,0.0958,0.3519,0.1907,0.5262,0.2195,0.0317,0.0268,0.1178,0.0707,0.228,0.1112
3048,-118.375,33.935,0.218,0.0721,0.3789,0.1852,0.1724,0.0983,0.3453,0.18,0.5255,0.221,0.0322,0.0269,0.117,0.0703,0.233,0.1146
3049,-118.365,33.935,0.2305,0.077,0.3882,0.1902,0.1782,0.101,0.3389,0.1688,0.5225,0.221,0.0326,0.0273,0.1162,0.0698,0.2369,0.1175
3050,-118.355,33.935,0.2446,0.083,0.398,0.1956,0.1856,0.1045,0.3345,0.1608,0.5207,0.2226,0.0335,0.0285,0.1159,0.0698,0.2414,0.1207
3051,-118.345,33.935,0.259,0.0894,0.408,0.2013,0.1917,0.1072,0.3315,0.1551,0.518,0.2239,0.0345,0.0293,0.1154,0.0697,0.2457,0.1239
3052,-118.335,33.935,0.2723,0.0955,0.4182,0.2074,0.1964,0.1091,0.3298,0.1515,0.5133,0.2237,0.0354,0.0299,0.1148,0.0694,0.2494,0.1266
3053,-118.325,33.935,0.2759,0.0963,0.4253,0.2104,0.1961,0.1073,0.3224,0.1451,0.4958,0.212,0.0354,0.0285,0.1114,0.0669,0.2501,0.1269
3054,-118.315,33.935,0.2884,0.1026,0.4333,0.2139,0.1958,0.1056,0.3154,0.1394,0.4908,0.2118,0.0355,0.027,0.1083,0.0646,0.2533,0.1291
3055,-118.305,33.935,0.3031,0.1103,0.4485,0.223,0.2009,0.1083,0.3166,0.1402,0.4897,0.2147,0.0365,0.0263,0.1089,0.0654,0.2579,0.1324
3056,-118.295,33.935,0.3153,0.1164,0.4653,0.233,0.2047,0.11,0.3167,0.1404,0.4893,0.2167,0.0369,0.0256,0.109,0.0656,0.2633,0.1364
3057,-118.285,33.935,0.3265,0.1215,0.4839,0.2439,0.2074,0.1108,0.3157,0.1398,0.4914,0.2197,0.0367,0.0249,0.1084,0.0654,0.2696,0.1412
3058,-118.275,33.935,0.34,0.1273,0.5176,0.2699,0.2144,0.1148,0.322,0.1439,0.4975,0.2264,0.0377,0.0255,0.1108,0.0675,0.2817,0.1508
3059,-118.265,33.935,0.3653,0.1406,0.5539,0.2988,0.2241,0.1209,0.3323,0.1504,0.5166,0.2479,0.0394,0.0269,0.1147,0.071,0.2971,0.1639
3060,-118.255,33.935,0.3954,0.1576,0.5875,0.3267,0.2425,0.1333,0.355,0.1637,0.5402,0.276,0.0434,0.0309,0.124,0.0791,0.3126,0.1772
3061,-118.245,33.935,0.4019,0.1566,0.6117,0.3436,0.2513,0.1383,0.367,0.1678,0.5379,0.2751,0.0455,0.0335,0.1279,0.0826,0.3222,0.1855
3062,-118.235,33.935,0.4068,0.1546,0.6264,0.3493,0.2506,0.1356,0.3683,0.1627,0.5327,0.271,0.0455,0.0349,0.1265,0.0817,0.3232,0.1856
3063,-118.225,33.935,0.4119,0.153,0.6335,0.3494,0.2493,0.1326,0.3704,0.1585,0.5266,0.2662,0.0464,0.0371,0.1253,0.0809,0.3238,0.1854
3064,-118.215,33.935,0.4186,0.1533,0.6376,0.3472,0.248,0.1296,0.3732,0.1549,0.5215,0.263,0.0475,0.0394,0.1241,0.0802,0.3248,0.1855
3065,-118.205,33.935,0.4284,0.1567,0.6348,0.3397,0.2469,0.127,0.379,0.1533,0.5193,0.2615,0.0492,0.0417,0.1234,0.0799,0.3261,0.186
3066,-118.195,33.935,0.4404,0.1625,0.6291,0.3305,0.246,0.1246,0.386,0.152,0.5184,0.2599,0.0508,0.0436,0.1226,0.0794,0.3271,0.1863
3067,-118.185,33.935,0.4527,0.1695,0.6203,0.3197,0.2451,0.1224,0.394,0.151,0.5183,0.2595,0.0523,0.0449,0.1216,0.0789,0.3283,0.1868
3068,-118.175,33.935,0.4633,0.176,0.6088,0.3079,0.2448,0.121,0.3981,0.1495,0.5176,0.2583,0.0533,0.0459,0.1208,0.0784,0.3296,0.1874
3069,-118.165,33.935,0.4731,0.1832,0.5967,0.296,0.2453,0.1201,0.3999,0.1478,0.5176,0.2584,0.0543,0.0468,0.1201,0.0781,0.3309,0.188
3070,-118.155,33.935,0.4826,0.1915,0.5842,0.2853,0.2481,0.1212,0.3943,0.1461,0.5187,0.2597,0.0551,0.0481,0.1205,0.0787,0.3327,0.1891
3071,-118.145,33.935,0.4895,0.198,0.5712,0.2745,0.2497,0.1214,0.3876,0.143,0.5172,0.2579,0.0554,0.0489,0.12,0.0786,0.3331,0.1888
3072,-118.135,33.935,0.4947,0.2037,0.5577,0.2636,0.25,0.1208,0.3798,0.1383,0.5139,0.2541,0.0549,0.0491,0.1187,0.0777,0.3325,0.1875
3073,-118.125,33.935,0.499,0.21,0.5456,0.2549,0.2488,0.1192,0.3763,0.1357,0.51,0.2498,0.0543,0.049,0.1174,0.0769,0.331,0.1853
3074,-118.115,33.935,0.5024,0.2171,0.534,0.247,0.2472,0.1174,0.3736,0.1335,0.5049,0.2447,0.0537,0.0488,0.116,0.076,0.329,0.1827
3075,-118.105,33.935,0.5052,0.225,0.5228,0.2404,0.2453,0.1156,0.3703,0.1308,0.4985,0.2389,0.0526,0.0481,0.1143,0.0748,0.3263,0.1795
3076,-118.095,33.935,0.5053,0.2321,0.5106,0.2333,0.2422,0.1131,0.363,0.1299,0.4898,0.2311,0.0513,0.0469,0.1118,0.0729,0.3222,0.1749
3077,-118.085,33.935,0.5005,0.2351,0.4974,0.2257,0.2379,0.1099,0.3516,0.1307,0.4774,0.2202,0.0496,0.0453,0.1085,0.0704,0.3119,0.1654
3078,-118.075,33.935,0.4482,0.1914,0.4581,0.1974,0.2187,0.0976,0.3191,0.1231,0.4136,0.1681,0.0446,0.0395,0.0976,0.0616,0.285,0.1422
3079,-118.065,33.935,0.457,0.198,0.4184,0.1692,0.2006,0.0861,0.289,0.1162,0.409,0.1659,0.04,0.0343,0.0873,0.0534,0.2749,0.1335
3080,-118.055,33.935,0.4716,0.2023,0.4031,0.162,0.2027,0.0875,0.2917,0.121,0.4042,0.1635,0.0413,0.0355,0.0876,0.0538,0.2721,0.1308
3081,-118.045,33.935,0.4907,0.2052,0.3935,0.1588,0.2073,0.0905,0.2993,0.1275,0.4003,0.1619,0.0436,0.0377,0.0892,0.0553,0.2748,0.1322
3082,-118.035,33.935,0.5191,0.2144,0.3894,0.1597,0.2144,0.0951,0.3119,0.1357,0.4068,0.1679,0.047,0.0409,0.0922,0.058,0.2815,0.1368
3083,-118.025,33.935,0.5311,0.2104,0.3785,0.1557,0.2165,0.0966,0.3183,0.138,0.4039,0.167,0.049,0.0423,0.0932,0.059,0.2846,0.1386
3084,-118.015,33.935,0.5341,0.2021,0.3657,0.1502,0.2169,0.097,0.3226,0.1383,0.4028,0.1676,0.0505,0.0429,0.0934,0.0594,0.2867,0.1396
3085,-118.005,33.935,0.526,0.1875,0.3504,0.1429,0.2136,0.0951,0.3223,0.1345,0.3965,0.1643,0.0507,0.0417,0.0921,0.0585,0.2868,0.1391
3086,-117.995,33.935,0.5087,0.1685,0.3353,0.1357,0.2111,0.0937,0.3232,0.1309,0.385,0.1572,0.0509,0.0404,0.0912,0.058,0.2843,0.1365
3087,-117.985,33.935,0.4951,0.1546,0.3204,0.1286,0.2093,0.0928,0.3253,0.1276,0.3781,0.1538,0.051,0.039,0.0906,0.0578,0.2848,0.1363
3088,-117.975,33.935,0.4856,0.1448,0.3088,0.1235,0.2082,0.0923,0.325,0.1248,0.3725,0.1513,0.0509,0.0376,0.0905,0.0579,0.2864,0.1369
3089,-117.965,33.935,0.4763,0.1367,0.2977,0.1186,0.2072,0.092,0.3228,0.1221,0.3662,0.1484,0.0507,0.0361,0.0904,0.058,0.2879,0.1374
3090,-117.955,33.935,0.4669,0.13,0.2859,0.1132,0.206,0.0914,0.3136,0.1198,0.3597,0.1454,0.0499,0.0348,0.0904,0.0582,0.289,0.1375
3091,-117.945,33.935,0.457,0.1243,0.275,0.1083,0.2043,0.0905,0.3043,0.1173,0.3537,0.1426,0.0489,0.0337,0.0905,0.0586,0.2904,0.1379
3092,-117.935,33.935,0.439,0.1149,0.2651,0.104,0.2021,0.089,0.2951,0.1147,0.3482,0.1402,0.0478,0.0329,0.0909,0.0591,0.2917,0.1381
3093,-117.925,33.935,0.4169,0.1045,0.2553,0.0995,0.2002,0.0877,0.2869,0.1124,0.3429,0.1378,0.0477,0.0328,0.0914,0.0598,0.2933,0.1388
3094,-117.915,33.935,0.3964,0.0962,0.2463,0.0956,0.1987,0.0867,0.2796,0.1103,0.3377,0.1359,0.0481,0.0331,0.0922,0.0607,0.2955,0.14
3095,-117.905,33.935,0.3798,0.0907,0.2414,0.0939,0.1992,0.087,0.2761,0.1088,0.3342,0.1351,0.05,0.0347,0.094,0.0624,0.2991,0.1425
3096,-117.895,33.935,0.3638,0.0865,0.2348,0.0913,0.1969,0.0856,0.2697,0.1047,0.3288,0.1331,0.051,0.0352,0.094,0.0626,0.2987,0.1417
3097,-117.885,33.935,0.3448,0.0816,0.2267,0.0877,0.1917,0.0826,0.2604,0.0983,0.318,0.1272,0.0513,0.0348,0.0923,0.0614,0.2957,0.1388
3098,-117.875,33.935,0.328,0.0784,0.2204,0.0851,0.1879,0.0807,0.2587,0.0976,0.3072,0.1215,0.0519,0.0342,0.091,0.0605,0.2912,0.1349
3099,-117.865,33.935,0.3131,0.076,0.2146,0.0829,0.1846,0.0791,0.2589,0.0985,0.2964,0.1157,0.0527,0.0335,0.0898,0.0597,0.287,0.1312
3100,-117.855,33.935,0.2997,0.0742,0.2098,0.0812,0.1822,0.0782,0.2614,0.1011,0.2854,0.11,0.0536,0.0326,0.0888,0.0591,0.2826,0.1274
3101,-117.845,33.935,0.287,0.0725,0.2053,0.0796,0.1799,0.0774,0.2626,0.1032,0.2741,0.1041,0.0547,0.0316,0.0878,0.0584,0.2779,0.1235
3102,-117.835,33.935,0.2747,0.0707,0.2011,0.0782,0.1778,0.0767,0.2624,0.1048,0.2622,0.0979,0.0559,0.0304,0.0867,0.0577,0.2726,0.1193
3103,-117.825,33.935,0.2624,0.0686,0.1954,0.0759,0.1753,0.076,0.2589,0.1052,0.2494,0.0914,0.0573,0.0289,0.0853,0.0567,0.2663,0.1143
3104,-117.815,33.935,0.2505,0.0663,0.1896,0.0735,0.1728,0.0752,0.2549,0.1052,0.2368,0.0851,0.0586,0.0275,0.0838,0.0556,0.2593,0.109
3105,-117.805,33.935,0.2394,0.0642,0.1845,0.0715,0.1703,0.0742,0.2516,0.1051,0.2267,0.0802,0.0595,0.0267,0.0825,0.0547,0.2556,0.1059
3106,-117.795,33.935,0.2291,0.0622,0.1799,0.0697,0.168,0.0733,0.2492,0.1051,0.2222,0.0786,0.0591,0.0269,0.0812,0.0538,0.2563,0.1059
3107,-117.785,33.935,0.2196,0.0603,0.1757,0.0682,0.1659,0.0725,0.2477,0.1054,0.221,0.0788,0.0576,0.0281,0.0802,0.0531,0.2616,0.1089
3108,-117.775,33.935,0.2108,0.0585,0.1719,0.0669,0.1643,0.0719,0.2473,0.1058,0.2203,0.0793,0.0563,0.0294,0.0792,0.0525,0.2677,0.1124
3109,-117.765,33.935,0.2028,0.0569,0.1682,0.0657,0.1628,0.0715,0.2472,0.1063,0.2195,0.0797,0.0551,0.0306,0.0783,0.0519,0.2737,0.1159
3110,-117.755,33.935,0.1953,0.0554,0.1649,0.0647,0.1617,0.0712,0.2476,0.1067,0.2183,0.0799,0.0542,0.0316,0.0775,0.0514,0.2795,0.1193
3111,-117.745,33.935,0.1883,0.0539,0.1618,0.0636,0.1607,0.071,0.2479,0.1069,0.2167,0.0799,0.0534,0.0324,0.0767,0.0509,0.2852,0.1226
3112,-117.735,33.935,0.1817,0.0526,0.1587,0.0627,0.1598,0.0709,0.2483,0.1069,0.2148,0.0797,0.0527,0.033,0.0759,0.0505,0.2906,0.1256
3113,-117.725,33.935,0.1755,0.0513,0.1558,0.0618,0.1591,0.0708,0.2486,0.1068,0.2127,0.0794,0.052,0.0333,0.0752,0.05,0.2956,0.1284
3114,-117.715,33.935,0.1698,0.0501,0.153,0.061,0.1585,0.0708,0.2489,0.1066,0.2104,0.0789,0.0514,0.0335,0.0745,0.0496,0.3005,0.131
3115,-117.705,33.935,0.1643,0.049,0.1504,0.0602,0.158,0.0709,0.2491,0.1063,0.2082,0.0785,0.0507,0.0334,0.0738,0.0491,0.3054,0.1337
3116,-117.695,33.935,0.1591,0.0479,0.1479,0.0594,0.1576,0.071,0.2492,0.1056,0.2064,0.0783,0.0501,0.0332,0.0731,0.0488,0.3107,0.1367
3117,-117.685,33.935,0.1541,0.0468,0.1455,0.0587,0.1574,0.0713,0.2491,0.1044,0.2054,0.0786,0.0495,0.0328,0.0725,0.0484,0.3182,0.1415
3118,-117.675,33.935,0.1496,0.0459,0.1452,0.0592,0.1582,0.0721,0.2495,0.1039,0.2058,0.0798,0.049,0.0325,0.0723,0.0484,0.329,0.1489
3119,-117.665,33.935,0.1481,0.0463,0.1453,0.0599,0.1596,0.0734,0.2505,0.1038,0.2114,0.0842,0.0488,0.0323,0.0724,0.0487,0.3427,0.1588
3120,-117.655,33.935,0.1476,0.0471,0.1454,0.0606,0.1634,0.0762,0.2538,0.1052,0.2186,0.0896,0.0493,0.0321,0.0736,0.0499,0.3585,0.1707
3121,-118.945,33.945,0.0512,0.0176,0.0686,0.0299,0.1098,0.0459,0.2277,0.0774,0.1042,0.036,0.014,0.0116,0.0887,0.0436,0.1019,0.0436
3122,-118.935,33.945,0.052,0.0178,0.0698,0.0304,0.1108,0.0463,0.2286,0.0777,0.1059,0.0365,0.014,0.0115,0.0886,0.0436,0.1022,0.0436
3123,-118.925,33.945,0.0528,0.0181,0.0712,0.0309,0.1118,0.0466,0.2294,0.078,0.1078,0.037,0.014,0.0115,0.0885,0.0436,0.1026,0.0437
3124,-118.915,33.945,0.0536,0.0183,0.0725,0.0315,0.1128,0.047,0.2302,0.0782,0.1098,0.0376,0.014,0.0114,0.0884,0.0435,0.103,0.0438
3125,-118.905,33.945,0.0544,0.0185,0.0739,0.032,0.1137,0.0473,0.2309,0.0784,0.1118,0.0382,0.014,0.0114,0.0883,0.0435,0.1033,0.0439
3126,-118.895,33.945,0.0552,0.0187,0.0754,0.0326,0.1147,0.0477,0.2317,0.0785,0.1139,0.0389,0.014,0.0113,0.0882,0.0434,0.1037,0.044
3127,-118.885,33.945,0.0561,0.019,0.0768,0.0332,0.1157,0.048,0.2324,0.0786,0.1161,0.0395,0.014,0.0113,0.088,0.0434,0.1042,0.0441
3128,-118.875,33.945,0.0569,0.0192,0.0784,0.0339,0.1167,0.0483,0.2332,0.0787,0.1185,0.0402,0.014,0.0112,0.0879,0.0433,0.1047,0.0443
3129,-118.865,33.945,0.0578,0.0194,0.0799,0.0345,0.1177,0.0487,0.234,0.0788,0.1209,0.041,0.014,0.0112,0.0878,0.0433,0.1051,0.0444
3130,-118.855,33.945,0.0587,0.0196,0.0816,0.0352,0.1186,0.049,0.2349,0.0789,0.1234,0.0417,0.014,0.0112,0.0876,0.0432,0.1056,0.0445
3131,-118.845,33.945,0.0596,0.0199,0.0832,0.0359,0.1196,0.0494,0.236,0.079,0.126,0.0425,0.0141,0.0112,0.0875,0.0432,0.106,0.0447
3132,-118.835,33.945,0.0605,0.0201,0.0849,0.0366,0.1206,0.0497,0.2372,0.0792,0.1286,0.0433,0.0141,0.0112,0.0873,0.0431,0.1064,0.0448
3133,-118.825,33.945,0.0614,0.0203,0.0867,0.0373,0.1215,0.05,0.2387,0.0795,0.1314,0.0441,0.0141,0.0112,0.0871,0.0431,0.1069,0.0449
3134,-118.815,33.945,0.0623,0.0205,0.0884,0.038,0.1224,0.0504,0.2405,0.0799,0.1343,0.045,0.0142,0.0112,0.0869,0.043,0.1074,0.045
3135,-118.805,33.945,0.0632,0.0208,0.0902,0.0387,0.1233,0.0507,0.2426,0.0805,0.1373,0.0458,0.0142,0.0112,0.0868,0.0429,0.1078,0.0451
3136,-118.795,33.945,0.0641,0.021,0.092,0.0394,0.1242,0.051,0.245,0.0812,0.1404,0.0468,0.0143,0.0112,0.0866,0.0429,0.1083,0.0452
3137,-118.785,33.945,0.065,0.0212,0.0938,0.0401,0.1251,0.0513,0.2477,0.0821,0.1436,0.0477,0.0144,0.0113,0.0864,0.0428,0.1087,0.0453
3138,-118.775,33.945,0.066,0.0214,0.0956,0.0408,0.1259,0.0517,0.2509,0.0832,0.147,0.0487,0.0145,0.0113,0.0862,0.0427,0.1092,0.0454
3139,-118.765,33.945,0.067,0.0217,0.0974,0.0415,0.1267,0.052,0.2543,0.0843,0.1506,0.0497,0.0146,0.0114,0.086,0.0427,0.1097,0.0455
3140,-118.755,33.945,0.0679,0.0219,0.0992,0.0422,0.1275,0.0523,0.2582,0.0856,0.1544,0.0509,0.0148,0.0114,0.0857,0.0426,0.1103,0.0457
3141,-118.745,33.945,0.0689,0.0221,0.101,0.0429,0.1283,0.0526,0.2624,0.087,0.1585,0.0521,0.0149,0.0115,0.0855,0.0425,0.1109,0.0458
3142,-118.735,33.945,0.07,0.0224,0.1029,0.0436,0.129,0.0529,0.2671,0.0885,0.1627,0.0534,0.0151,0.0116,0.0853,0.0424,0.1116,0.0461
3143,-118.725,33.945,0.071,0.0226,0.1048,0.0443,0.1297,0.0531,0.2723,0.0901,0.1672,0.0548,0.0153,0.0117,0.0851,0.0423,0.1123,0.0463
3144,-118.715,33.945,0.0721,0.0229,0.1067,0.0451,0.1304,0.0534,0.2777,0.0917,0.1721,0.0563,0.0155,0.0119,0.0848,0.0423,0.1131,0.0466
3145,-118.705,33.945,0.0732,0.0232,0.1087,0.0458,0.131,0.0537,0.2837,0.0935,0.1772,0.0579,0.0157,0.012,0.0846,0.0422,0.1139,0.0469
3146,-118.695,33.945,0.0744,0.0235,0.1107,0.0466,0.1315,0.0539,0.2901,0.0953,0.1826,0.0596,0.0158,0.0121,0.0843,0.0421,0.1148,0.0472
3147,-118.685,33.945,0.0757,0.0238,0.1128,0.0474,0.1321,0.0541,0.2969,0.0971,0.1881,0.0614,0.016,0.0123,0.084,0.042,0.1157,0.0475
3148,-118.675,33.945,0.077,0.0241,0.1151,0.0482,0.1325,0.0544,0.304,0.0991,0.1941,0.0633,0.0162,0.0124,0.0838,0.0419,0.1167,0.0479
3149,-118.665,33.945,0.0783,0.0245,0.1174,0.0491,0.1329,0.0546,0.3114,0.1011,0.2004,0.0653,0.0164,0.0126,0.0835,0.0418,0.1177,0.0483
3150,-118.655,33.945,0.0797,0.0248,0.1198,0.05,0.1333,0.0548,0.319,0.1031,0.207,0.0675,0.0166,0.0128,0.0832,0.0417,0.1188,0.0487
3151,-118.645,33.945,0.0811,0.0252,0.1224,0.051,0.1336,0.055,0.3268,0.1052,0.214,0.0698,0.0168,0.0129,0.083,0.0416,0.1199,0.0492
3152,-118.635,33.945,0.0826,0.0256,0.125,0.052,0.1339,0.0551,0.3346,0.1073,0.2213,0.0722,0.0169,0.0131,0.0827,0.0415,0.121,0.0497
3153,-118.625,33.945,0.0841,0.0259,0.1278,0.0531,0.1341,0.0553,0.3424,0.1095,0.229,0.0748,0.0171,0.0133,0.0824,0.0414,0.1222,0.0502
3154,-118.615,33.945,0.0856,0.0263,0.1307,0.0543,0.1344,0.0555,0.3502,0.1118,0.2371,0.0775,0.0173,0.0135,0.0821,0.0413,0.1235,0.0507
3155,-118.605,33.945,0.0871,0.0267,0.1338,0.0555,0.1346,0.0557,0.3577,0.1141,0.2455,0.0803,0.0174,0.0137,0.0818,0.0412,0.1247,0.0513
3156,-118.595,33.945,0.0886,0.0271,0.1371,0.0568,0.1347,0.0559,0.3648,0.1165,0.2544,0.0833,0.0175,0.0139,0.0815,0.0411,0.126,0.0519
3157,-118.585,33.945,0.0901,0.0275,0.1404,0.0582,0.1347,0.0561,0.3715,0.1189,0.2635,0.0865,0.0176,0.0141,0.0812,0.041,0.1273,0.0525
3158,-118.575,33.945,0.0916,0.0278,0.1441,0.0597,0.1347,0.0563,0.3772,0.1212,0.2731,0.0897,0.0178,0.0143,0.0809,0.0409,0.1287,0.0531
3159,-118.565,33.945,0.093,0.0281,0.1479,0.0613,0.1347,0.0565,0.3825,0.1236,0.283,0.0931,0.0179,0.0145,0.0805,0.0408,0.13,0.0537
3160,-118.555,33.945,0.0943,0.0284,0.152,0.063,0.1345,0.0567,0.3863,0.1259,0.293,0.0965,0.018,0.0148,0.0802,0.0407,0.1314,0.0543
3161,-118.545,33.945,0.0956,0.0287,0.1562,0.0648,0.1343,0.0569,0.3889,0.128,0.3033,0.1,0.0181,0.015,0.0799,0.0406,0.1326,0.0548
3162,-118.535,33.945,0.0967,0.0289,0.1607,0.0667,0.1339,0.0571,0.3904,0.13,0.3136,0.1035,0.0181,0.0153,0.0796,0.0404,0.1338,0.0553
3163,-118.525,33.945,0.0977,0.0291,0.1655,0.0688,0.1334,0.0573,0.389,0.1316,0.3239,0.1068,0.0182,0.0155,0.0792,0.0403,0.135,0.0558
3164,-118.515,33.945,0.0985,0.0292,0.1705,0.0709,0.1328,0.0575,0.3857,0.1329,0.334,0.1101,0.0183,0.0158,0.0789,0.0402,0.136,0.0561
3165,-118.505,33.945,0.099,0.0291,0.1757,0.0732,0.1319,0.0577,0.3761,0.1326,0.3437,0.1131,0.0183,0.016,0.0786,0.0401,0.1369,0.0563
3166,-118.495,33.945,0.0993,0.029,0.1811,0.0755,0.1308,0.0579,0.3644,0.1319,0.353,0.1158,0.0184,0.0162,0.0782,0.04,0.1376,0.0564
3167,-118.485,33.945,0.0994,0.0288,0.1866,0.0779,0.1294,0.058,0.3506,0.1307,0.3615,0.1182,0.0184,0.0163,0.0779,0.0399,0.1381,0.0564
3168,-118.475,33.945,0.0991,0.0285,0.1921,0.0802,0.1271,0.0578,0.3343,0.1289,0.3693,0.1201,0.0185,0.0164,0.0775,0.0397,0.1394,0.0567
3169,-118.465,33.945,0.0985,0.0281,0.2112,0.0918,0.1303,0.0617,0.3298,0.1361,0.376,0.1215,0.0196,0.0179,0.0814,0.0428,0.1467,0.0605
3170,-118.455,33.945,0.1262,0.0398,0.2972,0.1488,0.1612,0.0857,0.3847,0.1877,0.4515,0.1708,0.0264,0.0261,0.106,0.0612,0.1748,0.0762
3171,-118.445,33.945,0.1602,0.0537,0.3322,0.1699,0.1739,0.0966,0.4067,0.2127,0.5494,0.2307,0.03,0.0304,0.1188,0.0705,0.2031,0.094
3172,-118.435,33.945,0.1506,0.0485,0.3164,0.1551,0.1684,0.0944,0.3957,0.2112,0.537,0.214,0.0304,0.0308,0.1196,0.0707,0.2137,0.1005
3173,-118.425,33.945,0.1564,0.0502,0.3218,0.157,0.1624,0.092,0.3856,0.2097,0.5429,0.2175,0.0309,0.0311,0.1192,0.0705,0.2131,0.0998
3174,-118.415,33.945,0.1661,0.0532,0.3308,0.1619,0.1572,0.0901,0.3763,0.2083,0.5467,0.2205,0.0313,0.0312,0.1185,0.0702,0.2169,0.1023
3175,-118.405,33.945,0.1774,0.0569,0.3365,0.1643,0.1562,0.0902,0.37,0.2077,0.5488,0.2227,0.0319,0.0302,0.1178,0.0698,0.2198,0.1042
3176,-118.395,33.945,0.1888,0.0605,0.3444,0.1685,0.1574,0.0914,0.3645,0.2046,0.548,0.2231,0.0326,0.0292,0.1173,0.0696,0.2231,0.1064
3177,-118.385,33.945,0.2033,0.0657,0.3544,0.1744,0.1608,0.0936,0.3598,0.1991,0.5496,0.2265,0.0332,0.0282,0.1169,0.0696,0.2273,0.1093
3178,-118.375,33.945,0.2174,0.0708,0.3632,0.1796,0.1677,0.097,0.3566,0.1884,0.5488,0.2284,0.0338,0.0284,0.1166,0.0695,0.2325,0.113
3179,-118.365,33.945,0.23,0.0754,0.3717,0.1845,0.175,0.1004,0.3532,0.1769,0.5443,0.2276,0.0344,0.0289,0.1161,0.0693,0.236,0.1154
3180,-118.355,33.945,0.242,0.0799,0.3797,0.1891,0.1813,0.1027,0.3477,0.1663,0.5385,0.2261,0.0348,0.0295,0.1146,0.0683,0.2395,0.1179
3181,-118.345,33.945,0.2547,0.0849,0.3873,0.1935,0.1867,0.1046,0.3435,0.1583,0.5325,0.225,0.0352,0.0297,0.1131,0.0674,0.243,0.1205
3182,-118.335,33.945,0.2667,0.0898,0.3944,0.1977,0.1912,0.1061,0.3405,0.1527,0.5251,0.2231,0.0356,0.0295,0.1117,0.0665,0.2467,0.1232
3183,-118.325,33.945,0.2773,0.0941,0.4026,0.2025,0.1957,0.1083,0.3398,0.15,0.5161,0.2198,0.0363,0.0289,0.111,0.0662,0.2502,0.1257
3184,-118.315,33.945,0.2934,0.1017,0.4116,0.2078,0.1999,0.1104,0.3393,0.1479,0.5154,0.224,0.037,0.0282,0.1104,0.0659,0.2558,0.1299
3185,-118.305,33.945,0.3054,0.1072,0.4237,0.2153,0.2029,0.1116,0.3382,0.146,0.5118,0.2249,0.0374,0.0269,0.1094,0.0653,0.2614,0.1341
3186,-118.295,33.945,0.316,0.1116,0.4401,0.2261,0.2071,0.1138,0.3392,0.1458,0.5114,0.2267,0.038,0.0261,0.1093,0.0655,0.2675,0.1387
3187,-118.285,33.945,0.3302,0.1179,0.4606,0.2401,0.2126,0.1169,0.3424,0.1473,0.5179,0.2342,0.0387,0.0258,0.1102,0.0665,0.2784,0.1474
3188,-118.275,33.945,0.3618,0.1358,0.4982,0.2718,0.2284,0.1285,0.3599,0.1593,0.5436,0.2641,0.0422,0.028,0.1176,0.0727,0.2977,0.1636
3189,-118.265,33.945,0.3881,0.1502,0.5357,0.3032,0.2444,0.14,0.378,0.1713,0.5634,0.2882,0.0459,0.0304,0.125,0.0791,0.3141,0.1778
3190,-118.255,33.945,0.3977,0.1522,0.5556,0.3152,0.2509,0.1428,0.384,0.1731,0.5644,0.2913,0.0474,0.0318,0.1269,0.081,0.3245,0.187
3191,-118.245,33.945,0.4039,0.1512,0.5716,0.3232,0.254,0.143,0.3867,0.1717,0.5596,0.2873,0.0481,0.0333,0.1272,0.0814,0.3265,0.1881
3192,-118.235,33.945,0.4109,0.1512,0.5835,0.327,0.2538,0.1403,0.3858,0.1672,0.5535,0.2823,0.0479,0.035,0.1257,0.0805,0.3267,0.1874
3193,-118.225,33.945,0.4188,0.1518,0.5891,0.3262,0.2529,0.1374,0.3851,0.1629,0.5466,0.2771,0.0486,0.0372,0.1245,0.0797,0.3272,0.187
3194,-118.215,33.945,0.4285,0.1544,0.592,0.3235,0.2518,0.1343,0.385,0.1592,0.5409,0.2733,0.0494,0.0394,0.1234,0.079,0.3279,0.1868
3195,-118.205,33.945,0.4399,0.1586,0.589,0.3155,0.2507,0.1314,0.3879,0.158,0.5388,0.2713,0.0508,0.0414,0.1226,0.0786,0.3289,0.187
3196,-118.195,33.945,0.4535,0.1652,0.5835,0.3065,0.2499,0.1287,0.3909,0.1573,0.5386,0.2706,0.0523,0.043,0.1219,0.0783,0.33,0.1873
3197,-118.185,33.945,0.4676,0.1731,0.5757,0.2962,0.2493,0.1263,0.3939,0.157,0.5389,0.2706,0.0538,0.0442,0.1214,0.0782,0.3316,0.1882
3198,-118.175,33.945,0.4811,0.1817,0.5659,0.2862,0.2501,0.1252,0.3936,0.1562,0.5395,0.2713,0.0554,0.0453,0.1215,0.0785,0.3336,0.1895
3199,-118.165,33.945,0.4939,0.1912,0.5555,0.2762,0.2512,0.1244,0.3922,0.1549,0.5411,0.2733,0.0568,0.0464,0.1216,0.0789,0.3361,0.1912
3200,-118.155,33.945,0.5031,0.1985,0.5438,0.2656,0.2523,0.1238,0.3884,0.1513,0.5403,0.2723,0.0575,0.0471,0.1212,0.0788,0.3374,0.1919
3201,-118.145,33.945,0.5107,0.2048,0.5315,0.2549,0.2529,0.1231,0.3858,0.1469,0.5378,0.2694,0.0577,0.0476,0.1203,0.0784,0.337,0.1908
3202,-118.135,33.945,0.5177,0.211,0.5187,0.2441,0.253,0.1221,0.3843,0.1417,0.5343,0.2652,0.0574,0.048,0.1191,0.0776,0.3357,0.1887
3203,-118.125,33.945,0.5234,0.217,0.5075,0.2358,0.2521,0.1205,0.3844,0.1374,0.5299,0.2602,0.0568,0.048,0.1177,0.0767,0.3336,0.186
3204,-118.115,33.945,0.5281,0.2231,0.4967,0.2282,0.2508,0.1188,0.3845,0.1332,0.5233,0.2534,0.056,0.0479,0.1162,0.0757,0.331,0.1828
3205,-118.105,33.945,0.5342,0.2314,0.4861,0.2216,0.2493,0.1171,0.383,0.1285,0.5155,0.2462,0.0547,0.0474,0.1146,0.0746,0.3278,0.1791
3206,-118.095,33.945,0.5397,0.2398,0.4746,0.2145,0.2472,0.1152,0.3772,0.126,0.5064,0.2381,0.0533,0.0466,0.1125,0.0731,0.3232,0.1741
3207,-118.085,33.945,0.5418,0.2459,0.4621,0.207,0.2446,0.113,0.3672,0.1257,0.4959,0.2292,0.0517,0.0457,0.1101,0.0713,0.3121,0.1639
3208,-118.075,33.945,0.4904,0.1983,0.4278,0.1832,0.2245,0.1,0.3328,0.1177,0.4279,0.1727,0.0464,0.0402,0.0989,0.0623,0.2835,0.1395
3209,-118.065,33.945,0.5037,0.207,0.3935,0.1597,0.2057,0.0878,0.3011,0.1113,0.4237,0.1709,0.0417,0.0351,0.0883,0.0538,0.2769,0.1337
3210,-118.055,33.945,0.522,0.2153,0.381,0.1538,0.2101,0.0907,0.307,0.1199,0.4205,0.1698,0.0437,0.037,0.0897,0.0552,0.2759,0.1323
3211,-118.045,33.945,0.5482,0.2264,0.373,0.1511,0.2148,0.0937,0.3143,0.1282,0.4222,0.1725,0.0461,0.0392,0.0914,0.0568,0.2785,0.1336
3212,-118.035,33.945,0.5713,0.233,0.3693,0.1517,0.2199,0.0971,0.3231,0.136,0.4231,0.1746,0.0489,0.0417,0.0935,0.0587,0.2837,0.137
3213,-118.025,33.945,0.581,0.2284,0.3595,0.148,0.221,0.098,0.3255,0.138,0.4192,0.1732,0.0507,0.0426,0.0939,0.0592,0.2857,0.1379
3214,-118.015,33.945,0.5754,0.2139,0.3477,0.1428,0.2203,0.0978,0.3252,0.1376,0.4138,0.1707,0.0519,0.0427,0.0936,0.0592,0.2864,0.1379
3215,-118.005,33.945,0.5602,0.1944,0.332,0.135,0.2152,0.0949,0.3181,0.1317,0.405,0.1657,0.0515,0.0408,0.0913,0.0576,0.2849,0.1362
3216,-117.995,33.945,0.5358,0.1708,0.3163,0.1271,0.2115,0.0928,0.3129,0.1266,0.3904,0.1566,0.0513,0.0391,0.0898,0.0565,0.281,0.1326
3217,-117.985,33.945,0.5175,0.154,0.3004,0.1191,0.2091,0.0916,0.3095,0.1223,0.3818,0.1521,0.0513,0.0376,0.0889,0.056,0.281,0.132
3218,-117.975,33.945,0.5041,0.1422,0.2897,0.1145,0.2085,0.0916,0.3065,0.1194,0.3769,0.1504,0.0514,0.0363,0.089,0.0563,0.283,0.1329
3219,-117.965,33.945,0.492,0.1329,0.2799,0.1103,0.2081,0.0917,0.303,0.1168,0.3722,0.1488,0.0514,0.0352,0.0893,0.0567,0.2854,0.134
3220,-117.955,33.945,0.4784,0.1241,0.2694,0.1057,0.2074,0.0915,0.2958,0.1144,0.3661,0.1461,0.0509,0.0339,0.0896,0.0572,0.2872,0.1347
3221,-117.945,33.945,0.4636,0.1162,0.26,0.1015,0.2058,0.0907,0.2881,0.1118,0.3603,0.1436,0.05,0.0327,0.0897,0.0576,0.2891,0.1354
3222,-117.935,33.945,0.4452,0.108,0.2514,0.0979,0.2035,0.0893,0.2798,0.1088,0.3544,0.1409,0.0488,0.0315,0.0898,0.0578,0.2904,0.1357
3223,-117.925,33.945,0.424,0.0998,0.2428,0.0941,0.2016,0.0882,0.2731,0.1065,0.3481,0.138,0.0486,0.0312,0.0902,0.0584,0.2917,0.136
3224,-117.915,33.945,0.4028,0.0928,0.2347,0.0906,0.1999,0.0872,0.2671,0.1044,0.3423,0.1358,0.0488,0.0314,0.0907,0.059,0.2932,0.1367
3225,-117.905,33.945,0.3843,0.0878,0.2287,0.0883,0.1993,0.0869,0.2637,0.1028,0.3374,0.1342,0.0504,0.0328,0.0917,0.0601,0.2952,0.1378
3226,-117.895,33.945,0.3672,0.0842,0.2229,0.086,0.1971,0.0858,0.2592,0.1001,0.3318,0.132,0.0515,0.0337,0.0918,0.0604,0.2955,0.1376
3227,-117.885,33.945,0.3496,0.0808,0.2173,0.0839,0.1936,0.0838,0.2536,0.0964,0.3233,0.1279,0.0522,0.0338,0.0909,0.0599,0.2941,0.136
3228,-117.875,33.945,0.3327,0.0779,0.212,0.0819,0.1902,0.0821,0.2521,0.0961,0.3135,0.1229,0.0527,0.0336,0.09,0.0593,0.2915,0.1335
3229,-117.865,33.945,0.317,0.0756,0.2068,0.0799,0.187,0.0806,0.2516,0.0967,0.3028,0.1173,0.0533,0.0331,0.0889,0.0586,0.288,0.1305
3230,-117.855,33.945,0.3025,0.0736,0.202,0.0782,0.1842,0.0794,0.2527,0.0987,0.2917,0.1116,0.0539,0.0324,0.0879,0.058,0.284,0.127
3231,-117.845,33.945,0.2887,0.0717,0.1971,0.0764,0.1815,0.0783,0.2532,0.1005,0.2803,0.1058,0.0546,0.0315,0.0868,0.0573,0.2796,0.1232
3232,-117.835,33.945,0.2755,0.0698,0.1923,0.0746,0.1789,0.0773,0.2529,0.1021,0.2686,0.0999,0.0553,0.0304,0.0857,0.0565,0.2748,0.1193
3233,-117.825,33.945,0.2628,0.0677,0.1875,0.0727,0.1764,0.0764,0.251,0.1031,0.2569,0.0941,0.0561,0.0293,0.0844,0.0556,0.2698,0.1153
3234,-117.815,33.945,0.2507,0.0655,0.1827,0.0709,0.1739,0.0755,0.2489,0.1039,0.2463,0.089,0.0568,0.0283,0.0832,0.0548,0.2657,0.112
3235,-117.805,33.945,0.2396,0.0635,0.1784,0.0693,0.1716,0.0746,0.2472,0.1047,0.2381,0.0853,0.0571,0.0279,0.082,0.054,0.2642,0.1104
3236,-117.795,33.945,0.2292,0.0615,0.1743,0.0679,0.1696,0.0738,0.2461,0.1055,0.233,0.0833,0.0569,0.0281,0.081,0.0533,0.2654,0.1107
3237,-117.785,33.945,0.2197,0.0597,0.1705,0.0665,0.1677,0.0731,0.2455,0.1064,0.2303,0.0827,0.056,0.0289,0.0801,0.0528,0.2693,0.1127
3238,-117.775,33.945,0.2109,0.058,0.1669,0.0654,0.1662,0.0726,0.2456,0.1074,0.2286,0.0828,0.0551,0.0299,0.0793,0.0523,0.2749,0.116
3239,-117.765,33.945,0.2028,0.0564,0.1635,0.0642,0.1648,0.0722,0.2458,0.1084,0.2273,0.083,0.0542,0.0309,0.0785,0.0518,0.281,0.1195
3240,-117.755,33.945,0.1953,0.0549,0.1603,0.0632,0.1637,0.0719,0.2462,0.1091,0.226,0.0832,0.0534,0.0319,0.0778,0.0513,0.2871,0.1231
3241,-117.745,33.945,0.1882,0.0535,0.1573,0.0622,0.1627,0.0717,0.2461,0.1093,0.2245,0.0833,0.0527,0.0327,0.077,0.0509,0.2933,0.1268
3242,-117.735,33.945,0.1817,0.0523,0.1543,0.0613,0.1618,0.0715,0.2457,0.109,0.2228,0.0833,0.0521,0.0333,0.0764,0.0505,0.2994,0.1303
3243,-117.725,33.945,0.1756,0.051,0.1515,0.0604,0.1611,0.0715,0.2451,0.1084,0.221,0.0832,0.0514,0.0337,0.0757,0.0501,0.3055,0.1339
3244,-117.715,33.945,0.1699,0.0499,0.1488,0.0596,0.1604,0.0715,0.2445,0.1078,0.2193,0.0831,0.0508,0.034,0.075,0.0497,0.3115,0.1374
3245,-117.705,33.945,0.1646,0.0489,0.1463,0.0588,0.16,0.0715,0.2439,0.107,0.2176,0.0831,0.0502,0.0339,0.0743,0.0494,0.318,0.1413
3246,-117.695,33.945,0.1595,0.0478,0.1443,0.0583,0.1604,0.0722,0.2446,0.1067,0.2163,0.0833,0.05,0.0339,0.0741,0.0493,0.3254,0.146
3247,-117.685,33.945,0.1558,0.0474,0.1427,0.0581,0.1619,0.0735,0.2463,0.107,0.2171,0.0848,0.0501,0.034,0.0743,0.0497,0.3354,0.1528
3248,-117.675,33.945,0.1543,0.0478,0.1434,0.0591,0.1642,0.0753,0.2484,0.1076,0.2213,0.0883,0.0503,0.0341,0.0749,0.0504,0.348,0.1617
3249,-117.665,33.945,0.153,0.0483,0.1441,0.06,0.1664,0.077,0.25,0.1081,0.2264,0.0925,0.0503,0.0339,0.0753,0.0509,0.3616,0.1718
3250,-117.655,33.945,0.1489,0.0475,0.1425,0.0597,0.1671,0.0779,0.2484,0.1069,0.228,0.0946,0.0499,0.0329,0.075,0.0509,0.3745,0.1815
3251,-118.945,33.955,0.0514,0.0177,0.0685,0.0299,0.1116,0.0467,0.233,0.0789,0.1039,0.0357,0.0141,0.0117,0.0899,0.044,0.1024,0.0434
3252,-118.935,33.955,0.0522,0.018,0.0698,0.0304,0.1127,0.047,0.2338,0.0792,0.1056,0.0362,0.0141,0.0116,0.0898,0.044,0.1027,0.0435
3253,-118.925,33.955,0.053,0.0182,0.0711,0.031,0.1137,0.0474,0.2345,0.0794,0.1075,0.0368,0.0141,0.0115,0.0897,0.044,0.1031,0.0436
3254,-118.915,33.955,0.0538,0.0184,0.0725,0.0315,0.1148,0.0477,0.2352,0.0796,0.1095,0.0374,0.0141,0.0115,0.0896,0.0439,0.1035,0.0437
3255,-118.905,33.955,0.0547,0.0186,0.0739,0.0321,0.1158,0.0481,0.2358,0.0798,0.1117,0.038,0.0141,0.0114,0.0894,0.0439,0.1039,0.0438
3256,-118.895,33.955,0.0555,0.0189,0.0754,0.0327,0.1168,0.0485,0.2363,0.0798,0.1138,0.0387,0.0141,0.0113,0.0893,0.0438,0.1043,0.0439
3257,-118.885,33.955,0.0564,0.0191,0.0768,0.0333,0.1178,0.0488,0.2369,0.0799,0.1161,0.0393,0.014,0.0113,0.0892,0.0438,0.1047,0.0441
3258,-118.875,33.955,0.0573,0.0193,0.0784,0.034,0.1188,0.0492,0.2375,0.0799,0.1185,0.0401,0.014,0.0112,0.0891,0.0437,0.1052,0.0442
3259,-118.865,33.955,0.0581,0.0195,0.08,0.0346,0.1199,0.0495,0.2382,0.0798,0.1209,0.0408,0.014,0.0112,0.0889,0.0437,0.1057,0.0444
3260,-118.855,33.955,0.059,0.0198,0.0817,0.0353,0.1209,0.0499,0.239,0.0798,0.1235,0.0416,0.014,0.0112,0.0888,0.0436,0.1062,0.0445
3261,-118.845,33.955,0.0599,0.02,0.0834,0.036,0.1219,0.0502,0.24,0.0798,0.1262,0.0424,0.0141,0.0111,0.0886,0.0436,0.1067,0.0447
3262,-118.835,33.955,0.0608,0.0202,0.0851,0.0368,0.1229,0.0506,0.2411,0.0799,0.1289,0.0432,0.0141,0.0111,0.0884,0.0435,0.1071,0.0448
3263,-118.825,33.955,0.0617,0.0205,0.0868,0.0375,0.1239,0.0509,0.2426,0.0802,0.1317,0.0441,0.0141,0.0111,0.0883,0.0435,0.1076,0.0449
3264,-118.815,33.955,0.0626,0.0207,0.0886,0.0382,0.1248,0.0513,0.2442,0.0805,0.1346,0.0449,0.0141,0.0111,0.0881,0.0434,0.108,0.045
3265,-118.805,33.955,0.0635,0.0209,0.0904,0.039,0.1258,0.0516,0.2463,0.081,0.1376,0.0458,0.0142,0.0111,0.0879,0.0433,0.1084,0.0451
3266,-118.795,33.955,0.0645,0.0211,0.0922,0.0397,0.1268,0.052,0.2486,0.0818,0.1408,0.0467,0.0143,0.0112,0.0877,0.0433,0.1089,0.0452
3267,-118.785,33.955,0.0654,0.0213,0.094,0.0404,0.1277,0.0523,0.2513,0.0827,0.144,0.0476,0.0143,0.0112,0.0875,0.0432,0.1093,0.0453
3268,-118.775,33.955,0.0663,0.0216,0.0958,0.0411,0.1286,0.0527,0.2545,0.0838,0.1475,0.0486,0.0145,0.0113,0.0873,0.0431,0.1098,0.0453
3269,-118.765,33.955,0.0673,0.0218,0.0976,0.0418,0.1295,0.053,0.258,0.0851,0.1511,0.0497,0.0146,0.0113,0.0871,0.043,0.1103,0.0454
3270,-118.755,33.955,0.0682,0.022,0.0994,0.0425,0.1303,0.0533,0.2621,0.0865,0.155,0.0508,0.0147,0.0114,0.0868,0.043,0.1108,0.0456
3271,-118.745,33.955,0.0692,0.0223,0.1012,0.0432,0.1312,0.0536,0.2665,0.088,0.1592,0.0521,0.0149,0.0115,0.0866,0.0429,0.1114,0.0458
3272,-118.735,33.955,0.0702,0.0225,0.103,0.0439,0.132,0.054,0.2713,0.0895,0.1636,0.0534,0.0151,0.0116,0.0864,0.0428,0.1121,0.046
3273,-118.725,33.955,0.0713,0.0227,0.1048,0.0445,0.1327,0.0543,0.2768,0.0912,0.1683,0.0549,0.0153,0.0117,0.0861,0.0427,0.1129,0.0462
3274,-118.715,33.955,0.0723,0.023,0.1066,0.0452,0.1335,0.0546,0.2826,0.0929,0.1734,0.0564,0.0155,0.0118,0.0859,0.0426,0.1137,0.0465
3275,-118.705,33.955,0.0735,0.0233,0.1086,0.0459,0.1341,0.0548,0.289,0.0947,0.1787,0.0581,0.0157,0.012,0.0856,0.0425,0.1146,0.0468
3276,-118.695,33.955,0.0747,0.0236,0.1105,0.0467,0.1347,0.0551,0.296,0.0966,0.1844,0.0599,0.0159,0.0121,0.0854,0.0425,0.1155,0.0472
3277,-118.685,33.955,0.0759,0.0239,0.1126,0.0474,0.1353,0.0554,0.3033,0.0985,0.1903,0.0618,0.0162,0.0123,0.0851,0.0424,0.1165,0.0476
3278,-118.675,33.955,0.0772,0.0242,0.1147,0.0482,0.1358,0.0556,0.3114,0.1006,0.1966,0.0638,0.0164,0.0125,0.0848,0.0423,0.1176,0.048
3279,-118.665,33.955,0.0786,0.0246,0.1169,0.0491,0.1363,0.0558,0.3196,0.1027,0.2034,0.066,0.0166,0.0126,0.0845,0.0422,0.1186,0.0484
3280,-118.655,33.955,0.0801,0.0249,0.1193,0.05,0.1367,0.056,0.3283,0.1049,0.2104,0.0683,0.0168,0.0128,0.0843,0.0421,0.1198,0.0488
3281,-118.645,33.955,0.0816,0.0253,0.1218,0.0509,0.1371,0.0562,0.3372,0.1072,0.2178,0.0708,0.017,0.013,0.084,0.042,0.1209,0.0493
3282,-118.635,33.955,0.0831,0.0257,0.1243,0.0519,0.1374,0.0564,0.3462,0.1095,0.2256,0.0733,0.0171,0.0132,0.0837,0.0419,0.1221,0.0499
3283,-118.625,33.955,0.0847,0.0261,0.1271,0.053,0.1377,0.0566,0.3554,0.1119,0.234,0.0761,0.0173,0.0134,0.0834,0.0418,0.1233,0.0504
3284,-118.615,33.955,0.0862,0.0266,0.1299,0.0541,0.138,0.0568,0.3645,0.1144,0.2428,0.0791,0.0175,0.0136,0.0831,0.0417,0.1246,0.051
3285,-118.605,33.955,0.0878,0.027,0.1329,0.0554,0.1382,0.057,0.3734,0.117,0.252,0.0822,0.0176,0.0138,0.0828,0.0416,0.126,0.0516
3286,-118.595,33.955,0.0894,0.0274,0.1361,0.0567,0.1384,0.0572,0.3819,0.1196,0.2617,0.0856,0.0177,0.014,0.0825,0.0414,0.1274,0.0523
3287,-118.585,33.955,0.091,0.0278,0.1393,0.058,0.1385,0.0574,0.39,0.1223,0.2719,0.0891,0.0179,0.0142,0.0821,0.0413,0.1289,0.053
3288,-118.575,33.955,0.0926,0.0282,0.1429,0.0595,0.1385,0.0576,0.3973,0.125,0.2826,0.0927,0.018,0.0145,0.0818,0.0412,0.1303,0.0537
3289,-118.565,33.955,0.0941,0.0286,0.1466,0.0611,0.1384,0.0577,0.404,0.1277,0.2937,0.0966,0.0181,0.0148,0.0815,0.0411,0.1318,0.0544
3290,-118.555,33.955,0.0955,0.0289,0.1505,0.0627,0.1383,0.0579,0.4091,0.1304,0.3051,0.1005,0.0182,0.015,0.0812,0.041,0.1333,0.0551
3291,-118.545,33.955,0.0969,0.0292,0.1547,0.0645,0.138,0.0581,0.413,0.1329,0.3168,0.1046,0.0183,0.0153,0.0808,0.0409,0.1349,0.0557
3292,-118.535,33.955,0.0981,0.0295,0.159,0.0664,0.1376,0.0582,0.4156,0.1352,0.3287,0.1086,0.0184,0.0156,0.0805,0.0408,0.1362,0.0563
3293,-118.525,33.955,0.0992,0.0297,0.1637,0.0685,0.137,0.0584,0.415,0.1372,0.3406,0.1127,0.0185,0.0159,0.0802,0.0406,0.1375,0.0569
3294,-118.515,33.955,0.1,0.0298,0.1686,0.0706,0.1363,0.0585,0.4124,0.1388,0.3524,0.1165,0.0186,0.0162,0.0798,0.0405,0.1386,0.0573
3295,-118.505,33.955,0.1006,0.0298,0.1737,0.0729,0.1352,0.0586,0.4023,0.1386,0.3637,0.1201,0.0186,0.0165,0.0795,0.0404,0.1397,0.0576
3296,-118.495,33.955,0.1009,0.0297,0.179,0.0753,0.1338,0.0586,0.3893,0.1378,0.3746,0.1234,0.0187,0.0167,0.0791,0.0403,0.1403,0.0577
3297,-118.485,33.955,0.1008,0.0294,0.1845,0.0778,0.1321,0.0585,0.3732,0.1363,0.3846,0.1261,0.0187,0.0169,0.0788,0.0402,0.1408,0.0576
3298,-118.475,33.955,0.1002,0.029,0.1898,0.0801,0.1439,0.0681,0.3842,0.1561,0.3937,0.1283,0.0214,0.0204,0.088,0.0472,0.1452,0.0595
3299,-118.465,33.955,0.1082,0.0323,0.2081,0.0914,0.1611,0.0817,0.4064,0.1849,0.4236,0.1461,0.0253,0.0252,0.1016,0.0574,0.1603,0.0678
3300,-118.455,33.955,0.1515,0.051,0.2902,0.1459,0.1913,0.1058,0.4564,0.2363,0.544,0.2281,0.0323,0.0335,0.1266,0.0762,0.2026,0.0931
3301,-118.445,33.955,0.1519,0.0502,0.3229,0.1658,0.1953,0.1109,0.4591,0.2492,0.5707,0.2335,0.0346,0.036,0.134,0.0815,0.2112,0.098
3302,-118.435,33.955,0.142,0.0452,0.3065,0.151,0.173,0.0973,0.4146,0.2238,0.5629,0.2203,0.0323,0.0327,0.124,0.0736,0.2121,0.0982
3303,-118.425,33.955,0.1492,0.0474,0.3107,0.1525,0.1617,0.0914,0.3963,0.2152,0.5699,0.225,0.032,0.0321,0.12,0.0707,0.212,0.0978
3304,-118.415,33.955,0.1626,0.0517,0.3183,0.1567,0.1541,0.088,0.385,0.2109,0.5762,0.2306,0.0322,0.032,0.1177,0.0691,0.2161,0.1006
3305,-118.405,33.955,0.1751,0.0556,0.322,0.158,0.1544,0.089,0.3817,0.2113,0.5771,0.2319,0.0331,0.0316,0.1172,0.0689,0.2189,0.1023
3306,-118.395,33.955,0.1867,0.059,0.3268,0.1603,0.1564,0.0907,0.3785,0.2088,0.5741,0.2303,0.0339,0.031,0.1167,0.0687,0.2213,0.1039
3307,-118.385,33.955,0.1998,0.0631,0.3328,0.1637,0.1603,0.0932,0.3754,0.2037,0.5714,0.2301,0.0346,0.0302,0.1163,0.0686,0.2251,0.1065
3308,-118.375,33.955,0.2176,0.0697,0.344,0.1713,0.1707,0.0996,0.379,0.1983,0.574,0.2361,0.0361,0.0312,0.1185,0.0706,0.2316,0.1109
3309,-118.365,33.955,0.231,0.0744,0.3553,0.179,0.1807,0.1054,0.381,0.191,0.5692,0.2356,0.0373,0.0322,0.1199,0.072,0.2355,0.1137
3310,-118.355,33.955,0.2415,0.0777,0.3619,0.1831,0.1828,0.1042,0.3694,0.1747,0.5602,0.2318,0.0365,0.0312,0.1154,0.0686,0.2381,0.1155
3311,-118.345,33.955,0.2536,0.0821,0.3677,0.1867,0.1863,0.1047,0.3624,0.1636,0.5524,0.2299,0.0362,0.0304,0.1125,0.0664,0.2413,0.1178
3312,-118.335,33.955,0.2669,0.0873,0.3726,0.19,0.1911,0.1068,0.36,0.1578,0.5458,0.2295,0.0365,0.0298,0.1111,0.0656,0.246,0.1213
3313,-118.325,33.955,0.2828,0.0942,0.3807,0.1958,0.1972,0.1107,0.3616,0.1561,0.5434,0.2332,0.0372,0.0294,0.1112,0.0659,0.2532,0.1267
3314,-118.315,33.955,0.2971,0.1003,0.3894,0.2019,0.203,0.1144,0.3636,0.155,0.5403,0.2359,0.038,0.0288,0.1113,0.0662,0.2593,0.1314
3315,-118.305,33.955,0.307,0.1041,0.3979,0.2072,0.2061,0.116,0.3632,0.1525,0.5354,0.2356,0.0383,0.0275,0.1101,0.0655,0.2653,0.136
3316,-118.295,33.955,0.3193,0.109,0.4174,0.2226,0.214,0.1217,0.3699,0.1555,0.5389,0.241,0.0397,0.0274,0.1121,0.0673,0.2739,0.1428
3317,-118.285,33.955,0.3467,0.1233,0.4482,0.2481,0.2267,0.1315,0.3836,0.1638,0.5603,0.266,0.0423,0.0285,0.1171,0.0717,0.2941,0.1593
3318,-118.275,33.955,0.3842,0.1457,0.4762,0.2712,0.2424,0.1432,0.4004,0.1748,0.5905,0.3052,0.0459,0.0305,0.1241,0.0777,0.3155,0.1783
3319,-118.265,33.955,0.3927,0.1473,0.5017,0.2914,0.2561,0.1529,0.4143,0.1836,0.5909,0.3067,0.0492,0.0324,0.13,0.0827,0.3269,0.1883
3320,-118.255,33.955,0.4005,0.1481,0.5177,0.2995,0.2568,0.151,0.4111,0.1794,0.5887,0.3055,0.0495,0.0325,0.1281,0.0815,0.3295,0.1901
3321,-118.245,33.955,0.4084,0.1487,0.5306,0.3046,0.2572,0.1488,0.4082,0.1753,0.5833,0.3009,0.0496,0.0335,0.1265,0.0804,0.3299,0.1896
3322,-118.235,33.955,0.417,0.1498,0.5402,0.3069,0.2574,0.1462,0.4056,0.1714,0.5763,0.295,0.0495,0.0352,0.125,0.0793,0.3298,0.1886
3323,-118.225,33.955,0.4265,0.1515,0.5443,0.3044,0.2568,0.1432,0.4029,0.1674,0.5681,0.2884,0.0501,0.0372,0.1237,0.0786,0.3297,0.1876
3324,-118.215,33.955,0.4378,0.1548,0.5463,0.3003,0.256,0.14,0.4009,0.1639,0.5612,0.2831,0.051,0.0392,0.1226,0.0779,0.33,0.187
3325,-118.205,33.955,0.4519,0.1608,0.5438,0.293,0.2549,0.1368,0.4018,0.1635,0.5605,0.2822,0.0523,0.041,0.1219,0.0776,0.331,0.1872
3326,-118.195,33.955,0.4684,0.1691,0.539,0.2842,0.2538,0.1335,0.4016,0.1632,0.5611,0.2826,0.0538,0.0424,0.1214,0.0774,0.3328,0.1883
3327,-118.185,33.955,0.4837,0.1774,0.5318,0.274,0.2528,0.1301,0.4003,0.1629,0.5612,0.2824,0.0554,0.0434,0.1209,0.0773,0.3348,0.1895
3328,-118.175,33.955,0.4991,0.187,0.5228,0.2643,0.2535,0.1282,0.3942,0.162,0.5625,0.2839,0.0572,0.0443,0.1213,0.0779,0.3372,0.1911
3329,-118.165,33.955,0.5126,0.1964,0.5131,0.2545,0.2543,0.1266,0.3882,0.1603,0.5635,0.2852,0.0589,0.0451,0.1216,0.0785,0.3398,0.193
3330,-118.155,33.955,0.5229,0.2039,0.5028,0.2448,0.2546,0.1252,0.3868,0.1559,0.5624,0.284,0.0597,0.0454,0.1209,0.0782,0.3408,0.1933
3331,-118.145,33.955,0.5314,0.2105,0.4922,0.2353,0.2548,0.1238,0.3886,0.1509,0.5597,0.2807,0.0601,0.0457,0.12,0.0777,0.3401,0.1919
3332,-118.135,33.955,0.5396,0.217,0.4814,0.226,0.2549,0.1225,0.3934,0.1452,0.5561,0.2763,0.06,0.0461,0.1188,0.0769,0.3386,0.1897
3333,-118.125,33.955,0.548,0.2244,0.4722,0.2192,0.2547,0.1213,0.3967,0.1405,0.5519,0.2719,0.0596,0.0465,0.1177,0.0762,0.3368,0.1872
3334,-118.115,33.955,0.5559,0.2315,0.4634,0.2131,0.2546,0.1201,0.3991,0.136,0.5453,0.2651,0.0589,0.0468,0.1166,0.0756,0.3342,0.1841
3335,-118.105,33.955,0.5651,0.2405,0.4548,0.2077,0.2541,0.119,0.398,0.1314,0.5375,0.258,0.0576,0.0467,0.1155,0.0749,0.3315,0.1808
3336,-118.095,33.955,0.575,0.2506,0.4454,0.202,0.2533,0.1178,0.3926,0.1287,0.5291,0.2509,0.0563,0.0467,0.1141,0.074,0.3279,0.1767
3337,-118.085,33.955,0.5818,0.2576,0.4353,0.196,0.2522,0.1165,0.3828,0.128,0.5181,0.2417,0.0549,0.0465,0.1125,0.0729,0.3198,0.1688
3338,-118.075,33.955,0.5573,0.2292,0.4175,0.1843,0.2354,0.1054,0.3517,0.1212,0.4718,0.2008,0.0503,0.0423,0.1029,0.0653,0.2995,0.1507
3339,-118.065,33.955,0.5779,0.2456,0.3974,0.1711,0.2189,0.0946,0.3227,0.1157,0.4711,0.203,0.0461,0.0381,0.0936,0.0578,0.2931,0.1448
3340,-118.055,33.955,0.5874,0.2434,0.3742,0.1563,0.2195,0.0949,0.3252,0.1228,0.4546,0.19,0.047,0.039,0.0931,0.0576,0.2881,0.1402
3341,-118.045,33.955,0.6029,0.2447,0.3583,0.1471,0.2212,0.096,0.3288,0.1297,0.4434,0.1823,0.0485,0.0403,0.0933,0.058,0.2847,0.1369
3342,-118.035,33.955,0.6195,0.2465,0.3498,0.1437,0.2239,0.0979,0.3334,0.1365,0.4368,0.1789,0.0507,0.0421,0.0942,0.0589,0.2847,0.1363
3343,-118.025,33.955,0.6253,0.2396,0.3397,0.1393,0.2231,0.0977,0.3298,0.1368,0.4296,0.1751,0.052,0.0423,0.0937,0.0587,0.2845,0.1355
3344,-118.015,33.955,0.6127,0.2211,0.3282,0.1341,0.2209,0.0967,0.3233,0.1348,0.4228,0.1718,0.0528,0.0418,0.0925,0.058,0.283,0.1338
3345,-118.005,33.955,0.5885,0.1959,0.3115,0.1255,0.2154,0.0936,0.3117,0.128,0.4107,0.1646,0.0523,0.0397,0.09,0.0562,0.2804,0.1314
3346,-117.995,33.955,0.5613,0.1713,0.2969,0.1182,0.2119,0.0918,0.3027,0.1225,0.3979,0.1572,0.0522,0.0381,0.0885,0.0551,0.2772,0.1284
3347,-117.985,33.955,0.5402,0.1535,0.2842,0.1121,0.2103,0.0913,0.2964,0.1182,0.3908,0.1541,0.0525,0.0368,0.0879,0.0549,0.2788,0.1291
3348,-117.975,33.955,0.523,0.1396,0.275,0.1082,0.2103,0.0917,0.2915,0.1151,0.3867,0.1532,0.0528,0.0359,0.0883,0.0554,0.2821,0.1309
3349,-117.965,33.955,0.5067,0.1279,0.2665,0.1048,0.2105,0.0922,0.2865,0.1124,0.3826,0.1521,0.0531,0.0349,0.0888,0.056,0.2856,0.1329
3350,-117.955,33.955,0.49,0.1177,0.2582,0.1013,0.21,0.0923,0.2804,0.1097,0.3777,0.1505,0.0529,0.0339,0.0893,0.0566,0.2887,0.1346
3351,-117.945,33.955,0.4727,0.1093,0.2501,0.0979,0.2087,0.0917,0.2738,0.107,0.3731,0.1489,0.0522,0.0328,0.0895,0.0571,0.2916,0.1361
3352,-117.935,33.955,0.4527,0.1014,0.2424,0.0947,0.2066,0.0906,0.2669,0.1041,0.3668,0.1461,0.0512,0.0316,0.0896,0.0573,0.2931,0.1366
3353,-117.925,33.955,0.4315,0.0947,0.2349,0.0915,0.2052,0.09,0.2625,0.1025,0.3603,0.1432,0.0512,0.0314,0.0901,0.058,0.2946,0.137
3354,-117.915,33.955,0.4106,0.0896,0.2276,0.0884,0.2039,0.0894,0.2587,0.101,0.3541,0.1407,0.0514,0.0316,0.0907,0.0587,0.2961,0.1375
3355,-117.905,33.955,0.3909,0.0856,0.2214,0.0859,0.2016,0.0882,0.2548,0.099,0.3479,0.1381,0.0523,0.0326,0.0907,0.0589,0.2971,0.1378
3356,-117.895,33.955,0.3715,0.0822,0.2155,0.0835,0.1988,0.0867,0.251,0.0971,0.3401,0.1346,0.053,0.0332,0.0904,0.0589,0.2964,0.1368
3357,-117.885,33.955,0.353,0.0793,0.2099,0.0813,0.1956,0.085,0.2473,0.0951,0.3313,0.1302,0.0534,0.0335,0.0898,0.0586,0.2951,0.1353
3358,-117.875,33.955,0.3356,0.0769,0.2047,0.0793,0.1924,0.0834,0.2458,0.0949,0.3215,0.1253,0.0538,0.0334,0.089,0.0582,0.293,0.1332
3359,-117.865,33.955,0.3194,0.0748,0.1996,0.0774,0.1892,0.0819,0.2449,0.0954,0.3108,0.1199,0.054,0.0331,0.0881,0.0576,0.2902,0.1305
3360,-117.855,33.955,0.3042,0.0729,0.1948,0.0756,0.186,0.0804,0.2449,0.0969,0.2998,0.1143,0.0542,0.0325,0.0871,0.057,0.2867,0.1274
3361,-117.845,33.955,0.2896,0.071,0.19,0.0737,0.1829,0.079,0.2447,0.0984,0.2884,0.1086,0.0543,0.0317,0.086,0.0562,0.2829,0.1241
3362,-117.835,33.955,0.2756,0.0689,0.1852,0.0719,0.1798,0.0777,0.2443,0.0999,0.2771,0.1029,0.0545,0.0307,0.0848,0.0554,0.2792,0.1209
3363,-117.825,33.955,0.2623,0.0667,0.1806,0.0702,0.1771,0.0765,0.2435,0.1013,0.2662,0.0977,0.0546,0.0299,0.0836,0.0546,0.2756,0.1178
3364,-117.815,33.955,0.25,0.0646,0.1762,0.0685,0.1746,0.0755,0.2427,0.1026,0.2569,0.0934,0.0548,0.0292,0.0824,0.0538,0.2735,0.1158
3365,-117.805,33.955,0.2389,0.0626,0.1723,0.0672,0.1726,0.0748,0.2424,0.1041,0.2496,0.0903,0.0548,0.029,0.0816,0.0533,0.2734,0.1152
3366,-117.795,33.955,0.2285,0.0607,0.1687,0.066,0.1708,0.0741,0.2424,0.1056,0.2444,0.0884,0.0547,0.0292,0.0808,0.0528,0.2752,0.1159
3367,-117.785,33.955,0.2191,0.059,0.1653,0.0648,0.1692,0.0736,0.2427,0.107,0.2409,0.0874,0.0543,0.0298,0.08,0.0524,0.2788,0.1178
3368,-117.775,33.955,0.2102,0.0573,0.1621,0.0638,0.1679,0.0732,0.2432,0.1085,0.2385,0.0871,0.0538,0.0306,0.0794,0.052,0.284,0.1208
3369,-117.765,33.955,0.2021,0.0558,0.1589,0.0627,0.1666,0.0728,0.2438,0.1099,0.2367,0.0871,0.0532,0.0315,0.0787,0.0516,0.2899,0.1242
3370,-117.755,33.955,0.1947,0.0544,0.1559,0.0617,0.1655,0.0725,0.2441,0.111,0.235,0.0872,0.0526,0.0324,0.078,0.0513,0.2962,0.128
3371,-117.745,33.955,0.1877,0.053,0.1529,0.0608,0.1646,0.0723,0.2438,0.1111,0.2334,0.0874,0.0521,0.0332,0.0774,0.0509,0.3028,0.1319
3372,-117.735,33.955,0.1813,0.0518,0.1501,0.0599,0.1637,0.0721,0.2426,0.1104,0.2319,0.0875,0.0516,0.0339,0.0768,0.0506,0.3097,0.1361
3373,-117.725,33.955,0.1764,0.0511,0.1473,0.059,0.1633,0.0723,0.2416,0.1097,0.2317,0.0885,0.0511,0.0344,0.0763,0.0504,0.3169,0.1405
3374,-117.715,33.955,0.1697,0.0496,0.1447,0.0582,0.1632,0.0726,0.241,0.1091,0.2289,0.0878,0.0508,0.0348,0.0759,0.0503,0.3241,0.1449
3375,-117.705,33.955,0.1648,0.0487,0.1425,0.0576,0.1643,0.0737,0.2422,0.1094,0.2278,0.0882,0.0509,0.0353,0.0761,0.0506,0.3322,0.1502
3376,-117.695,33.955,0.1623,0.0489,0.1418,0.0578,0.1657,0.0749,0.2434,0.1097,0.23,0.0906,0.0511,0.0355,0.0764,0.051,0.3433,0.1577
3377,-117.685,33.955,0.1607,0.0493,0.1427,0.0589,0.1673,0.0762,0.2449,0.11,0.2335,0.0939,0.0513,0.0355,0.0766,0.0514,0.3563,0.1672
3378,-117.675,33.955,0.1593,0.0498,0.142,0.0591,0.1693,0.0778,0.2462,0.1103,0.2375,0.0974,0.0514,0.0353,0.077,0.0519,0.3685,0.1761
3379,-117.665,33.955,0.154,0.0486,0.1407,0.059,0.1709,0.0792,0.2466,0.1101,0.2365,0.098,0.0513,0.035,0.0771,0.0523,0.3792,0.1839
3380,-117.655,33.955,0.149,0.0474,0.1385,0.0583,0.1703,0.0793,0.243,0.1079,0.2359,0.0988,0.0504,0.0337,0.0762,0.0516,0.3885,0.1905
3381,-118.945,33.965,0.0516,0.0178,0.0685,0.0299,0.1135,0.0475,0.2384,0.0804,0.1034,0.0354,0.0142,0.0118,0.0911,0.0444,0.1027,0.0433
3382,-118.935,33.965,0.0524,0.0181,0.0697,0.0304,0.1146,0.0478,0.2392,0.0807,0.1052,0.0359,0.0142,0.0117,0.091,0.0444,0.1031,0.0434
3383,-118.925,33.965,0.0533,0.0183,0.0711,0.031,0.1157,0.0482,0.2398,0.081,0.1072,0.0365,0.0142,0.0116,0.0909,0.0444,0.1035,0.0435
3384,-118.915,33.965,0.0541,0.0185,0.0724,0.0316,0.1167,0.0485,0.2404,0.0812,0.1092,0.0371,0.0141,0.0115,0.0907,0.0443,0.1039,0.0436
3385,-118.905,33.965,0.0549,0.0187,0.0738,0.0322,0.1178,0.0489,0.2408,0.0812,0.1114,0.0377,0.0141,0.0114,0.0906,0.0443,0.1044,0.0437
3386,-118.895,33.965,0.0558,0.019,0.0753,0.0328,0.1189,0.0493,0.2412,0.0812,0.1136,0.0384,0.0141,0.0113,0.0905,0.0442,0.1048,0.0439
3387,-118.885,33.965,0.0567,0.0192,0.0768,0.0334,0.12,0.0496,0.2415,0.0812,0.1159,0.0391,0.0141,0.0113,0.0904,0.0442,0.1053,0.044
3388,-118.875,33.965,0.0575,0.0194,0.0784,0.0341,0.121,0.05,0.242,0.0811,0.1184,0.0399,0.0141,0.0112,0.0902,0.0441,0.1058,0.0442
3389,-118.865,33.965,0.0584,0.0197,0.08,0.0348,0.1221,0.0504,0.2426,0.081,0.1209,0.0407,0.0141,0.0112,0.0901,0.0441,0.1063,0.0444
3390,-118.855,33.965,0.0593,0.0199,0.0817,0.0355,0.1232,0.0508,0.2434,0.0809,0.1235,0.0414,0.014,0.0111,0.0899,0.044,0.1068,0.0445
3391,-118.845,33.965,0.0602,0.0201,0.0835,0.0362,0.1242,0.0511,0.2443,0.0808,0.1262,0.0423,0.014,0.0111,0.0897,0.044,0.1073,0.0447
3392,-118.835,33.965,0.0611,0.0204,0.0852,0.037,0.1253,0.0515,0.2453,0.0808,0.129,0.0431,0.014,0.0111,0.0896,0.0439,0.1078,0.0448
3393,-118.825,33.965,0.062,0.0206,0.087,0.0377,0.1263,0.0519,0.2466,0.0808,0.1319,0.044,0.0141,0.0111,0.0894,0.0439,0.1082,0.0449
3394,-118.815,33.965,0.063,0.0208,0.0889,0.0385,0.1273,0.0522,0.248,0.081,0.1348,0.0448,0.0141,0.0111,0.0892,0.0438,0.1087,0.045
3395,-118.805,33.965,0.0639,0.021,0.0907,0.0393,0.1284,0.0526,0.2499,0.0815,0.1378,0.0457,0.0141,0.0111,0.089,0.0437,0.1091,0.0451
3396,-118.795,33.965,0.0648,0.0213,0.0925,0.04,0.1294,0.053,0.2521,0.0822,0.1409,0.0466,0.0142,0.0111,0.0888,0.0436,0.1094,0.0451
3397,-118.785,33.965,0.0657,0.0215,0.0943,0.0408,0.1304,0.0533,0.2547,0.0832,0.1442,0.0475,0.0143,0.0111,0.0886,0.0436,0.1098,0.0452
3398,-118.775,33.965,0.0666,0.0217,0.0961,0.0415,0.1313,0.0537,0.258,0.0844,0.1477,0.0484,0.0144,0.0112,0.0884,0.0435,0.1102,0.0452
3399,-118.765,33.965,0.0676,0.0219,0.0979,0.0422,0.1323,0.0541,0.2615,0.0858,0.1513,0.0495,0.0145,0.0113,0.0882,0.0434,0.1106,0.0453
3400,-118.755,33.965,0.0685,0.0221,0.0996,0.0428,0.1332,0.0544,0.2657,0.0873,0.1553,0.0506,0.0147,0.0113,0.0879,0.0433,0.1112,0.0454
3401,-118.745,33.965,0.0695,0.0223,0.1013,0.0435,0.1341,0.0548,0.2704,0.0889,0.1597,0.0519,0.0149,0.0114,0.0877,0.0433,0.1119,0.0456
3402,-118.735,33.965,0.0704,0.0226,0.103,0.0441,0.135,0.0551,0.2754,0.0906,0.1642,0.0533,0.0151,0.0115,0.0875,0.0432,0.1126,0.0458
3403,-118.725,33.965,0.0715,0.0228,0.1048,0.0447,0.1358,0.0554,0.2812,0.0923,0.1692,0.0548,0.0153,0.0117,0.0872,0.0431,0.1134,0.0461
3404,-118.715,33.965,0.0725,0.0231,0.1065,0.0454,0.1366,0.0557,0.2873,0.0941,0.1745,0.0565,0.0155,0.0118,0.087,0.043,0.1143,0.0464
3405,-118.705,33.965,0.0737,0.0233,0.1084,0.046,0.1374,0.056,0.2942,0.0959,0.18,0.0582,0.0158,0.012,0.0867,0.0429,0.1152,0.0467
3406,-118.695,33.965,0.0749,0.0236,0.1103,0.0467,0.1381,0.0563,0.3016,0.0979,0.186,0.0601,0.016,0.0121,0.0864,0.0428,0.1162,0.0471
3407,-118.685,33.965,0.0761,0.0239,0.1122,0.0475,0.1387,0.0566,0.3096,0.0999,0.1922,0.0621,0.0163,0.0123,0.0861,0.0427,0.1172,0.0475
3408,-118.675,33.965,0.0775,0.0243,0.1143,0.0482,0.1393,0.0569,0.3186,0.1021,0.1989,0.0642,0.0165,0.0125,0.0859,0.0426,0.1182,0.0479
3409,-118.665,33.965,0.0789,0.0247,0.1164,0.0491,0.1399,0.0571,0.3278,0.1043,0.206,0.0665,0.0167,0.0127,0.0856,0.0425,0.1194,0.0484
3410,-118.655,33.965,0.0804,0.0251,0.1187,0.0499,0.1403,0.0573,0.3377,0.1066,0.2134,0.069,0.0169,0.0129,0.0853,0.0424,0.1205,0.0489
3411,-118.645,33.965,0.082,0.0255,0.121,0.0508,0.1407,0.0575,0.3478,0.109,0.2214,0.0716,0.0171,0.0131,0.085,0.0423,0.1217,0.0494
3412,-118.635,33.965,0.0836,0.0259,0.1235,0.0518,0.1411,0.0577,0.3582,0.1115,0.2298,0.0744,0.0173,0.0133,0.0847,0.0422,0.1229,0.05
3413,-118.625,33.965,0.0852,0.0264,0.1261,0.0529,0.1415,0.0579,0.3689,0.1142,0.2386,0.0774,0.0175,0.0135,0.0844,0.0421,0.1243,0.0506
3414,-118.615,33.965,0.0869,0.0268,0.1289,0.054,0.1418,0.0581,0.3796,0.117,0.2482,0.0806,0.0177,0.0137,0.0841,0.042,0.1257,0.0512
3415,-118.605,33.965,0.0886,0.0273,0.1318,0.0551,0.142,0.0583,0.39,0.1198,0.2583,0.084,0.0178,0.0139,0.0838,0.0419,0.1272,0.0519
3416,-118.595,33.965,0.0903,0.0277,0.1348,0.0564,0.1422,0.0585,0.4002,0.1227,0.2689,0.0877,0.0179,0.0141,0.0834,0.0418,0.1288,0.0527
3417,-118.585,33.965,0.092,0.0282,0.138,0.0577,0.1424,0.0587,0.41,0.1258,0.2802,0.0916,0.0181,0.0144,0.0831,0.0417,0.1304,0.0535
3418,-118.575,33.965,0.0936,0.0286,0.1415,0.0592,0.1424,0.0589,0.419,0.1289,0.292,0.0958,0.0182,0.0147,0.0828,0.0416,0.1321,0.0543
3419,-118.565,33.965,0.0953,0.029,0.145,0.0607,0.1424,0.059,0.4274,0.132,0.3046,0.1002,0.0183,0.015,0.0825,0.0415,0.1338,0.0551
3420,-118.555,33.965,0.0968,0.0294,0.1488,0.0624,0.1422,0.0591,0.4343,0.1351,0.3174,0.1047,0.0184,0.0153,0.0821,0.0413,0.1355,0.056
3421,-118.545,33.965,0.0983,0.0298,0.1529,0.0641,0.1419,0.0593,0.4398,0.1381,0.3308,0.1094,0.0186,0.0156,0.0818,0.0412,0.1372,0.0568
3422,-118.535,33.965,0.0997,0.0301,0.157,0.066,0.1415,0.0594,0.4439,0.1409,0.3445,0.1142,0.0187,0.016,0.0814,0.0411,0.1388,0.0575
3423,-118.525,33.965,0.101,0.0304,0.1616,0.068,0.1408,0.0594,0.4446,0.1432,0.3583,0.119,0.0188,0.0163,0.0811,0.041,0.1404,0.0582
3424,-118.515,33.965,0.102,0.0306,0.1663,0.0702,0.1401,0.0595,0.443,0.1452,0.372,0.1236,0.0189,0.0167,0.0807,0.0409,0.1418,0.0587
3425,-118.505,33.965,0.1027,0.0306,0.1713,0.0725,0.1389,0.0595,0.4332,0.1454,0.3854,0.128,0.019,0.017,0.0804,0.0407,0.143,0.0592
3426,-118.495,33.965,0.1031,0.0305,0.1765,0.0749,0.1373,0.0593,0.4193,0.1446,0.3983,0.1321,0.019,0.0173,0.08,0.0406,0.1438,0.0594
3427,-118.485,33.965,0.1031,0.0303,0.1819,0.0774,0.1355,0.0591,0.4012,0.1429,0.4103,0.1355,0.0191,0.0176,0.0797,0.0405,0.1483,0.0614
3428,-118.475,33.965,0.1025,0.0299,0.2137,0.0985,0.1762,0.0886,0.4697,0.2068,0.4211,0.1381,0.027,0.0278,0.1082,0.0618,0.1692,0.0737
3429,-118.465,33.965,0.1661,0.058,0.2535,0.125,0.2171,0.1186,0.5384,0.272,0.5862,0.2592,0.0353,0.0381,0.1375,0.0838,0.2041,0.0951
3430,-118.455,33.965,0.176,0.062,0.3054,0.1598,0.2165,0.1212,0.5218,0.2773,0.624,0.2833,0.0369,0.0397,0.1419,0.0873,0.2346,0.1157
3431,-118.445,33.965,0.1688,0.0582,0.3271,0.1731,0.2056,0.1163,0.4916,0.2682,0.6249,0.2764,0.0369,0.0389,0.1397,0.0856,0.2347,0.1145
3432,-118.435,33.965,0.1569,0.052,0.3186,0.1651,0.1843,0.1039,0.4479,0.2446,0.6179,0.2586,0.0351,0.0358,0.131,0.0787,0.2291,0.1096
3433,-118.425,33.965,0.1517,0.0483,0.3164,0.1615,0.1677,0.0942,0.4211,0.2269,0.6066,0.2408,0.0339,0.034,0.1231,0.0726,0.2235,0.1051
3434,-118.415,33.965,0.1615,0.0508,0.3148,0.1586,0.155,0.0869,0.4016,0.213,0.6062,0.2394,0.0331,0.0327,0.1166,0.0677,0.2215,0.1035
3435,-118.405,33.965,0.1741,0.0546,0.3102,0.1538,0.1566,0.0884,0.4,0.2115,0.6065,0.2402,0.034,0.0329,0.1158,0.0673,0.2211,0.1029
3436,-118.395,33.965,0.1865,0.0581,0.3126,0.1547,0.1601,0.091,0.399,0.2086,0.603,0.2385,0.0349,0.0329,0.1156,0.0674,0.2234,0.1044
3437,-118.385,33.965,0.2021,0.0633,0.322,0.1613,0.1655,0.0946,0.3987,0.2044,0.602,0.2406,0.0358,0.0328,0.116,0.0679,0.2281,0.1075
3438,-118.375,33.965,0.2243,0.0717,0.3284,0.1656,0.1814,0.1062,0.4125,0.2096,0.608,0.2516,0.0389,0.0352,0.1227,0.0735,0.2343,0.1117
3439,-118.365,33.965,0.2477,0.0814,0.3342,0.1696,0.1955,0.1161,0.4224,0.2112,0.6117,0.2638,0.0414,0.0371,0.1277,0.0777,0.2382,0.1144
3440,-118.355,33.965,0.2448,0.0775,0.3404,0.1741,0.19,0.1092,0.3995,0.1858,0.5862,0.2405,0.0388,0.0335,0.1183,0.0705,0.24,0.1156
3441,-118.345,33.965,0.2579,0.0822,0.346,0.1785,0.1903,0.1076,0.3882,0.171,0.5792,0.2404,0.0377,0.0315,0.1134,0.0667,0.2433,0.118
3442,-118.335,33.965,0.2721,0.0877,0.351,0.1826,0.1962,0.1111,0.3882,0.1668,0.5743,0.2424,0.0381,0.031,0.1129,0.0665,0.2501,0.1232
3443,-118.325,33.965,0.2857,0.093,0.3602,0.1905,0.2008,0.1144,0.388,0.1633,0.5695,0.2446,0.0383,0.03,0.1119,0.066,0.2588,0.1299
3444,-118.315,33.965,0.2969,0.0972,0.3705,0.1992,0.2053,0.1177,0.3883,0.1604,0.5633,0.2451,0.0385,0.0289,0.1111,0.0656,0.266,0.1355
3445,-118.305,33.965,0.3094,0.102,0.3818,0.2086,0.2105,0.1216,0.3918,0.1599,0.5639,0.2497,0.0391,0.028,0.1112,0.066,0.276,0.1435
3446,-118.295,33.965,0.3364,0.1157,0.4011,0.2254,0.2253,0.1339,0.4088,0.1696,0.5847,0.2756,0.0421,0.0294,0.1172,0.0711,0.2909,0.1559
3447,-118.285,33.965,0.3701,0.1345,0.4283,0.2495,0.2496,0.1546,0.4393,0.1895,0.6104,0.3109,0.0474,0.0329,0.1291,0.0811,0.3129,0.1749
3448,-118.275,33.965,0.3861,0.1419,0.4459,0.2633,0.2564,0.1589,0.4433,0.1905,0.6178,0.3223,0.0488,0.0332,0.1305,0.0824,0.3243,0.1848
3449,-118.265,33.965,0.3936,0.1429,0.461,0.2739,0.2592,0.1595,0.4413,0.1873,0.616,0.3204,0.0493,0.0329,0.1295,0.0819,0.3296,0.1891
3450,-118.255,33.965,0.4021,0.1441,0.4737,0.2796,0.2602,0.1578,0.4363,0.1827,0.6125,0.3176,0.0495,0.0332,0.1276,0.0806,0.3312,0.1898
3451,-118.245,33.965,0.4115,0.1458,0.4845,0.2834,0.2608,0.1556,0.4318,0.1787,0.6069,0.3129,0.0498,0.034,0.1259,0.0794,0.3318,0.1895
3452,-118.235,33.965,0.422,0.1481,0.4934,0.2852,0.2613,0.1531,0.4276,0.1753,0.5993,0.3067,0.0502,0.0354,0.1242,0.0782,0.332,0.1887
3453,-118.225,33.965,0.4339,0.1514,0.4975,0.2826,0.261,0.15,0.4239,0.1719,0.5908,0.3,0.051,0.0371,0.123,0.0775,0.3322,0.1881
3454,-118.215,33.965,0.4483,0.1566,0.4996,0.2783,0.2605,0.1467,0.4209,0.1692,0.5846,0.2953,0.0521,0.0389,0.122,0.0769,0.3329,0.1879
3455,-118.205,33.965,0.4652,0.1642,0.4968,0.2704,0.2595,0.1432,0.421,0.1698,0.5849,0.2953,0.0537,0.0406,0.1216,0.0768,0.3342,0.1883
3456,-118.195,33.965,0.4835,0.1732,0.4924,0.2613,0.2579,0.1389,0.4183,0.1697,0.5853,0.2953,0.0553,0.0417,0.121,0.0767,0.3358,0.1891
3457,-118.185,33.965,0.5,0.1817,0.4863,0.2512,0.2558,0.1339,0.413,0.1689,0.585,0.2945,0.0569,0.0425,0.1203,0.0764,0.3374,0.1899
3458,-118.175,33.965,0.5154,0.1904,0.4784,0.2417,0.2549,0.13,0.3998,0.1667,0.5851,0.2944,0.0587,0.0428,0.1203,0.0766,0.3394,0.1913
3459,-118.165,33.965,0.5302,0.2003,0.4701,0.2324,0.2545,0.1268,0.3879,0.164,0.5865,0.2965,0.0605,0.043,0.1203,0.0768,0.3421,0.1932
3460,-118.155,33.965,0.5424,0.209,0.4613,0.2236,0.2551,0.1251,0.3896,0.1598,0.5865,0.2968,0.0619,0.043,0.1199,0.0768,0.3435,0.194
3461,-118.145,33.965,0.551,0.2147,0.4492,0.2125,0.2555,0.1236,0.3959,0.1547,0.5826,0.2917,0.0627,0.0431,0.119,0.0764,0.3411,0.1909
3462,-118.135,33.965,0.5602,0.2212,0.4338,0.1992,0.2556,0.122,0.4069,0.149,0.578,0.2862,0.0628,0.0434,0.1177,0.0756,0.3367,0.186
3463,-118.125,33.965,0.5699,0.2284,0.4286,0.1953,0.2568,0.1216,0.4133,0.1452,0.5726,0.2802,0.0625,0.0443,0.1173,0.0755,0.3326,0.1814
3464,-118.115,33.965,0.5822,0.2391,0.4256,0.1935,0.2583,0.1214,0.4175,0.1419,0.5682,0.2768,0.0621,0.0453,0.1171,0.0756,0.3346,0.1824
3465,-118.105,33.965,0.5943,0.2496,0.4232,0.1929,0.2597,0.1213,0.4155,0.1394,0.5616,0.2714,0.0613,0.0462,0.1169,0.0757,0.335,0.1821
3466,-118.095,33.965,0.6063,0.26,0.4184,0.1906,0.2605,0.121,0.4091,0.138,0.5532,0.2648,0.0603,0.0471,0.1165,0.0756,0.3337,0.1802
3467,-118.085,33.965,0.6173,0.2687,0.4113,0.1865,0.2608,0.1204,0.3982,0.1378,0.5428,0.2565,0.0592,0.0478,0.1157,0.0752,0.3291,0.1753
3468,-118.075,33.965,0.6267,0.2743,0.3934,0.1742,0.2515,0.1138,0.3758,0.1336,0.5288,0.2455,0.0563,0.0458,0.1099,0.0707,0.3179,0.1647
3469,-118.065,33.965,0.628,0.2625,0.3733,0.1606,0.2405,0.1062,0.3539,0.1295,0.5008,0.2193,0.0532,0.0434,0.1034,0.0654,0.3015,0.1502
3470,-118.055,33.965,0.6286,0.2505,0.3538,0.1482,0.231,0.1001,0.3463,0.1296,0.4716,0.1956,0.0513,0.0416,0.0979,0.0611,0.2906,0.1406
3471,-118.045,33.965,0.6441,0.253,0.3394,0.1398,0.2263,0.0973,0.3426,0.1322,0.4589,0.1874,0.0511,0.0411,0.0948,0.0588,0.2848,0.1354
3472,-118.035,33.965,0.6577,0.2531,0.33,0.1354,0.2263,0.0976,0.3429,0.1372,0.4491,0.1816,0.0524,0.042,0.0943,0.0586,0.2822,0.1328
3473,-118.025,33.965,0.6589,0.2435,0.3165,0.1285,0.2228,0.0958,0.3312,0.1346,0.439,0.1759,0.0529,0.0412,0.0924,0.0573,0.278,0.1291
3474,-118.015,33.965,0.6323,0.2155,0.3024,0.1214,0.2186,0.0936,0.317,0.1301,0.4237,0.1665,0.0532,0.04,0.0902,0.0558,0.2744,0.126
3475,-118.005,33.965,0.6015,0.1878,0.2899,0.1153,0.2141,0.0914,0.3028,0.1235,0.4099,0.1587,0.0531,0.0384,0.0881,0.0543,0.2727,0.1243
3476,-117.995,33.965,0.579,0.1682,0.2791,0.1102,0.2123,0.0908,0.2925,0.1186,0.4053,0.1575,0.0536,0.0373,0.0873,0.0539,0.2743,0.1249
3477,-117.985,33.965,0.5576,0.1508,0.2697,0.1061,0.2131,0.0918,0.2861,0.1154,0.4019,0.1572,0.0546,0.0368,0.0878,0.0545,0.2788,0.1277
3478,-117.975,33.965,0.5374,0.1353,0.2625,0.1033,0.2138,0.0928,0.2798,0.112,0.3992,0.1575,0.0552,0.0361,0.0884,0.0551,0.284,0.1312
3479,-117.965,33.965,0.5182,0.1219,0.2556,0.1006,0.2142,0.0936,0.2735,0.1087,0.3962,0.1575,0.0557,0.0355,0.089,0.0559,0.289,0.1343
3480,-117.955,33.965,0.4993,0.1105,0.2481,0.0975,0.2138,0.0938,0.2672,0.1056,0.3925,0.1569,0.0557,0.0347,0.0895,0.0565,0.2931,0.1368
3481,-117.945,33.965,0.4799,0.1013,0.241,0.0946,0.2128,0.0936,0.2615,0.1029,0.388,0.1556,0.0555,0.034,0.09,0.0571,0.2968,0.139
3482,-117.935,33.965,0.4592,0.0942,0.2341,0.0917,0.2112,0.0929,0.2564,0.1006,0.3822,0.1533,0.055,0.0332,0.0902,0.0575,0.2989,0.1399
3483,-117.925,33.965,0.4371,0.0889,0.2279,0.0893,0.2112,0.0932,0.2552,0.1003,0.3754,0.1503,0.0555,0.0335,0.0913,0.0587,0.3015,0.1411
3484,-117.915,33.965,0.4197,0.0869,0.2222,0.0871,0.2106,0.0932,0.2541,0.1,0.3723,0.15,0.0559,0.0339,0.0922,0.0596,0.3042,0.1426
3485,-117.905,33.965,0.3962,0.0829,0.2184,0.0859,0.2061,0.0907,0.2491,0.0976,0.362,0.1445,0.0555,0.0339,0.091,0.0589,0.3056,0.143
3486,-117.895,33.965,0.374,0.0796,0.2123,0.0834,0.2018,0.0884,0.245,0.0956,0.3513,0.1389,0.0553,0.0339,0.09,0.0582,0.3029,0.1403
3487,-117.885,33.965,0.3545,0.0772,0.2038,0.0794,0.1979,0.0863,0.2416,0.0942,0.3413,0.1338,0.0551,0.0339,0.089,0.0576,0.2997,0.1372
3488,-117.875,33.965,0.3368,0.0754,0.198,0.077,0.1945,0.0846,0.2399,0.0942,0.3313,0.1287,0.055,0.0338,0.0882,0.0571,0.2966,0.1343
3489,-117.865,33.965,0.3203,0.0737,0.1929,0.075,0.1912,0.083,0.2386,0.0946,0.3205,0.1233,0.0548,0.0335,0.0873,0.0566,0.2942,0.1318
3490,-117.855,33.965,0.3047,0.0721,0.1882,0.0732,0.1876,0.0813,0.238,0.0957,0.3093,0.1177,0.0544,0.0329,0.0863,0.056,0.2912,0.129
3491,-117.845,33.965,0.2896,0.0703,0.1834,0.0714,0.1841,0.0796,0.2373,0.0969,0.2979,0.112,0.0539,0.0322,0.0852,0.0552,0.2881,0.1261
3492,-117.835,33.965,0.275,0.0682,0.1786,0.0695,0.1806,0.0779,0.2365,0.0982,0.2866,0.1066,0.0534,0.0313,0.0839,0.0544,0.2849,0.1233
3493,-117.825,33.965,0.2608,0.0657,0.174,0.0677,0.1775,0.0765,0.2362,0.0996,0.2759,0.1015,0.053,0.0306,0.0827,0.0536,0.2819,0.1206
3494,-117.815,33.965,0.2482,0.0635,0.1696,0.066,0.1748,0.0753,0.2361,0.1012,0.2672,0.0976,0.0526,0.0301,0.0816,0.0528,0.281,0.1194
3495,-117.805,33.965,0.2371,0.0616,0.1665,0.0651,0.1732,0.0747,0.2371,0.1033,0.2606,0.095,0.0526,0.0301,0.081,0.0525,0.2821,0.1196
3496,-117.795,33.965,0.227,0.0598,0.1635,0.0641,0.1717,0.0743,0.2381,0.1054,0.2556,0.0933,0.0525,0.0303,0.0804,0.0522,0.2849,0.1209
3497,-117.785,33.965,0.2177,0.0582,0.1605,0.0632,0.1704,0.0739,0.2392,0.1073,0.2519,0.0924,0.0524,0.0308,0.0799,0.052,0.2889,0.1232
3498,-117.775,33.965,0.2089,0.0565,0.1576,0.0623,0.1693,0.0735,0.2401,0.1091,0.2491,0.0919,0.0522,0.0316,0.0794,0.0518,0.2943,0.1263
3499,-117.765,33.965,0.2011,0.0551,0.1546,0.0613,0.1682,0.0732,0.241,0.1109,0.2468,0.0917,0.052,0.0323,0.0788,0.0515,0.3004,0.1299
3500,-117.755,33.965,0.1936,0.0537,0.1517,0.0604,0.1672,0.073,0.2415,0.1123,0.2449,0.0918,0.0517,0.0332,0.0783,0.0512,0.3069,0.1339
3501,-117.745,33.965,0.1868,0.0524,0.1488,0.0595,0.1663,0.0728,0.2409,0.1124,0.2432,0.0919,0.0514,0.0339,0.0777,0.0509,0.3138,0.1381
3502,-117.735,33.965,0.1806,0.0512,0.146,0.0585,0.1655,0.0727,0.239,0.1111,0.2416,0.0921,0.0511,0.0346,0.0771,0.0506,0.3212,0.1426
3503,-117.725,33.965,0.1752,0.0504,0.1439,0.058,0.1657,0.0732,0.2381,0.1105,0.2407,0.0928,0.0511,0.0352,0.077,0.0507,0.3298,0.1482
3504,-117.715,33.965,0.1712,0.05,0.1422,0.0577,0.1667,0.0742,0.2385,0.1106,0.2411,0.0942,0.0513,0.036,0.0773,0.0511,0.34,0.1551
3505,-117.705,33.965,0.1697,0.0506,0.1412,0.0578,0.1712,0.0773,0.2438,0.1137,0.2446,0.0975,0.0527,0.0374,0.0792,0.0529,0.3519,0.1635
3506,-117.695,33.965,0.1686,0.0514,0.1408,0.0582,0.1735,0.079,0.2458,0.1146,0.2488,0.1013,0.0533,0.0378,0.0799,0.0537,0.3655,0.1735
3507,-117.685,33.965,0.1644,0.0508,0.141,0.0589,0.1736,0.0795,0.2448,0.1135,0.2486,0.1024,0.053,0.0372,0.0794,0.0535,0.376,0.181
3508,-117.675,33.965,0.1588,0.0495,0.1395,0.0586,0.1735,0.0798,0.2428,0.1118,0.2466,0.1023,0.0525,0.0363,0.0787,0.0531,0.3858,0.188
3509,-117.665,33.965,0.1546,0.0487,0.1375,0.058,0.1733,0.0801,0.2405,0.11,0.2463,0.1034,0.0518,0.0353,0.0779,0.0526,0.3951,0.1946
3510,-117.655,33.965,0.1503,0.0478,0.1353,0.0573,0.1732,0.0804,0.2376,0.1083,0.2458,0.1042,0.051,0.0342,0.0772,0.0522,0.4043,0.2012
3511,-118.945,33.975,0.0518,0.0179,0.0684,0.0299,0.1155,0.0483,0.2442,0.0821,0.1029,0.035,0.0143,0.0118,0.0923,0.0448,0.103,0.0431
3512,-118.935,33.975,0.0527,0.0182,0.0696,0.0305,0.1166,0.0486,0.2449,0.0825,0.1048,0.0356,0.0143,0.0117,0.0922,0.0448,0.1034,0.0432
3513,-118.925,33.975,0.0535,0.0184,0.071,0.031,0.1177,0.049,0.2455,0.0827,0.1067,0.0362,0.0142,0.0116,0.0921,0.0448,0.1038,0.0433
3514,-118.915,33.975,0.0544,0.0186,0.0723,0.0316,0.1188,0.0494,0.246,0.0829,0.1089,0.0368,0.0142,0.0115,0.092,0.0447,0.1043,0.0434
3515,-118.905,33.975,0.0552,0.0189,0.0738,0.0322,0.1199,0.0497,0.2463,0.083,0.1111,0.0375,0.0142,0.0114,0.0918,0.0447,0.1048,0.0436
3516,-118.895,33.975,0.0561,0.0191,0.0753,0.0328,0.1211,0.0501,0.2466,0.083,0.1133,0.0382,0.0141,0.0113,0.0917,0.0447,0.1053,0.0438
3517,-118.885,33.975,0.057,0.0193,0.0768,0.0335,0.1222,0.0505,0.247,0.0829,0.1157,0.0389,0.0141,0.0113,0.0916,0.0446,0.1058,0.044
3518,-118.875,33.975,0.0579,0.0196,0.0784,0.0342,0.1233,0.0509,0.2474,0.0827,0.1182,0.0396,0.0141,0.0112,0.0914,0.0446,0.1064,0.0442
3519,-118.865,33.975,0.0588,0.0198,0.0801,0.0349,0.1244,0.0513,0.2478,0.0825,0.1207,0.0404,0.0141,0.0111,0.0913,0.0445,0.1069,0.0443
3520,-118.855,33.975,0.0597,0.02,0.0818,0.0356,0.1255,0.0517,0.2484,0.0823,0.1234,0.0413,0.014,0.0111,0.0911,0.0444,0.1075,0.0445
3521,-118.845,33.975,0.0606,0.0203,0.0836,0.0364,0.1267,0.052,0.249,0.082,0.1262,0.0421,0.014,0.0111,0.0909,0.0444,0.108,0.0447
3522,-118.835,33.975,0.0615,0.0205,0.0854,0.0372,0.1278,0.0524,0.2497,0.0817,0.129,0.043,0.014,0.011,0.0908,0.0443,0.1084,0.0448
3523,-118.825,33.975,0.0624,0.0207,0.0872,0.038,0.1289,0.0528,0.2506,0.0815,0.1319,0.0438,0.014,0.011,0.0906,0.0443,0.1089,0.045
3524,-118.815,33.975,0.0633,0.021,0.0891,0.0388,0.13,0.0532,0.2516,0.0814,0.1349,0.0447,0.014,0.011,0.0904,0.0442,0.1093,0.0451
3525,-118.805,33.975,0.0642,0.0212,0.091,0.0396,0.1311,0.0536,0.2532,0.0818,0.1379,0.0455,0.014,0.011,0.0902,0.0441,0.1097,0.0451
3526,-118.795,33.975,0.0651,0.0214,0.0929,0.0404,0.1321,0.054,0.2552,0.0825,0.141,0.0464,0.0141,0.011,0.09,0.044,0.1099,0.0451
3527,-118.785,33.975,0.066,0.0216,0.0947,0.0411,0.1332,0.0544,0.2577,0.0836,0.1442,0.0472,0.0142,0.011,0.0898,0.044,0.1102,0.045
3528,-118.775,33.975,0.067,0.0218,0.0964,0.0418,0.1342,0.0548,0.261,0.085,0.1476,0.0482,0.0143,0.0111,0.0895,0.0439,0.1106,0.045
3529,-118.765,33.975,0.0679,0.022,0.0982,0.0425,0.1353,0.0552,0.2647,0.0866,0.1514,0.0492,0.0144,0.0112,0.0893,0.0438,0.111,0.0451
3530,-118.755,33.975,0.0688,0.0222,0.0998,0.0431,0.1363,0.0556,0.2691,0.0883,0.1554,0.0503,0.0146,0.0112,0.0891,0.0437,0.1115,0.0452
3531,-118.745,33.975,0.0697,0.0224,0.1014,0.0437,0.1373,0.0559,0.274,0.09,0.1598,0.0517,0.0148,0.0114,0.0888,0.0437,0.1122,0.0454
3532,-118.735,33.975,0.0707,0.0226,0.103,0.0443,0.1382,0.0563,0.2793,0.0917,0.1646,0.0531,0.015,0.0115,0.0886,0.0436,0.113,0.0456
3533,-118.725,33.975,0.0716,0.0229,0.1047,0.0449,0.1391,0.0566,0.2853,0.0935,0.1697,0.0546,0.0153,0.0116,0.0883,0.0435,0.1138,0.0459
3534,-118.715,33.975,0.0727,0.0231,0.1064,0.0455,0.14,0.057,0.2917,0.0953,0.1752,0.0564,0.0156,0.0118,0.0881,0.0434,0.1148,0.0462
3535,-118.705,33.975,0.0738,0.0234,0.1081,0.0461,0.1408,0.0573,0.299,0.0972,0.1811,0.0582,0.0158,0.0119,0.0878,0.0433,0.1157,0.0466
3536,-118.695,33.975,0.075,0.0237,0.1099,0.0468,0.1416,0.0576,0.3069,0.0992,0.1873,0.0602,0.0161,0.0121,0.0875,0.0432,0.1167,0.047
3537,-118.685,33.975,0.0763,0.024,0.1118,0.0475,0.1423,0.0579,0.3155,0.1013,0.1939,0.0623,0.0164,0.0123,0.0872,0.0431,0.1178,0.0474
3538,-118.675,33.975,0.0776,0.0244,0.1138,0.0482,0.143,0.0582,0.3255,0.1035,0.2009,0.0645,0.0167,0.0125,0.0869,0.043,0.1189,0.0479
3539,-118.665,33.975,0.0791,0.0248,0.1158,0.049,0.1436,0.0585,0.3358,0.1058,0.2083,0.067,0.0169,0.0127,0.0867,0.0429,0.12,0.0484
3540,-118.655,33.975,0.0807,0.0252,0.118,0.0498,0.1441,0.0587,0.3471,0.1082,0.2162,0.0695,0.0171,0.0129,0.0864,0.0428,0.1212,0.0489
3541,-118.645,33.975,0.0824,0.0256,0.1203,0.0507,0.1446,0.0589,0.3588,0.1108,0.2246,0.0723,0.0174,0.0131,0.0861,0.0427,0.1224,0.0494
3542,-118.635,33.975,0.0841,0.0261,0.1226,0.0516,0.1451,0.0591,0.3709,0.1134,0.2336,0.0752,0.0176,0.0133,0.0858,0.0426,0.1237,0.05
3543,-118.625,33.975,0.0858,0.0266,0.1252,0.0527,0.1455,0.0593,0.3834,0.1163,0.2431,0.0784,0.0177,0.0135,0.0854,0.0425,0.1251,0.0507
3544,-118.615,33.975,0.0876,0.0271,0.1278,0.0537,0.1459,0.0596,0.3959,0.1192,0.2533,0.0819,0.0179,0.0138,0.0851,0.0424,0.1267,0.0514
3545,-118.605,33.975,0.0894,0.0276,0.1306,0.0549,0.1462,0.0598,0.4083,0.1224,0.2642,0.0857,0.018,0.014,0.0848,0.0423,0.1283,0.0522
3546,-118.595,33.975,0.0912,0.0281,0.1335,0.0561,0.1465,0.0599,0.4205,0.1257,0.2759,0.0898,0.0182,0.0142,0.0845,0.0421,0.13,0.053
3547,-118.585,33.975,0.093,0.0286,0.1366,0.0574,0.1467,0.0601,0.4325,0.1292,0.2883,0.0941,0.0183,0.0145,0.0841,0.042,0.1318,0.0539
3548,-118.575,33.975,0.0948,0.029,0.1399,0.0588,0.1467,0.0603,0.4437,0.1328,0.3015,0.0988,0.0184,0.0148,0.0838,0.0419,0.1337,0.0549
3549,-118.565,33.975,0.0965,0.0295,0.1433,0.0603,0.1468,0.0604,0.4544,0.1364,0.3155,0.1038,0.0186,0.0151,0.0835,0.0418,0.1357,0.0559
3550,-118.555,33.975,0.0982,0.03,0.147,0.0619,0.1466,0.0605,0.4637,0.1401,0.3302,0.1091,0.0187,0.0155,0.0831,0.0417,0.1377,0.0569
3551,-118.545,33.975,0.0999,0.0304,0.1509,0.0636,0.1463,0.0605,0.4718,0.1437,0.3455,0.1146,0.0188,0.0159,0.0828,0.0416,0.1397,0.0579
3552,-118.535,33.975,0.1015,0.0308,0.1549,0.0654,0.1459,0.0606,0.4785,0.1472,0.3612,0.1202,0.019,0.0163,0.0824,0.0414,0.1417,0.0588
3553,-118.525,33.975,0.103,0.0312,0.1593,0.0674,0.1453,0.0606,0.482,0.1504,0.3773,0.126,0.0191,0.0167,0.0821,0.0413,0.1435,0.0597
3554,-118.515,33.975,0.1043,0.0315,0.1638,0.0696,0.1446,0.0606,0.483,0.1531,0.3935,0.1317,0.0192,0.0172,0.0817,0.0412,0.1452,0.0605
3555,-118.505,33.975,0.1053,0.0317,0.1687,0.0719,0.1435,0.0605,0.4757,0.1543,0.4094,0.1371,0.0193,0.0176,0.0813,0.0411,0.1473,0.0614
3556,-118.495,33.975,0.106,0.0317,0.1737,0.0743,0.1567,0.0698,0.4968,0.1777,0.4248,0.1421,0.0219,0.0212,0.09,0.0475,0.1529,0.0642
3557,-118.485,33.975,0.1063,0.0316,0.179,0.0769,0.1841,0.0886,0.5463,0.2235,0.4392,0.1466,0.027,0.028,0.1078,0.0607,0.175,0.0776
3558,-118.475,33.975,0.1833,0.0661,0.2506,0.1258,0.2121,0.1094,0.5825,0.2684,0.638,0.2946,0.0328,0.0357,0.1278,0.0758,0.2065,0.0977
3559,-118.465,33.975,0.1853,0.0667,0.3228,0.1754,0.2344,0.1267,0.605,0.3048,0.6532,0.3053,0.0378,0.0423,0.1449,0.0887,0.2387,0.1192
3560,-118.455,33.975,0.1873,0.0673,0.3317,0.1818,0.2288,0.1255,0.5739,0.3007,0.6658,0.315,0.0386,0.043,0.1453,0.0893,0.2529,0.1289
3561,-118.445,33.975,0.1862,0.0661,0.3379,0.186,0.2187,0.1212,0.5415,0.2914,0.6736,0.3172,0.0388,0.0426,0.143,0.0878,0.2512,0.1266
3562,-118.435,33.975,0.1895,0.0669,0.3416,0.1881,0.2042,0.1137,0.5079,0.2767,0.6804,0.3226,0.0384,0.0412,0.1382,0.084,0.2473,0.1229
3563,-118.425,33.975,0.1927,0.0671,0.3303,0.1772,0.1934,0.1083,0.487,0.2654,0.684,0.3205,0.0386,0.0408,0.1338,0.0808,0.2434,0.1194
3564,-118.415,33.975,0.186,0.0616,0.3157,0.1638,0.1848,0.1042,0.4705,0.2551,0.6733,0.2918,0.0389,0.0404,0.1299,0.0779,0.2398,0.1163
3565,-118.405,33.975,0.1869,0.0598,0.2999,0.1507,0.1835,0.1039,0.4626,0.2463,0.6583,0.2714,0.0393,0.0398,0.1274,0.0761,0.2358,0.1129
3566,-118.395,33.975,0.2009,0.0641,0.3002,0.1504,0.1807,0.1021,0.4501,0.2315,0.655,0.2702,0.0387,0.0378,0.1231,0.0728,0.2338,0.111
3567,-118.385,33.975,0.2206,0.0711,0.3165,0.1629,0.1766,0.0987,0.4332,0.2108,0.6561,0.2762,0.0371,0.0346,0.1169,0.0681,0.2329,0.1099
3568,-118.375,33.975,0.2224,0.0694,0.3145,0.1612,0.1859,0.1058,0.4371,0.2075,0.6312,0.2528,0.0387,0.035,0.1194,0.0704,0.2324,0.1091
3569,-118.365,33.975,0.2354,0.0733,0.3108,0.1584,0.1957,0.1131,0.4414,0.2048,0.6208,0.2487,0.0403,0.0355,0.1221,0.0728,0.2357,0.1112
3570,-118.355,33.975,0.2491,0.0778,0.317,0.1638,0.1947,0.1112,0.427,0.1879,0.6133,0.2486,0.0391,0.0333,0.1167,0.0687,0.2392,0.1137
3571,-118.345,33.975,0.264,0.0832,0.3232,0.1695,0.1989,0.1141,0.4227,0.1801,0.6094,0.2528,0.0393,0.0325,0.1151,0.0677,0.246,0.1188
3572,-118.335,33.975,0.2777,0.0884,0.3294,0.1754,0.2084,0.1218,0.4286,0.1815,0.6057,0.2571,0.0407,0.033,0.1174,0.0696,0.2576,0.1277
3573,-118.325,33.975,0.3065,0.1021,0.3404,0.1857,0.2185,0.1311,0.4367,0.1851,0.62,0.2825,0.0422,0.0332,0.1201,0.0722,0.2735,0.1405
3574,-118.315,33.975,0.3133,0.1038,0.3533,0.1979,0.2279,0.14,0.4448,0.1883,0.6107,0.2792,0.0435,0.0331,0.1226,0.0744,0.2844,0.1495
3575,-118.305,33.975,0.3334,0.1134,0.3707,0.2146,0.2334,0.1452,0.4501,0.1877,0.6219,0.2972,0.0439,0.0321,0.1229,0.0749,0.296,0.1593
3576,-118.295,33.975,0.3615,0.1286,0.3878,0.2313,0.2432,0.1539,0.4613,0.1915,0.6401,0.3272,0.0454,0.0323,0.1258,0.0776,0.3099,0.1712
3577,-118.285,33.975,0.378,0.1364,0.4047,0.2478,0.2572,0.166,0.4784,0.1997,0.6471,0.3401,0.0481,0.0336,0.1314,0.0824,0.3242,0.1838
3578,-118.275,33.975,0.3851,0.1373,0.4115,0.2516,0.2604,0.1675,0.4758,0.1958,0.646,0.3377,0.0483,0.0332,0.1305,0.0819,0.3292,0.1877
3579,-118.265,33.975,0.3932,0.1384,0.4171,0.2534,0.2616,0.1668,0.4691,0.1896,0.6431,0.3343,0.0481,0.0326,0.1284,0.0804,0.3316,0.1892
3580,-118.255,33.975,0.4032,0.1406,0.4267,0.2578,0.2635,0.166,0.4617,0.1845,0.6392,0.3314,0.0485,0.0331,0.1269,0.0794,0.333,0.1896
3581,-118.245,33.975,0.4143,0.1433,0.436,0.2609,0.265,0.1646,0.4554,0.1801,0.6331,0.3265,0.0491,0.034,0.1254,0.0785,0.3338,0.1895
3582,-118.235,33.975,0.4266,0.1468,0.4449,0.2628,0.2662,0.1627,0.45,0.1764,0.625,0.32,0.05,0.0354,0.1239,0.0775,0.3343,0.189
3583,-118.225,33.975,0.441,0.1517,0.4497,0.2608,0.2664,0.16,0.4473,0.1742,0.6164,0.3137,0.0511,0.037,0.1228,0.0769,0.3349,0.1887
3584,-118.215,33.975,0.4583,0.1588,0.4524,0.2569,0.2662,0.157,0.4458,0.1729,0.6117,0.3101,0.0524,0.0386,0.1219,0.0764,0.3357,0.1886
3585,-118.205,33.975,0.4772,0.1673,0.4489,0.2477,0.2647,0.1526,0.4471,0.1741,0.6118,0.3095,0.0541,0.04,0.1213,0.0762,0.3369,0.1888
3586,-118.195,33.975,0.4972,0.1768,0.4448,0.2381,0.2626,0.1469,0.4467,0.1744,0.612,0.3091,0.0559,0.0411,0.1207,0.0759,0.3383,0.1894
3587,-118.185,33.975,0.5157,0.1862,0.4399,0.228,0.2598,0.1399,0.4444,0.1736,0.6118,0.3085,0.0578,0.0418,0.12,0.0757,0.3397,0.1901
3588,-118.175,33.975,0.5322,0.1949,0.4335,0.2188,0.2585,0.1346,0.4377,0.1713,0.6115,0.3079,0.0597,0.0418,0.1199,0.0758,0.3416,0.1912
3589,-118.165,33.975,0.5475,0.2043,0.4267,0.21,0.2578,0.1301,0.4315,0.1684,0.6121,0.3089,0.0617,0.0416,0.1198,0.076,0.3439,0.1929
3590,-118.155,33.975,0.5604,0.2125,0.4196,0.2021,0.258,0.1274,0.4317,0.1641,0.6122,0.3091,0.0635,0.0412,0.1192,0.0758,0.3439,0.1922
3591,-118.145,33.975,0.5698,0.2181,0.4045,0.1881,0.253,0.1216,0.4263,0.1549,0.6078,0.3034,0.063,0.0399,0.1157,0.0732,0.3348,0.1832
3592,-118.135,33.975,0.5626,0.2058,0.3812,0.168,0.2429,0.1127,0.4153,0.141,0.5812,0.2715,0.0601,0.0377,0.1091,0.0681,0.3249,0.1736
3593,-118.125,33.975,0.5659,0.2046,0.3809,0.1676,0.2446,0.1123,0.4207,0.138,0.5662,0.255,0.0604,0.0387,0.1091,0.0683,0.3197,0.1682
3594,-118.115,33.975,0.5982,0.2342,0.3856,0.1717,0.25,0.1144,0.4291,0.1385,0.5829,0.2756,0.0614,0.0407,0.111,0.0701,0.3278,0.1743
3595,-118.105,33.975,0.6209,0.257,0.3915,0.1776,0.2606,0.1203,0.4364,0.1445,0.5873,0.2854,0.0634,0.0444,0.1159,0.0744,0.3354,0.1805
3596,-118.095,33.975,0.6343,0.2674,0.3926,0.1796,0.2663,0.123,0.4329,0.1477,0.5786,0.2791,0.0639,0.0469,0.1182,0.0767,0.3382,0.1824
3597,-118.085,33.975,0.6477,0.2779,0.3888,0.1777,0.2672,0.1225,0.4187,0.1483,0.5687,0.2721,0.063,0.0482,0.1179,0.0767,0.3351,0.1788
3598,-118.075,33.975,0.6604,0.2855,0.3624,0.1588,0.2545,0.1134,0.39,0.1404,0.556,0.262,0.0587,0.0456,0.1106,0.0708,0.3255,0.1693
3599,-118.065,33.975,0.642,0.2467,0.3352,0.1394,0.2402,0.1036,0.3622,0.1324,0.5029,0.21,0.0545,0.0425,0.1025,0.0643,0.3032,0.15
3600,-118.055,33.975,0.6554,0.25,0.3266,0.1349,0.2323,0.0985,0.354,0.1325,0.4877,0.1999,0.0531,0.0412,0.0978,0.0607,0.2894,0.1381
3601,-118.045,33.975,0.6703,0.2529,0.3183,0.1307,0.226,0.0948,0.3452,0.1326,0.4747,0.1918,0.0524,0.0402,0.0941,0.0579,0.2818,0.1317
3602,-118.035,33.975,0.6799,0.2504,0.3102,0.1268,0.2214,0.0925,0.3358,0.1328,0.4618,0.184,0.0525,0.0397,0.0912,0.0558,0.2745,0.1257
3603,-118.025,33.975,0.6554,0.2213,0.2916,0.1166,0.2171,0.0904,0.3201,0.1289,0.4319,0.1641,0.0529,0.0388,0.0889,0.0542,0.2668,0.1197
3604,-118.015,33.975,0.6323,0.1993,0.2734,0.1068,0.2136,0.0888,0.3041,0.1243,0.4195,0.1576,0.0536,0.0379,0.087,0.0529,0.2647,0.1177
3605,-118.005,33.975,0.6129,0.182,0.2678,0.1048,0.2133,0.0892,0.2933,0.1203,0.417,0.1582,0.0547,0.0374,0.0868,0.0529,0.267,0.1189
3606,-117.995,33.975,0.5906,0.164,0.262,0.1027,0.2152,0.091,0.2857,0.1175,0.4155,0.1595,0.0563,0.0374,0.0876,0.0538,0.2726,0.1224
3607,-117.985,33.975,0.5676,0.1464,0.256,0.1005,0.2194,0.0943,0.2813,0.1158,0.4145,0.1612,0.0583,0.0378,0.0895,0.0555,0.282,0.1289
3608,-117.975,33.975,0.5481,0.1314,0.251,0.0989,0.2191,0.0948,0.272,0.1107,0.4164,0.1649,0.0588,0.0371,0.0895,0.0557,0.2893,0.1339
3609,-117.965,33.975,0.5267,0.1161,0.2459,0.0971,0.218,0.0949,0.2624,0.1054,0.4144,0.1659,0.059,0.0362,0.0893,0.0558,0.2948,0.1376
3610,-117.955,33.975,0.5047,0.1023,0.2388,0.0941,0.218,0.0955,0.2559,0.102,0.4096,0.1647,0.0594,0.0359,0.09,0.0566,0.2989,0.1401
3611,-117.945,33.975,0.4849,0.0924,0.2322,0.0914,0.2173,0.0956,0.2506,0.0992,0.4057,0.164,0.0596,0.0355,0.0906,0.0573,0.3041,0.1436
3612,-117.935,33.975,0.463,0.086,0.2261,0.089,0.2161,0.0952,0.2466,0.097,0.3997,0.1618,0.0593,0.035,0.0909,0.0578,0.3067,0.1448
3613,-117.925,33.975,0.4395,0.0822,0.2213,0.0873,0.2145,0.0947,0.246,0.0967,0.392,0.1581,0.0592,0.035,0.0913,0.0583,0.3091,0.1458
3614,-117.915,33.975,0.4236,0.0828,0.2176,0.0861,0.2132,0.0944,0.2463,0.0969,0.3905,0.1592,0.0592,0.0352,0.0917,0.0589,0.3121,0.1474
3615,-117.905,33.975,0.4126,0.0854,0.2175,0.0871,0.2134,0.095,0.2481,0.0983,0.3921,0.1627,0.0602,0.0363,0.0929,0.0601,0.3162,0.1499
3616,-117.895,33.975,0.3862,0.0815,0.211,0.0843,0.2104,0.0936,0.2463,0.098,0.3767,0.1532,0.06,0.0366,0.0924,0.0599,0.3133,0.1468
3617,-117.885,33.975,0.3568,0.0761,0.1983,0.0777,0.2043,0.0901,0.241,0.0958,0.3564,0.1405,0.0586,0.0359,0.0904,0.0584,0.308,0.142
3618,-117.875,33.975,0.3361,0.0737,0.1917,0.0749,0.1991,0.0874,0.2374,0.0949,0.3428,0.133,0.0574,0.0352,0.0888,0.0573,0.3027,0.1372
3619,-117.865,33.975,0.3196,0.0725,0.1865,0.0728,0.1943,0.0848,0.2344,0.0946,0.3318,0.1275,0.0561,0.0345,0.0873,0.0562,0.2997,0.1342
3620,-117.855,33.975,0.304,0.0712,0.1819,0.071,0.1899,0.0825,0.2329,0.0952,0.3205,0.1219,0.0549,0.0338,0.0859,0.0553,0.2966,0.1313
3621,-117.845,33.975,0.2888,0.0696,0.1771,0.0691,0.1857,0.0803,0.2317,0.0961,0.3088,0.1162,0.0537,0.033,0.0846,0.0544,0.2938,0.1286
3622,-117.835,33.975,0.2736,0.0674,0.1722,0.0672,0.1816,0.0783,0.2308,0.0972,0.2972,0.1106,0.0524,0.0321,0.0833,0.0535,0.291,0.1259
3623,-117.825,33.975,0.2584,0.0645,0.1674,0.0652,0.1775,0.0762,0.2297,0.0981,0.2855,0.1051,0.0512,0.0312,0.0817,0.0524,0.2881,0.1233
3624,-117.815,33.975,0.245,0.0619,0.163,0.0635,0.1739,0.0745,0.2293,0.0994,0.2765,0.1012,0.0503,0.0306,0.0804,0.0515,0.2879,0.1225
3625,-117.805,33.975,0.2349,0.0604,0.1607,0.063,0.1733,0.0745,0.232,0.1025,0.2711,0.0994,0.0505,0.0309,0.0804,0.0517,0.2904,0.1237
3626,-117.795,33.975,0.2254,0.0589,0.1584,0.0624,0.1725,0.0744,0.2341,0.1051,0.2669,0.0983,0.0507,0.0313,0.0802,0.0518,0.2944,0.1259
3627,-117.785,33.975,0.2162,0.0573,0.1559,0.0617,0.1715,0.0741,0.2355,0.1072,0.2633,0.0974,0.0508,0.0318,0.0799,0.0517,0.2992,0.1287
3628,-117.775,33.975,0.2075,0.0557,0.1532,0.0609,0.1705,0.0738,0.2362,0.1088,0.2602,0.0969,0.0508,0.0325,0.0795,0.0515,0.3049,0.132
3629,-117.765,33.975,0.1995,0.0542,0.1504,0.06,0.1695,0.0736,0.2367,0.1102,0.2576,0.0967,0.0508,0.0333,0.079,0.0514,0.3112,0.1359
3630,-117.755,33.975,0.1921,0.0528,0.1476,0.0591,0.1686,0.0734,0.2367,0.1111,0.2553,0.0966,0.0508,0.0341,0.0785,0.0511,0.3181,0.1401
3631,-117.745,33.975,0.1853,0.0516,0.1448,0.0582,0.1685,0.0736,0.2366,0.1115,0.2534,0.0968,0.051,0.035,0.0783,0.0512,0.3257,0.1449
3632,-117.735,33.975,0.1792,0.0505,0.1419,0.0572,0.169,0.0742,0.2364,0.1116,0.2517,0.097,0.0515,0.0361,0.0784,0.0514,0.3346,0.1507
3633,-117.725,33.975,0.1737,0.0496,0.1409,0.0573,0.1703,0.0754,0.237,0.1121,0.2503,0.0974,0.0521,0.0371,0.0789,0.052,0.345,0.1578
3634,-117.715,33.975,0.173,0.0506,0.1405,0.0577,0.1721,0.0769,0.2381,0.1129,0.2549,0.1015,0.0529,0.038,0.0795,0.0528,0.3575,0.1667
3635,-117.705,33.975,0.1714,0.0512,0.1412,0.0587,0.1754,0.0792,0.2413,0.1148,0.2583,0.1049,0.054,0.0388,0.0808,0.0541,0.3712,0.1768
3636,-117.695,33.975,0.1697,0.0517,0.1405,0.0589,0.1771,0.0807,0.2422,0.1151,0.2613,0.1083,0.0545,0.0389,0.0812,0.0546,0.3845,0.1867
3637,-117.685,33.975,0.1653,0.051,0.1385,0.0583,0.1772,0.0811,0.2408,0.1139,0.2607,0.1091,0.0542,0.0382,0.0807,0.0543,0.3945,0.1939
3638,-117.675,33.975,0.1606,0.0501,0.1364,0.0577,0.1769,0.0813,0.2385,0.1121,0.2593,0.1096,0.0535,0.0371,0.0799,0.0539,0.4034,0.2002
3639,-117.665,33.975,0.1558,0.0491,0.1344,0.057,0.1764,0.0814,0.236,0.1104,0.2573,0.1096,0.0527,0.036,0.079,0.0533,0.4118,0.2061
3640,-117.655,33.975,0.1511,0.0481,0.1325,0.0564,0.1761,0.0816,0.2332,0.1087,0.2552,0.1094,0.0518,0.0348,0.0783,0.0528,0.42,0.2118
3641,-118.945,33.985,0.052,0.018,0.0682,0.0299,0.1175,0.0491,0.2502,0.0839,0.1022,0.0346,0.0144,0.0118,0.0935,0.0453,0.1032,0.0428
3642,-118.935,33.985,0.0529,0.0183,0.0695,0.0305,0.1187,0.0494,0.2509,0.0843,0.1041,0.0352,0.0143,0.0117,0.0934,0.0452,0.1036,0.0429
3643,-118.925,33.985,0.0537,0.0185,0.0708,0.031,0.1198,0.0498,0.2514,0.0846,0.1061,0.0358,0.0143,0.0116,0.0933,0.0452,0.1041,0.0431
3644,-118.915,33.985,0.0546,0.0188,0.0722,0.0316,0.121,0.0502,0.2518,0.0848,0.1083,0.0364,0.0143,0.0115,0.0932,0.0452,0.1047,0.0433
3645,-118.905,33.985,0.0555,0.019,0.0737,0.0322,0.1221,0.0506,0.2521,0.0849,0.1106,0.0371,0.0142,0.0114,0.0931,0.0451,0.1052,0.0435
3646,-118.895,33.985,0.0564,0.0192,0.0752,0.0329,0.1232,0.051,0.2525,0.0849,0.1129,0.0379,0.0142,0.0113,0.0929,0.0451,0.1058,0.0437
3647,-118.885,33.985,0.0573,0.0195,0.0767,0.0335,0.1244,0.0514,0.2528,0.0848,0.1153,0.0386,0.0141,0.0112,0.0928,0.045,0.1064,0.0439
3648,-118.875,33.985,0.0582,0.0197,0.0783,0.0342,0.1256,0.0518,0.2531,0.0846,0.1178,0.0394,0.0141,0.0112,0.0926,0.045,0.107,0.0441
3649,-118.865,33.985,0.0591,0.02,0.08,0.035,0.1268,0.0522,0.2534,0.0843,0.1205,0.0402,0.0141,0.0111,0.0925,0.0449,0.1075,0.0443
3650,-118.855,33.985,0.06,0.0202,0.0818,0.0358,0.1279,0.0526,0.2536,0.0838,0.1232,0.041,0.014,0.0111,0.0923,0.0449,0.1081,0.0445
3651,-118.845,33.985,0.0609,0.0204,0.0836,0.0366,0.1291,0.053,0.2539,0.0833,0.126,0.0419,0.014,0.011,0.0921,0.0448,0.1086,0.0447
3652,-118.835,33.985,0.0618,0.0207,0.0855,0.0374,0.1303,0.0534,0.2541,0.0827,0.1289,0.0428,0.0139,0.011,0.0919,0.0447,0.1091,0.0448
3653,-118.825,33.985,0.0628,0.0209,0.0874,0.0382,0.1346,0.0556,0.2599,0.0848,0.1319,0.0437,0.0143,0.0113,0.094,0.0462,0.1109,0.0457
3654,-118.815,33.985,0.0637,0.0211,0.0894,0.0391,0.139,0.0579,0.2658,0.0871,0.1349,0.0446,0.0146,0.0117,0.096,0.0476,0.113,0.0467
3655,-118.805,33.985,0.0646,0.0213,0.0913,0.04,0.1402,0.0584,0.2669,0.0873,0.1379,0.0454,0.0146,0.0116,0.0958,0.0475,0.114,0.0471
3656,-118.795,33.985,0.0655,0.0216,0.0933,0.0408,0.1394,0.0577,0.2655,0.0864,0.1408,0.0461,0.0144,0.0114,0.0942,0.0465,0.112,0.0458
3657,-118.785,33.985,0.0664,0.0218,0.0951,0.0416,0.1367,0.0559,0.2616,0.0845,0.1438,0.0469,0.0141,0.011,0.0914,0.0447,0.111,0.0451
3658,-118.775,33.985,0.0673,0.022,0.0969,0.0423,0.1372,0.0559,0.2639,0.0857,0.1471,0.0477,0.0141,0.011,0.0907,0.0443,0.1108,0.0448
3659,-118.765,33.985,0.0682,0.0222,0.0985,0.0429,0.1383,0.0563,0.2678,0.0875,0.1508,0.0487,0.0143,0.011,0.0905,0.0442,0.1112,0.0448
3660,-118.755,33.985,0.0691,0.0223,0.1001,0.0435,0.1394,0.0567,0.2724,0.0893,0.155,0.0499,0.0145,0.0111,0.0902,0.0441,0.1117,0.0448
3661,-118.745,33.985,0.07,0.0225,0.1016,0.044,0.1405,0.0571,0.2775,0.0912,0.1596,0.0512,0.0147,0.0113,0.09,0.044,0.1124,0.0451
3662,-118.735,33.985,0.0708,0.0227,0.103,0.0445,0.1415,0.0575,0.283,0.093,0.1645,0.0527,0.015,0.0114,0.0897,0.044,0.1132,0.0453
3663,-118.725,33.985,0.0718,0.0229,0.1046,0.0451,0.1425,0.0579,0.2893,0.0948,0.1699,0.0544,0.0153,0.0115,0.0894,0.0439,0.1142,0.0457
3664,-118.715,33.985,0.0728,0.0231,0.1061,0.0456,0.1435,0.0583,0.296,0.0966,0.1757,0.0562,0.0156,0.0117,0.0892,0.0438,0.1152,0.046
3665,-118.705,33.985,0.0738,0.0234,0.1078,0.0462,0.1444,0.0586,0.3036,0.0985,0.1818,0.0581,0.0159,0.0119,0.0889,0.0437,0.1162,0.0464
3666,-118.695,33.985,0.075,0.0237,0.1095,0.0468,0.1452,0.059,0.312,0.1005,0.1884,0.0602,0.0162,0.0121,0.0886,0.0436,0.1172,0.0469
3667,-118.685,33.985,0.0763,0.024,0.1112,0.0474,0.146,0.0593,0.3212,0.1026,0.1952,0.0624,0.0165,0.0123,0.0883,0.0435,0.1183,0.0473
3668,-118.675,33.985,0.0777,0.0244,0.1131,0.0481,0.1468,0.0596,0.3321,0.1048,0.2025,0.0647,0.0168,0.0125,0.088,0.0434,0.1194,0.0478
3669,-118.665,33.985,0.0793,0.0248,0.115,0.0488,0.1475,0.0599,0.3437,0.1072,0.2104,0.0672,0.0171,0.0127,0.0877,0.0433,0.1206,0.0483
3670,-118.655,33.985,0.081,0.0253,0.1171,0.0496,0.148,0.0601,0.3565,0.1097,0.2186,0.0699,0.0174,0.013,0.0874,0.0432,0.1218,0.0488
3671,-118.645,33.985,0.0827,0.0258,0.1193,0.0505,0.1486,0.0603,0.3699,0.1124,0.2275,0.0728,0.0176,0.0132,0.0871,0.0431,0.1231,0.0494
3672,-118.635,33.985,0.0845,0.0263,0.1216,0.0514,0.1491,0.0606,0.3838,0.1152,0.2369,0.0759,0.0178,0.0134,0.0868,0.043,0.1244,0.05
3673,-118.625,33.985,0.0864,0.0268,0.124,0.0524,0.1496,0.0608,0.3982,0.1182,0.247,0.0793,0.018,0.0136,0.0865,0.0428,0.1259,0.0507
3674,-118.615,33.985,0.0883,0.0273,0.1266,0.0534,0.15,0.061,0.4128,0.1214,0.2579,0.0831,0.0182,0.0138,0.0862,0.0427,0.1276,0.0515
3675,-118.605,33.985,0.0902,0.0279,0.1293,0.0545,0.1505,0.0612,0.4273,0.1249,0.2697,0.0871,0.0183,0.0141,0.0858,0.0426,0.1293,0.0523
3676,-118.595,33.985,0.0921,0.0284,0.1321,0.0557,0.1508,0.0614,0.4417,0.1286,0.2824,0.0916,0.0184,0.0143,0.0855,0.0425,0.1312,0.0533
3677,-118.585,33.985,0.094,0.029,0.135,0.0569,0.1511,0.0616,0.4559,0.1325,0.296,0.0964,0.0186,0.0146,0.0852,0.0424,0.1332,0.0543
3678,-118.575,33.985,0.0959,0.0295,0.1381,0.0583,0.1512,0.0617,0.4695,0.1366,0.3106,0.1016,0.0187,0.0149,0.0848,0.0423,0.1353,0.0554
3679,-118.565,33.985,0.0978,0.03,0.1414,0.0597,0.1513,0.0618,0.4827,0.1408,0.3264,0.1074,0.0188,0.0153,0.0845,0.0421,0.1376,0.0566
3680,-118.555,33.985,0.0997,0.0306,0.1449,0.0612,0.1512,0.0618,0.4947,0.1451,0.343,0.1135,0.019,0.0157,0.0841,0.042,0.1399,0.0578
3681,-118.545,33.985,0.1016,0.0311,0.1485,0.0629,0.1509,0.0618,0.5055,0.1494,0.3606,0.12,0.0191,0.0161,0.0837,0.0419,0.1423,0.059
3682,-118.535,33.985,0.1034,0.0316,0.1524,0.0646,0.1505,0.0618,0.5153,0.1538,0.3788,0.1267,0.0193,0.0166,0.0834,0.0418,0.1447,0.0602
3683,-118.525,33.985,0.1052,0.0321,0.1565,0.0665,0.15,0.0617,0.5221,0.1579,0.3976,0.1337,0.0194,0.0171,0.083,0.0416,0.1469,0.0614
3684,-118.515,33.985,0.1069,0.0325,0.1607,0.0685,0.15,0.062,0.5286,0.1628,0.4168,0.1407,0.0197,0.0178,0.083,0.0418,0.1495,0.0627
3685,-118.505,33.985,0.1084,0.0329,0.1652,0.0706,0.1529,0.0641,0.5368,0.1714,0.4358,0.1475,0.0204,0.019,0.0848,0.0431,0.1546,0.0654
3686,-118.495,33.985,0.1172,0.0366,0.1887,0.0855,0.1797,0.0821,0.5923,0.2176,0.475,0.1689,0.0253,0.0257,0.1018,0.0556,0.1719,0.0754
3687,-118.485,33.985,0.1733,0.0619,0.2313,0.1131,0.2305,0.116,0.6949,0.3014,0.626,0.2807,0.0344,0.0377,0.1338,0.0792,0.2064,0.0972
3688,-118.475,33.985,0.1889,0.0687,0.274,0.1426,0.2413,0.125,0.6882,0.3209,0.6767,0.318,0.0373,0.042,0.1423,0.0858,0.238,0.1187
3689,-118.465,33.985,0.1937,0.0707,0.3104,0.168,0.2427,0.1279,0.6581,0.3254,0.6957,0.3342,0.0388,0.0444,0.1454,0.0885,0.2587,0.1339
3690,-118.455,33.985,0.1946,0.0704,0.3158,0.1715,0.2378,0.1269,0.6234,0.3204,0.7091,0.3421,0.0397,0.0454,0.1455,0.0889,0.262,0.1357
3691,-118.445,33.985,0.1922,0.0683,0.3187,0.1732,0.2314,0.1248,0.5943,0.3146,0.7181,0.3414,0.0406,0.046,0.1448,0.0887,0.2612,0.1341
3692,-118.435,33.985,0.1934,0.0677,0.3193,0.1728,0.2235,0.1218,0.5706,0.3082,0.725,0.342,0.0414,0.0463,0.1435,0.0878,0.2607,0.1329
3693,-118.425,33.985,0.198,0.0685,0.3165,0.1696,0.2199,0.1218,0.557,0.305,0.7293,0.3418,0.043,0.0474,0.1436,0.0881,0.2603,0.1319
3694,-118.415,33.985,0.2084,0.0717,0.3124,0.1655,0.217,0.1221,0.545,0.3004,0.7308,0.3435,0.0446,0.0482,0.1433,0.0881,0.2589,0.1302
3695,-118.405,33.985,0.2156,0.073,0.3059,0.16,0.2131,0.1205,0.5306,0.2849,0.7263,0.3334,0.0447,0.0468,0.1395,0.0853,0.2542,0.126
3696,-118.395,33.985,0.2216,0.0732,0.2984,0.154,0.2041,0.1145,0.5065,0.2583,0.7149,0.3161,0.0427,0.0429,0.1312,0.0789,0.2474,0.1202
3697,-118.385,33.985,0.2157,0.0675,0.2901,0.1473,0.1902,0.1041,0.4727,0.2204,0.6835,0.2764,0.0387,0.0364,0.1185,0.0689,0.2392,0.1136
3698,-118.375,33.985,0.2268,0.07,0.29,0.1478,0.1916,0.1057,0.4647,0.206,0.6668,0.264,0.0383,0.0343,0.116,0.0672,0.2311,0.1071
3699,-118.365,33.985,0.243,0.0752,0.2921,0.1502,0.196,0.1097,0.4616,0.1969,0.6554,0.2609,0.0388,0.0333,0.1156,0.0671,0.2343,0.1089
3700,-118.355,33.985,0.2563,0.0794,0.2957,0.1543,0.2002,0.1135,0.4567,0.1897,0.6463,0.2606,0.0393,0.0328,0.1148,0.0667,0.2397,0.1128
3701,-118.345,33.985,0.2675,0.083,0.3022,0.161,0.2086,0.1213,0.4595,0.1895,0.6403,0.2635,0.0408,0.0333,0.1168,0.0685,0.2495,0.1203
3702,-118.335,33.985,0.2911,0.0936,0.3114,0.1704,0.2213,0.1331,0.47,0.1963,0.6504,0.2856,0.0431,0.0347,0.1216,0.0725,0.2653,0.1325
3703,-118.325,33.985,0.3253,0.111,0.3268,0.1863,0.2371,0.1489,0.4866,0.2076,0.6673,0.3231,0.0459,0.0362,0.1284,0.0782,0.2889,0.1519
3704,-118.315,33.985,0.3389,0.1172,0.3418,0.202,0.2516,0.1637,0.5022,0.2173,0.6671,0.3333,0.0483,0.0372,0.1342,0.0833,0.3033,0.1643
3705,-118.305,33.985,0.3511,0.1224,0.3491,0.2104,0.2562,0.1692,0.5077,0.2152,0.6728,0.3445,0.0483,0.0359,0.134,0.0834,0.3144,0.174
3706,-118.295,33.985,0.3624,0.1268,0.3566,0.2188,0.2593,0.1729,0.5113,0.2114,0.6764,0.3519,0.0481,0.0346,0.133,0.0829,0.3238,0.1823
3707,-118.285,33.985,0.3727,0.1301,0.3644,0.2274,0.261,0.1746,0.5133,0.2058,0.6779,0.355,0.0475,0.0332,0.1312,0.0817,0.3299,0.1874
3708,-118.275,33.985,0.3822,0.1326,0.3692,0.2311,0.2624,0.1748,0.5058,0.1988,0.6773,0.354,0.047,0.0325,0.1291,0.0802,0.3321,0.1887
3709,-118.265,33.985,0.3934,0.1358,0.3739,0.234,0.264,0.1746,0.4963,0.1918,0.6749,0.3521,0.0466,0.0321,0.1272,0.0789,0.3338,0.1893
3710,-118.255,33.985,0.4056,0.1393,0.381,0.2374,0.267,0.1749,0.4861,0.1862,0.6705,0.3489,0.0472,0.0328,0.1261,0.0783,0.3352,0.1898
3711,-118.245,33.985,0.4184,0.143,0.3879,0.2395,0.2696,0.1744,0.4778,0.1811,0.6634,0.3433,0.0481,0.0338,0.1249,0.0776,0.3362,0.1897
3712,-118.235,33.985,0.4323,0.1474,0.3947,0.2402,0.2716,0.1731,0.4714,0.1766,0.6547,0.3366,0.0494,0.0353,0.1238,0.0769,0.337,0.1895
3713,-118.225,33.985,0.448,0.1529,0.3988,0.2375,0.2723,0.171,0.4708,0.1759,0.6458,0.3303,0.0508,0.0368,0.1228,0.0764,0.3377,0.1892
3714,-118.215,33.985,0.4663,0.1604,0.4016,0.2333,0.2724,0.1687,0.4719,0.1763,0.6417,0.3262,0.0524,0.0382,0.1219,0.0759,0.3385,0.1891
3715,-118.205,33.985,0.4863,0.1691,0.4002,0.225,0.2705,0.1662,0.4757,0.1784,0.6415,0.3249,0.0542,0.0394,0.1211,0.0755,0.3394,0.1891
3716,-118.195,33.985,0.5074,0.1789,0.3977,0.2158,0.2678,0.1592,0.4789,0.1793,0.6414,0.3242,0.0562,0.0404,0.1204,0.0752,0.3405,0.1893
3717,-118.185,33.985,0.5278,0.1888,0.394,0.2057,0.2646,0.1475,0.4815,0.1789,0.641,0.3231,0.0583,0.0411,0.1198,0.075,0.3418,0.1898
3718,-118.175,33.985,0.5467,0.199,0.3909,0.1985,0.2629,0.1402,0.4834,0.1763,0.6414,0.3236,0.0603,0.0407,0.1196,0.0751,0.3434,0.1907
3719,-118.165,33.985,0.5639,0.209,0.3866,0.1911,0.2615,0.1341,0.4839,0.1727,0.6416,0.3243,0.0622,0.0401,0.1192,0.0751,0.3449,0.1914
3720,-118.155,33.985,0.5771,0.2163,0.3766,0.1801,0.2595,0.1289,0.4783,0.1668,0.6391,0.3209,0.0637,0.039,0.1175,0.074,0.3404,0.1867
3721,-118.145,33.985,0.57,0.2035,0.3615,0.166,0.2492,0.1189,0.4592,0.1536,0.613,0.2883,0.0619,0.0363,0.1113,0.0692,0.3253,0.1726
3722,-118.135,33.985,0.5657,0.1946,0.3415,0.1489,0.2307,0.1038,0.4268,0.1333,0.5896,0.2615,0.0568,0.0321,0.1005,0.0606,0.3123,0.1606
3723,-118.125,33.985,0.578,0.2014,0.3386,0.146,0.2326,0.1031,0.4292,0.1311,0.5841,0.2562,0.0576,0.0331,0.1007,0.061,0.308,0.1562
3724,-118.115,33.985,0.6055,0.2233,0.3419,0.1482,0.2409,0.1068,0.4399,0.1347,0.5937,0.2686,0.06,0.0359,0.1044,0.0642,0.3179,0.1637
3725,-118.105,33.985,0.6405,0.2585,0.3585,0.1609,0.2603,0.1184,0.4562,0.1489,0.6116,0.2948,0.0647,0.0422,0.1141,0.0726,0.3325,0.1759
3726,-118.095,33.985,0.6567,0.272,0.3657,0.1668,0.2709,0.124,0.4559,0.1569,0.6054,0.293,0.0668,0.0463,0.1192,0.0771,0.3404,0.1824
3727,-118.085,33.985,0.6693,0.2814,0.3636,0.1657,0.2728,0.1239,0.439,0.1588,0.5942,0.2852,0.0663,0.0483,0.1198,0.0779,0.3391,0.1806
3728,-118.075,33.985,0.68,0.2856,0.3418,0.1501,0.2555,0.1117,0.4021,0.1467,0.5789,0.2721,0.0606,0.0448,0.1104,0.0703,0.3285,0.1701
3729,-118.065,33.985,0.6652,0.2503,0.3176,0.1331,0.2369,0.0989,0.3664,0.1342,0.53,0.2227,0.0549,0.0408,0.1002,0.0621,0.3026,0.148
3730,-118.055,33.985,0.6682,0.244,0.3016,0.1235,0.231,0.0952,0.3565,0.1343,0.5058,0.2048,0.0542,0.0401,0.0967,0.0595,0.2863,0.1343
3731,-118.045,33.985,0.6739,0.24,0.2882,0.1159,0.2239,0.0912,0.3426,0.1322,0.4861,0.1918,0.0534,0.0389,0.0926,0.0564,0.2764,0.1263
3732,-118.035,33.985,0.6656,0.2242,0.2774,0.1102,0.2157,0.0868,0.3247,0.1282,0.458,0.1734,0.0524,0.0372,0.0879,0.0529,0.2656,0.1179
3733,-118.025,33.985,0.6379,0.1977,0.2665,0.1046,0.2116,0.085,0.307,0.1237,0.4267,0.1541,0.0532,0.0365,0.0857,0.0513,0.257,0.1115
3734,-118.015,33.985,0.6329,0.1901,0.2567,0.0998,0.2095,0.0845,0.2912,0.1195,0.4277,0.1571,0.0544,0.0361,0.0844,0.0506,0.2574,0.1112
3735,-118.005,33.985,0.6159,0.176,0.2529,0.0987,0.2131,0.0873,0.2842,0.1179,0.4277,0.1596,0.0566,0.0368,0.0858,0.0519,0.2634,0.115
3736,-117.995,33.985,0.5932,0.1591,0.251,0.0988,0.2182,0.0912,0.2793,0.1167,0.4287,0.1629,0.0591,0.0376,0.088,0.0538,0.2723,0.1209
3737,-117.985,33.985,0.5791,0.1477,0.251,0.1,0.2248,0.0961,0.2764,0.116,0.4398,0.1739,0.0619,0.0387,0.0909,0.0563,0.2865,0.131
3738,-117.975,33.985,0.5653,0.1364,0.2445,0.0973,0.2246,0.0969,0.2657,0.11,0.4518,0.1863,0.0625,0.0382,0.0908,0.0564,0.2967,0.1383
3739,-117.965,33.985,0.5238,0.1096,0.2373,0.0941,0.2232,0.097,0.2544,0.1035,0.4325,0.1739,0.0629,0.0374,0.0903,0.0563,0.3035,0.1432
3740,-117.955,33.985,0.5054,0.0954,0.233,0.0927,0.2236,0.098,0.2479,0.0998,0.4313,0.1757,0.0639,0.0374,0.0912,0.0572,0.3083,0.1464
3741,-117.945,33.985,0.4898,0.0848,0.2289,0.0914,0.2233,0.0985,0.2431,0.097,0.4305,0.1778,0.0643,0.0373,0.0919,0.058,0.3157,0.1516
3742,-117.935,33.985,0.468,0.0798,0.225,0.0902,0.2222,0.0984,0.24,0.0949,0.4247,0.1758,0.0641,0.0371,0.0923,0.0586,0.3186,0.1531
3743,-117.925,33.985,0.4413,0.0777,0.2193,0.0878,0.219,0.097,0.2394,0.0942,0.4144,0.1701,0.0633,0.0367,0.0918,0.0584,0.3201,0.1533
3744,-117.915,33.985,0.4187,0.0773,0.2139,0.0856,0.2167,0.0962,0.2407,0.0948,0.4059,0.1659,0.0629,0.0367,0.0918,0.0586,0.3218,0.1536
3745,-117.905,33.985,0.4065,0.0802,0.212,0.0855,0.2211,0.0995,0.2484,0.0996,0.4053,0.1677,0.065,0.0388,0.0949,0.0614,0.3264,0.1564
3746,-117.895,33.985,0.3886,0.0806,0.2057,0.0827,0.2193,0.0989,0.2488,0.1007,0.3973,0.1639,0.0648,0.0393,0.095,0.0618,0.324,0.1536
3747,-117.885,33.985,0.363,0.0771,0.1949,0.0772,0.2115,0.0944,0.2418,0.0979,0.3788,0.1522,0.0625,0.0382,0.0922,0.0596,0.3185,0.1484
3748,-117.875,33.985,0.339,0.0739,0.1886,0.0745,0.2049,0.0908,0.2367,0.0964,0.3608,0.1415,0.0602,0.0371,0.09,0.0579,0.3123,0.1426
3749,-117.865,33.985,0.3213,0.0724,0.1832,0.0722,0.1988,0.0875,0.2323,0.0955,0.3477,0.1347,0.0581,0.036,0.0879,0.0565,0.3084,0.1389
3750,-117.855,33.985,0.3032,0.0703,0.1775,0.0698,0.1937,0.0847,0.2302,0.0959,0.3333,0.1271,0.056,0.0352,0.0864,0.0554,0.3049,0.1356
3751,-117.845,33.985,0.2879,0.0688,0.1722,0.0675,0.1885,0.0819,0.2283,0.0964,0.3214,0.1214,0.0539,0.0341,0.0847,0.0542,0.3019,0.1327
3752,-117.835,33.985,0.2724,0.0666,0.1674,0.0656,0.1832,0.079,0.2264,0.097,0.3092,0.1155,0.0517,0.033,0.0829,0.0529,0.2989,0.1298
3753,-117.825,33.985,0.2561,0.0634,0.1628,0.0638,0.1779,0.0762,0.2245,0.0973,0.2966,0.1094,0.0497,0.0319,0.081,0.0515,0.2954,0.1267
3754,-117.815,33.985,0.2416,0.0605,0.1587,0.0622,0.1736,0.074,0.2236,0.0981,0.2862,0.1049,0.0481,0.0311,0.0795,0.0505,0.2957,0.1262
3755,-117.805,33.985,0.2328,0.0595,0.1566,0.0617,0.1737,0.0744,0.2276,0.102,0.2825,0.1042,0.0486,0.0317,0.08,0.0511,0.2992,0.1281
3756,-117.795,33.985,0.2234,0.058,0.1544,0.0612,0.1734,0.0745,0.2304,0.1049,0.2787,0.1035,0.049,0.0322,0.0801,0.0514,0.3042,0.131
3757,-117.785,33.985,0.2141,0.0564,0.1521,0.0605,0.1725,0.0743,0.2319,0.1071,0.275,0.1028,0.0494,0.0328,0.08,0.0515,0.3097,0.1344
3758,-117.775,33.985,0.2053,0.0547,0.1495,0.0598,0.1716,0.0741,0.2323,0.1082,0.2717,0.1022,0.0496,0.0335,0.0797,0.0514,0.3158,0.138
3759,-117.765,33.985,0.1972,0.0532,0.1468,0.0589,0.1707,0.0738,0.2322,0.1091,0.2687,0.1019,0.0498,0.0343,0.0793,0.0513,0.3225,0.1421
3760,-117.755,33.985,0.1898,0.0518,0.144,0.058,0.17,0.0737,0.2315,0.1093,0.2662,0.1018,0.05,0.0351,0.0788,0.0511,0.3299,0.1467
3761,-117.745,33.985,0.1837,0.0508,0.1423,0.0576,0.1706,0.0744,0.2321,0.1102,0.2647,0.1023,0.0507,0.0362,0.079,0.0514,0.3384,0.1523
3762,-117.735,33.985,0.1811,0.0512,0.1416,0.0579,0.1726,0.0759,0.234,0.1119,0.2672,0.1052,0.0519,0.0377,0.0799,0.0524,0.3498,0.1602
3763,-117.725,33.985,0.1739,0.0496,0.1406,0.058,0.1751,0.0778,0.2359,0.1135,0.2631,0.1042,0.0533,0.039,0.0809,0.0534,0.3619,0.1688
3764,-117.715,33.985,0.1764,0.052,0.1396,0.058,0.1775,0.0795,0.2375,0.1148,0.2719,0.1111,0.0545,0.04,0.0818,0.0544,0.3755,0.1788
3765,-117.705,33.985,0.1736,0.0521,0.1383,0.0579,0.1789,0.0808,0.2377,0.1149,0.2732,0.1134,0.0551,0.0401,0.0821,0.0548,0.3894,0.1893
3766,-117.695,33.985,0.1695,0.0516,0.1368,0.0576,0.1798,0.0817,0.2373,0.1146,0.2728,0.1146,0.0554,0.0397,0.0821,0.055,0.4016,0.1984
3767,-117.685,33.985,0.1654,0.051,0.1349,0.0571,0.1803,0.0824,0.2362,0.1136,0.2722,0.1157,0.0553,0.039,0.0817,0.055,0.4125,0.2064
3768,-117.675,33.985,0.1609,0.0502,0.1328,0.0564,0.1801,0.0826,0.2342,0.1122,0.2704,0.1159,0.0546,0.0379,0.081,0.0545,0.4213,0.2126
3769,-117.665,33.985,0.1558,0.049,0.1307,0.0557,0.1797,0.0828,0.2319,0.1106,0.2669,0.115,0.0537,0.0367,0.0802,0.054,0.4286,0.2176
3770,-117.655,33.985,0.1509,0.0479,0.1287,0.055,0.1791,0.0828,0.229,0.1089,0.2634,0.1139,0.0526,0.0355,0.0793,0.0534,0.4354,0.222
3771,-118.945,33.995,0.0523,0.0181,0.0681,0.0299,0.1195,0.0499,0.2566,0.0859,0.1014,0.0341,0.0144,0.0118,0.0948,0.0457,0.1033,0.0425
3772,-118.935,33.995,0.0531,0.0184,0.0693,0.0305,0.1207,0.0503,0.2572,0.0864,0.1033,0.0347,0.0144,0.0116,0.0947,0.0457,0.1039,0.0427
3773,-118.925,33.995,0.054,0.0186,0.0707,0.031,0.1219,0.0507,0.2579,0.0868,0.1054,0.0353,0.0143,0.0115,0.0946,0.0456,0.1044,0.0429
3774,-118.915,33.995,0.0549,0.0189,0.072,0.0316,0.1231,0.0511,0.2584,0.0871,0.1077,0.036,0.0143,0.0114,0.0944,0.0456,0.105,0.0431
3775,-118.905,33.995,0.0558,0.0191,0.0735,0.0322,0.1243,0.0514,0.2589,0.0873,0.11,0.0368,0.0143,0.0113,0.0943,0.0455,0.1057,0.0434
3776,-118.895,33.995,0.0567,0.0194,0.075,0.0329,0.1255,0.0519,0.2592,0.0873,0.1124,0.0375,0.0142,0.0112,0.0942,0.0455,0.1063,0.0436
3777,-118.885,33.995,0.0576,0.0196,0.0766,0.0336,0.1267,0.0523,0.2594,0.0872,0.1149,0.0383,0.0142,0.0112,0.094,0.0454,0.1069,0.0438
3778,-118.875,33.995,0.0585,0.0199,0.0782,0.0343,0.1279,0.0527,0.2594,0.0869,0.1175,0.0391,0.0141,0.0111,0.0939,0.0454,0.1075,0.044
3779,-118.865,33.995,0.0594,0.0201,0.0799,0.035,0.1291,0.0531,0.2594,0.0864,0.1201,0.0399,0.014,0.0111,0.0937,0.0453,0.1081,0.0443
3780,-118.855,33.995,0.0603,0.0203,0.0817,0.0358,0.1304,0.0535,0.2593,0.0858,0.1229,0.0408,0.014,0.011,0.0935,0.0453,0.1087,0.0444
3781,-118.845,33.995,0.0613,0.0206,0.0836,0.0367,0.1316,0.054,0.2591,0.085,0.1257,0.0416,0.0139,0.011,0.0933,0.0452,0.1093,0.0447
3782,-118.835,33.995,0.0622,0.0208,0.0855,0.0376,0.1329,0.0544,0.2589,0.0841,0.1286,0.0425,0.0139,0.0109,0.0932,0.0452,0.1101,0.045
3783,-118.825,33.995,0.0631,0.0211,0.0918,0.0411,0.1558,0.0674,0.2951,0.1014,0.1316,0.0434,0.0163,0.0134,0.1082,0.0554,0.1164,0.0484
3784,-118.815,33.995,0.0764,0.0269,0.0981,0.0446,0.1787,0.0805,0.3315,0.1187,0.1578,0.0556,0.0187,0.0159,0.1232,0.0656,0.123,0.0519
3785,-118.805,33.995,0.0775,0.0272,0.1004,0.0457,0.1804,0.0812,0.332,0.1184,0.1612,0.0566,0.0186,0.0158,0.1229,0.0655,0.1257,0.0532
3786,-118.795,33.995,0.0709,0.024,0.1026,0.0467,0.1686,0.0741,0.3116,0.1082,0.1497,0.0503,0.0172,0.0143,0.1136,0.0593,0.118,0.0487
3787,-118.785,33.995,0.0668,0.0219,0.1047,0.0476,0.1435,0.0592,0.2702,0.0882,0.143,0.0463,0.0143,0.0113,0.0952,0.0469,0.1134,0.046
3788,-118.775,33.995,0.0676,0.0221,0.1019,0.0455,0.1402,0.057,0.2665,0.0866,0.1462,0.047,0.014,0.0108,0.0919,0.0447,0.1114,0.0447
3789,-118.765,33.995,0.0685,0.0223,0.0989,0.0434,0.1414,0.0575,0.2706,0.0888,0.1499,0.048,0.0141,0.0109,0.0916,0.0446,0.1112,0.0444
3790,-118.755,33.995,0.0694,0.0225,0.1003,0.0438,0.1426,0.0579,0.2757,0.0908,0.1542,0.0492,0.0144,0.011,0.0914,0.0445,0.1117,0.0444
3791,-118.745,33.995,0.0702,0.0226,0.1017,0.0443,0.1438,0.0583,0.281,0.0927,0.1589,0.0506,0.0146,0.0111,0.0911,0.0444,0.1125,0.0447
3792,-118.735,33.995,0.071,0.0228,0.103,0.0447,0.1449,0.0588,0.2867,0.0945,0.1641,0.0522,0.0149,0.0113,0.0909,0.0444,0.1134,0.045
3793,-118.725,33.995,0.0719,0.023,0.1044,0.0452,0.146,0.0592,0.2932,0.0963,0.1698,0.054,0.0153,0.0115,0.0906,0.0443,0.1144,0.0454
3794,-118.715,33.995,0.0728,0.0232,0.1058,0.0457,0.147,0.0596,0.3,0.0981,0.1759,0.0559,0.0156,0.0116,0.0903,0.0442,0.1154,0.0458
3795,-118.705,33.995,0.0738,0.0234,0.1073,0.0462,0.148,0.06,0.3078,0.0999,0.1823,0.0579,0.016,0.0119,0.09,0.0441,0.1166,0.0463
3796,-118.695,33.995,0.0749,0.0236,0.1089,0.0467,0.149,0.0604,0.3166,0.1018,0.1892,0.0601,0.0164,0.0121,0.0897,0.044,0.1177,0.0467
3797,-118.685,33.995,0.0762,0.024,0.1106,0.0473,0.1499,0.0607,0.3263,0.1038,0.1963,0.0624,0.0167,0.0123,0.0894,0.0439,0.1188,0.0472
3798,-118.675,33.995,0.0777,0.0244,0.1124,0.048,0.1507,0.061,0.3383,0.106,0.2039,0.0648,0.017,0.0125,0.0891,0.0438,0.1199,0.0477
3799,-118.665,33.995,0.0794,0.0248,0.1142,0.0487,0.1515,0.0613,0.3511,0.1084,0.212,0.0674,0.0174,0.0128,0.0888,0.0437,0.1211,0.0482
3800,-118.655,33.995,0.0812,0.0254,0.1162,0.0494,0.1522,0.0616,0.3658,0.111,0.2206,0.0702,0.0176,0.013,0.0885,0.0435,0.1224,0.0488
3801,-118.645,33.995,0.0831,0.0259,0.1183,0.0502,0.1528,0.0618,0.3812,0.1137,0.2299,0.0732,0.0179,0.0132,0.0882,0.0434,0.1237,0.0493
3802,-118.635,33.995,0.085,0.0265,0.1205,0.0511,0.1534,0.0621,0.3973,0.1165,0.2397,0.0764,0.0181,0.0134,0.0879,0.0433,0.1251,0.05
3803,-118.625,33.995,0.087,0.027,0.1229,0.0521,0.1539,0.0623,0.414,0.1197,0.2503,0.08,0.0183,0.0136,0.0875,0.0432,0.1266,0.0507
3804,-118.615,33.995,0.089,0.0276,0.1253,0.053,0.1545,0.0625,0.4309,0.1231,0.2619,0.0839,0.0184,0.0139,0.0872,0.0431,0.1283,0.0515
3805,-118.605,33.995,0.091,0.0282,0.1279,0.0541,0.155,0.0627,0.4479,0.1269,0.2745,0.0882,0.0186,0.0141,0.0869,0.043,0.1302,0.0524
3806,-118.595,33.995,0.093,0.0288,0.1305,0.0552,0.1554,0.0629,0.4648,0.131,0.2882,0.0931,0.0187,0.0144,0.0865,0.0429,0.1322,0.0534
3807,-118.585,33.995,0.095,0.0294,0.1333,0.0564,0.1558,0.0631,0.4816,0.1354,0.303,0.0984,0.0188,0.0146,0.0862,0.0427,0.1344,0.0546
3808,-118.575,33.995,0.0971,0.03,0.1363,0.0577,0.1561,0.0632,0.4979,0.1401,0.3192,0.1042,0.0189,0.015,0.0858,0.0426,0.1368,0.0559
3809,-118.565,33.995,0.0992,0.0306,0.1393,0.059,0.1563,0.0633,0.5139,0.1449,0.3368,0.1107,0.0191,0.0154,0.0855,0.0425,0.1394,0.0572
3810,-118.555,33.995,0.1013,0.0312,0.1426,0.0605,0.1561,0.0632,0.5289,0.1499,0.3555,0.1177,0.0192,0.0158,0.0851,0.0424,0.1421,0.0587
3811,-118.545,33.995,0.1033,0.0318,0.1461,0.062,0.1559,0.0631,0.543,0.1551,0.3756,0.1253,0.0194,0.0163,0.0847,0.0422,0.1449,0.0602
3812,-118.535,33.995,0.1054,0.0324,0.1497,0.0637,0.1556,0.063,0.5561,0.1606,0.3967,0.1333,0.0195,0.0169,0.0844,0.0421,0.1477,0.0617
3813,-118.525,33.995,0.1075,0.033,0.1535,0.0655,0.1552,0.0629,0.5677,0.1662,0.4187,0.1418,0.0198,0.0175,0.084,0.042,0.1506,0.0633
3814,-118.515,33.995,0.1096,0.0336,0.1587,0.0682,0.1592,0.0654,0.5915,0.179,0.4413,0.1504,0.0206,0.019,0.0862,0.0436,0.1559,0.0661
3815,-118.505,33.995,0.1189,0.0374,0.1703,0.0748,0.1847,0.0806,0.6773,0.2265,0.4864,0.1737,0.0248,0.0245,0.1007,0.0537,0.1675,0.0728
3816,-118.495,33.995,0.1546,0.0529,0.2038,0.0963,0.2053,0.0935,0.7279,0.2642,0.6043,0.2491,0.0286,0.0296,0.1129,0.0625,0.2028,0.0943
3817,-118.485,33.995,0.1759,0.0624,0.2592,0.1325,0.2207,0.1042,0.7432,0.2922,0.6743,0.2979,0.0318,0.0343,0.1229,0.0699,0.229,0.1121
3818,-118.475,33.995,0.182,0.065,0.2783,0.1459,0.2348,0.1151,0.7314,0.3191,0.7041,0.3198,0.0356,0.0396,0.1328,0.0778,0.2481,0.1258
3819,-118.465,33.995,0.1958,0.0714,0.2888,0.1535,0.2459,0.1242,0.7108,0.341,0.7397,0.3572,0.039,0.0446,0.1412,0.0845,0.2605,0.1348
3820,-118.455,33.995,0.1975,0.0714,0.2927,0.1559,0.2439,0.1245,0.6736,0.339,0.7568,0.3681,0.0407,0.0464,0.1423,0.0857,0.2657,0.1383
3821,-118.445,33.995,0.1966,0.0698,0.2935,0.1558,0.2389,0.1229,0.6433,0.3338,0.7692,0.3706,0.0416,0.0471,0.1416,0.0854,0.2647,0.1366
3822,-118.435,33.995,0.1967,0.0685,0.2911,0.1534,0.231,0.1193,0.6198,0.3255,0.7773,0.3684,0.0418,0.0467,0.1391,0.0836,0.2642,0.1353
3823,-118.425,33.995,0.2034,0.0703,0.2965,0.1573,0.2309,0.1215,0.606,0.3238,0.783,0.3717,0.0435,0.048,0.1407,0.0852,0.2653,0.1354
3824,-118.415,33.995,0.2155,0.0745,0.3025,0.1617,0.2321,0.1247,0.594,0.3211,0.7842,0.3766,0.0453,0.0493,0.1425,0.0869,0.2689,0.1375
3825,-118.405,33.995,0.2267,0.0779,0.3034,0.1624,0.2313,0.1262,0.5806,0.3074,0.7804,0.3726,0.0461,0.0486,0.1412,0.0861,0.2683,0.1364
3826,-118.395,33.995,0.2356,0.0795,0.2926,0.154,0.2238,0.1222,0.5577,0.2805,0.7712,0.3578,0.0447,0.0451,0.1345,0.0809,0.2596,0.1288
3827,-118.385,33.995,0.2263,0.0716,0.2699,0.1364,0.2094,0.1127,0.5252,0.2402,0.7386,0.3081,0.041,0.0388,0.1225,0.0716,0.2468,0.1184
3828,-118.375,33.995,0.2355,0.0728,0.2698,0.1374,0.2088,0.1141,0.5159,0.2213,0.7167,0.2877,0.0405,0.0363,0.1194,0.0694,0.2354,0.1093
3829,-118.365,33.995,0.2546,0.0789,0.274,0.1422,0.2109,0.1178,0.5104,0.2076,0.7037,0.2855,0.0406,0.0346,0.1181,0.0686,0.2395,0.1117
3830,-118.355,33.995,0.2665,0.0824,0.277,0.1465,0.2125,0.1211,0.5003,0.1987,0.6918,0.2833,0.0406,0.0335,0.1163,0.0674,0.2448,0.1156
3831,-118.345,33.995,0.2717,0.0835,0.2843,0.1548,0.2189,0.1289,0.4985,0.1982,0.6803,0.2811,0.0416,0.0334,0.1176,0.0686,0.2547,0.1232
3832,-118.335,33.995,0.2925,0.0929,0.2959,0.1671,0.2301,0.1412,0.5049,0.2061,0.6884,0.3036,0.0435,0.0342,0.1218,0.0722,0.2716,0.1365
3833,-118.325,33.995,0.3251,0.1096,0.3113,0.1844,0.2459,0.1589,0.5195,0.2191,0.7038,0.3437,0.0462,0.0357,0.129,0.0782,0.2982,0.1586
3834,-118.315,33.995,0.3391,0.116,0.3246,0.1998,0.2597,0.175,0.5329,0.2292,0.7074,0.3596,0.0484,0.0367,0.1349,0.0834,0.3135,0.1719
3835,-118.305,33.995,0.3467,0.1184,0.3239,0.2019,0.2598,0.1773,0.532,0.2209,0.7107,0.3663,0.0473,0.0346,0.1325,0.0817,0.3224,0.1798
3836,-118.295,33.995,0.3556,0.1211,0.3239,0.2045,0.2603,0.1794,0.5358,0.2138,0.7123,0.37,0.0464,0.0329,0.1303,0.0802,0.3276,0.1842
3837,-118.285,33.995,0.3672,0.1251,0.3248,0.2074,0.2612,0.1813,0.5443,0.2079,0.7138,0.3739,0.0457,0.0316,0.1286,0.079,0.3317,0.1875
3838,-118.275,33.995,0.3797,0.1294,0.3282,0.2115,0.264,0.1831,0.5342,0.2015,0.7137,0.3744,0.0451,0.0312,0.1273,0.0782,0.3344,0.189
3839,-118.265,33.995,0.3936,0.1342,0.3322,0.2155,0.2673,0.1846,0.5202,0.1951,0.711,0.373,0.0447,0.0312,0.1263,0.0777,0.3365,0.19
3840,-118.255,33.995,0.4076,0.1387,0.3373,0.2183,0.2715,0.1855,0.5053,0.1888,0.7054,0.3688,0.0453,0.0319,0.1256,0.0773,0.3382,0.1905
3841,-118.245,33.995,0.4221,0.1434,0.3423,0.2195,0.275,0.1855,0.4944,0.1822,0.697,0.3621,0.0464,0.033,0.1246,0.0768,0.3392,0.1904
3842,-118.235,33.995,0.4372,0.1484,0.3471,0.2191,0.2777,0.1844,0.4873,0.1753,0.687,0.3543,0.0479,0.0345,0.1234,0.0762,0.3398,0.19
3843,-118.225,33.995,0.4541,0.1545,0.3506,0.2157,0.2793,0.1831,0.4914,0.1767,0.6769,0.3465,0.0497,0.036,0.1226,0.0758,0.3405,0.1896
3844,-118.215,33.995,0.4734,0.1623,0.3535,0.2112,0.2802,0.1843,0.4984,0.1801,0.675,0.3441,0.0516,0.0374,0.1218,0.0754,0.3413,0.1893
3845,-118.205,33.995,0.4936,0.1709,0.3541,0.2039,0.2785,0.1982,0.5087,0.1848,0.6746,0.3425,0.0535,0.0385,0.121,0.075,0.3419,0.1892
3846,-118.195,33.995,0.5149,0.1804,0.3533,0.1954,0.2757,0.1903,0.5184,0.1873,0.6741,0.341,0.0553,0.0392,0.1203,0.0747,0.3427,0.1891
3847,-118.185,33.995,0.536,0.1901,0.351,0.1856,0.2717,0.1606,0.5274,0.1876,0.6731,0.3392,0.0572,0.0396,0.1195,0.0743,0.3435,0.1891
3848,-118.175,33.995,0.5565,0.2004,0.3472,0.1773,0.2688,0.148,0.5347,0.1834,0.6725,0.3381,0.0587,0.039,0.1186,0.0739,0.344,0.1889
3849,-118.165,33.995,0.5747,0.21,0.3421,0.1685,0.2645,0.138,0.5356,0.1766,0.6713,0.3366,0.0597,0.0378,0.1167,0.0726,0.3432,0.1876
3850,-118.155,33.995,0.5833,0.2107,0.3314,0.1566,0.252,0.1244,0.5075,0.1613,0.6601,0.3215,0.0579,0.0345,0.1099,0.0673,0.3318,0.1767
3851,-118.145,33.995,0.5755,0.1966,0.3189,0.1443,0.2421,0.1136,0.4817,0.1487,0.6307,0.285,0.0565,0.0321,0.1041,0.0629,0.3162,0.1626
3852,-118.135,33.995,0.5823,0.1979,0.3047,0.1316,0.2347,0.1059,0.4583,0.139,0.6195,0.2725,0.0554,0.0305,0.0994,0.0594,0.3064,0.1536
3853,-118.125,33.995,0.5972,0.2064,0.3012,0.1278,0.2355,0.1041,0.4526,0.137,0.6167,0.27,0.0566,0.0315,0.0996,0.0597,0.3053,0.1521
3854,-118.115,33.995,0.6126,0.2155,0.3036,0.1285,0.2407,0.1054,0.4533,0.139,0.6121,0.2671,0.0588,0.0338,0.1021,0.062,0.3087,0.1541
3855,-118.105,33.995,0.644,0.2441,0.3237,0.1428,0.2591,0.1156,0.4671,0.1532,0.625,0.2869,0.0638,0.0399,0.1115,0.07,0.3263,0.1684
3856,-118.095,33.995,0.6715,0.2729,0.3357,0.1515,0.2709,0.1216,0.4671,0.1628,0.6326,0.3047,0.0669,0.0445,0.1176,0.0753,0.3393,0.1792
3857,-118.085,33.995,0.6838,0.2829,0.3397,0.1546,0.2761,0.1233,0.4534,0.1678,0.6221,0.2994,0.068,0.0479,0.1204,0.078,0.3425,0.1816
3858,-118.075,33.995,0.6921,0.2842,0.3238,0.1432,0.2598,0.1115,0.4146,0.1557,0.6057,0.2851,0.063,0.0449,0.1119,0.0711,0.3329,0.1722
3859,-118.065,33.995,0.6764,0.2491,0.3036,0.129,0.2404,0.0981,0.3736,0.1415,0.5582,0.2355,0.0573,0.0409,0.1017,0.0629,0.3044,0.1479
3860,-118.055,33.995,0.6611,0.2267,0.2817,0.1152,0.2274,0.0902,0.3473,0.1342,0.5177,0.2032,0.0545,0.0385,0.0949,0.0577,0.2839,0.1311
3861,-118.045,33.995,0.6583,0.2181,0.2644,0.1048,0.2184,0.0852,0.3263,0.1296,0.4935,0.1877,0.0533,0.0369,0.0901,0.0541,0.2706,0.1207
3862,-118.035,33.995,0.6517,0.2066,0.2516,0.0979,0.2136,0.0829,0.3106,0.1279,0.4696,0.1732,0.0536,0.0363,0.0871,0.052,0.2598,0.1125
3863,-118.025,33.995,0.6403,0.1936,0.2458,0.0953,0.2123,0.083,0.2969,0.1246,0.4491,0.162,0.0556,0.0363,0.0859,0.0512,0.2541,0.1081
3864,-118.015,33.995,0.63,0.184,0.2418,0.0938,0.2123,0.0838,0.2846,0.121,0.4415,0.1599,0.0578,0.0366,0.0854,0.051,0.2553,0.1084
3865,-118.005,33.995,0.6122,0.1704,0.2394,0.0934,0.2153,0.0866,0.2776,0.1182,0.4415,0.1629,0.0593,0.0369,0.0864,0.052,0.2622,0.1128
3866,-117.995,33.995,0.5897,0.1546,0.2399,0.0947,0.2187,0.0897,0.2711,0.1151,0.4453,0.1683,0.0609,0.0372,0.0876,0.0532,0.2735,0.1205
3867,-117.985,33.995,0.5733,0.1433,0.2433,0.0978,0.2225,0.093,0.2651,0.1118,0.4576,0.1804,0.0625,0.0376,0.0891,0.0545,0.2907,0.1328
3868,-117.975,33.995,0.5594,0.133,0.2372,0.0952,0.229,0.0982,0.2623,0.1101,0.4726,0.1957,0.0659,0.0389,0.092,0.0571,0.3049,0.1434
3869,-117.965,33.995,0.5267,0.1117,0.2301,0.0919,0.2349,0.103,0.2596,0.1083,0.4649,0.1928,0.0692,0.0403,0.0948,0.0596,0.3153,0.1512
3870,-117.955,33.995,0.5083,0.0968,0.2276,0.0915,0.2357,0.1045,0.2539,0.1046,0.4648,0.1961,0.071,0.0407,0.0957,0.0606,0.3226,0.1567
3871,-117.945,33.995,0.4965,0.0866,0.225,0.091,0.2356,0.1054,0.2501,0.1018,0.467,0.2012,0.0716,0.0407,0.0963,0.0613,0.3324,0.164
3872,-117.935,33.995,0.4754,0.0817,0.2223,0.0904,0.2346,0.1056,0.2481,0.0998,0.4605,0.1986,0.071,0.0403,0.0967,0.0619,0.3355,0.1655
3873,-117.925,33.995,0.4489,0.0797,0.2162,0.0877,0.2317,0.1045,0.2485,0.0993,0.4487,0.1916,0.0699,0.0399,0.0963,0.0618,0.3356,0.1644
3874,-117.915,33.995,0.4244,0.0785,0.21,0.085,0.2287,0.1033,0.2494,0.0995,0.4362,0.1839,0.0689,0.0396,0.0959,0.0617,0.3344,0.1623
3875,-117.905,33.995,0.4035,0.0782,0.2066,0.0839,0.2275,0.1032,0.251,0.1011,0.4251,0.1775,0.0688,0.0404,0.0963,0.0623,0.3343,0.161
3876,-117.895,33.995,0.3856,0.0787,0.2006,0.0812,0.2242,0.1017,0.2494,0.1015,0.4149,0.172,0.0679,0.0405,0.0957,0.062,0.3324,0.1584
3877,-117.885,33.995,0.3628,0.0767,0.1918,0.0769,0.2187,0.0988,0.2447,0.1005,0.3979,0.1615,0.0662,0.0401,0.0941,0.0608,0.3293,0.1549
3878,-117.875,33.995,0.3495,0.0779,0.1858,0.0742,0.2139,0.0963,0.2413,0.1004,0.3894,0.1577,0.0644,0.0396,0.0928,0.06,0.3253,0.1508
3879,-117.865,33.995,0.3268,0.0747,0.1803,0.0718,0.2093,0.0939,0.2384,0.1007,0.3703,0.1464,0.0623,0.0392,0.0916,0.0592,0.3211,0.1467
3880,-117.855,33.995,0.3086,0.0725,0.1747,0.0694,0.2042,0.0911,0.2373,0.1019,0.3552,0.1383,0.0597,0.0385,0.0902,0.0583,0.3174,0.143
3881,-117.845,33.995,0.2931,0.0709,0.1693,0.0671,0.1967,0.0868,0.2335,0.1013,0.3428,0.1323,0.0563,0.0369,0.0877,0.0564,0.3138,0.1395
3882,-117.835,33.995,0.2729,0.0668,0.1641,0.0648,0.1868,0.081,0.2269,0.099,0.325,0.1227,0.0521,0.0344,0.0839,0.0534,0.3098,0.1358
3883,-117.825,33.995,0.2562,0.0635,0.1594,0.0629,0.1812,0.078,0.2248,0.0991,0.3111,0.1159,0.0493,0.0332,0.082,0.052,0.3053,0.1318
3884,-117.815,33.995,0.2428,0.061,0.1551,0.0613,0.1771,0.0758,0.2241,0.1002,0.3014,0.1118,0.0472,0.0325,0.0807,0.0512,0.3058,0.1315
3885,-117.805,33.995,0.2318,0.0591,0.1529,0.0607,0.1758,0.0753,0.2263,0.1029,0.2957,0.1101,0.0475,0.0327,0.0806,0.0513,0.3095,0.1335
3886,-117.795,33.995,0.2215,0.0573,0.1508,0.0601,0.1747,0.0749,0.2279,0.1051,0.2912,0.1091,0.048,0.0331,0.0805,0.0514,0.3148,0.1367
3887,-117.785,33.995,0.2118,0.0555,0.1486,0.0595,0.1736,0.0745,0.2288,0.1067,0.2872,0.1083,0.0485,0.0336,0.0803,0.0514,0.3208,0.1404
3888,-117.775,33.995,0.2026,0.0536,0.146,0.0587,0.1726,0.0742,0.2285,0.1073,0.2834,0.1077,0.0488,0.0344,0.0799,0.0513,0.3273,0.1444
3889,-117.765,33.995,0.1943,0.052,0.1434,0.0579,0.1718,0.074,0.2278,0.1076,0.28,0.1072,0.0491,0.0352,0.0796,0.0512,0.3343,0.1487
3890,-117.755,33.995,0.1869,0.0505,0.1406,0.057,0.1711,0.0738,0.2267,0.1075,0.277,0.107,0.0494,0.036,0.0792,0.051,0.3421,0.1537
3891,-117.745,33.995,0.1815,0.0498,0.1396,0.057,0.1725,0.0749,0.2277,0.1087,0.2761,0.1079,0.0505,0.0374,0.0797,0.0517,0.3518,0.1602
3892,-117.735,33.995,0.1807,0.0509,0.1403,0.058,0.1758,0.0772,0.2308,0.1114,0.2807,0.1123,0.0524,0.0392,0.0811,0.0531,0.3663,0.1707
3893,-117.725,33.995,0.1772,0.0508,0.1393,0.0581,0.1785,0.0792,0.2327,0.1131,0.281,0.1142,0.0541,0.0405,0.0822,0.0542,0.38,0.1809
3894,-117.715,33.995,0.176,0.0517,0.1377,0.0578,0.1807,0.0809,0.2338,0.1142,0.2841,0.1178,0.0555,0.0414,0.0829,0.0551,0.3931,0.1907
3895,-117.705,33.995,0.1722,0.0515,0.135,0.0568,0.1814,0.0817,0.2329,0.1137,0.2833,0.1189,0.056,0.0411,0.0829,0.0552,0.4058,0.2002
3896,-117.695,33.995,0.1688,0.0513,0.1328,0.0561,0.1825,0.0827,0.2324,0.1134,0.2833,0.1205,0.0564,0.0406,0.0829,0.0554,0.4179,0.2093
3897,-117.685,33.995,0.1657,0.0512,0.131,0.0556,0.1838,0.0839,0.2323,0.1132,0.284,0.1225,0.0567,0.0399,0.083,0.0557,0.4303,0.2188
3898,-117.675,33.995,0.1613,0.0503,0.1289,0.055,0.1832,0.0839,0.2301,0.1118,0.2816,0.1224,0.0557,0.0387,0.082,0.0551,0.4388,0.2247
3899,-117.665,33.995,0.1555,0.0489,0.1269,0.0543,0.1822,0.0837,0.2275,0.1101,0.2758,0.1199,0.0544,0.0374,0.081,0.0544,0.4447,0.2283
3900,-117.655,33.995,0.1504,0.0476,0.125,0.0536,0.1815,0.0836,0.2247,0.1084,0.2708,0.1179,0.0532,0.036,0.0799,0.0537,0.45,0.2313
3901,-118.945,34.005,0.0525,0.0182,0.0679,0.0299,0.1216,0.0507,0.2635,0.0881,0.1004,0.0336,0.0145,0.0117,0.0961,0.0461,0.1034,0.0422
3902,-118.935,34.005,0.0533,0.0185,0.0691,0.0304,0.1228,0.0511,0.2642,0.0887,0.1024,0.0342,0.0144,0.0116,0.096,0.0461,0.104,0.0424
3903,-118.925,34.005,0.0542,0.0187,0.0705,0.031,0.124,0.0515,0.2649,0.0893,0.1046,0.0349,0.0144,0.0115,0.0958,0.0461,0.1047,0.0426
3904,-118.915,34.005,0.0551,0.019,0.0718,0.0316,0.1252,0.0519,0.2656,0.0897,0.107,0.0356,0.0143,0.0114,0.0957,0.046,0.1054,0.0429
3905,-118.905,34.005,0.056,0.0192,0.0733,0.0322,0.1265,0.0523,0.266,0.0899,0.1094,0.0364,0.0143,0.0113,0.0956,0.046,0.1061,0.0432
3906,-118.895,34.005,0.057,0.0195,0.0748,0.0329,0.1278,0.0527,0.2663,0.09,0.1119,0.0372,0.0142,0.0112,0.0954,0.0459,0.1068,0.0435
3907,-118.885,34.005,0.0579,0.0198,0.0764,0.0336,0.129,0.0532,0.2664,0.0899,0.1145,0.038,0.0142,0.0111,0.0953,0.0459,0.1075,0.0438
3908,-118.875,34.005,0.0588,0.02,0.0781,0.0343,0.1303,0.0536,0.2662,0.0895,0.1171,0.0388,0.0141,0.0111,0.0951,0.0458,0.1082,0.044
3909,-118.865,34.005,0.0598,0.0203,0.0798,0.0351,0.1315,0.054,0.266,0.0891,0.1198,0.0396,0.0141,0.011,0.095,0.0458,0.1088,0.0442
3910,-118.855,34.005,0.0607,0.0205,0.0816,0.0359,0.1328,0.0545,0.2655,0.0883,0.1225,0.0404,0.014,0.0109,0.0948,0.0457,0.1093,0.0444
3911,-118.845,34.005,0.0617,0.0208,0.0835,0.0368,0.1397,0.0582,0.2745,0.0924,0.1252,0.0413,0.0145,0.0115,0.0985,0.0483,0.1108,0.0451
3912,-118.835,34.005,0.0626,0.021,0.0855,0.0377,0.1522,0.0651,0.2928,0.1012,0.1281,0.0421,0.0157,0.0127,0.1062,0.0535,0.1176,0.0486
3913,-118.825,34.005,0.0863,0.0317,0.1047,0.0491,0.1782,0.08,0.333,0.1205,0.1719,0.0633,0.0183,0.0155,0.1233,0.0652,0.1376,0.0603
3914,-118.815,34.005,0.0957,0.0356,0.1241,0.0606,0.2023,0.0938,0.3697,0.138,0.192,0.072,0.0208,0.0181,0.1388,0.0758,0.1503,0.0676
3915,-118.805,34.005,0.097,0.036,0.1271,0.0622,0.2029,0.0938,0.3672,0.1357,0.1958,0.0732,0.0206,0.0179,0.1377,0.0751,0.1521,0.0685
3916,-118.795,34.005,0.0907,0.0329,0.13,0.0637,0.1908,0.0864,0.3452,0.1253,0.1845,0.0668,0.019,0.0162,0.1279,0.0685,0.1437,0.063
3917,-118.785,34.005,0.0867,0.0309,0.1327,0.065,0.1659,0.0717,0.3036,0.1066,0.1778,0.0627,0.0161,0.0132,0.1095,0.0561,0.1332,0.0565
3918,-118.775,34.005,0.0681,0.0223,0.1162,0.0545,0.1531,0.0639,0.2848,0.097,0.1446,0.046,0.0147,0.0117,0.0996,0.0495,0.121,0.0494
3919,-118.765,34.005,0.0689,0.0225,0.0994,0.0438,0.1446,0.0587,0.274,0.091,0.1484,0.047,0.0139,0.0107,0.0928,0.045,0.1119,0.0443
3920,-118.755,34.005,0.0697,0.0226,0.1006,0.0442,0.1459,0.0591,0.2794,0.0929,0.1529,0.0483,0.0142,0.0108,0.0926,0.0449,0.1114,0.0438
3921,-118.745,34.005,0.0705,0.0228,0.1017,0.0446,0.1471,0.0596,0.2851,0.0947,0.158,0.0499,0.0145,0.011,0.0923,0.0448,0.1123,0.0442
3922,-118.735,34.005,0.0713,0.0229,0.1029,0.0449,0.1484,0.0601,0.2909,0.0964,0.1635,0.0516,0.0149,0.0112,0.092,0.0448,0.1134,0.0446
3923,-118.725,34.005,0.072,0.023,0.1041,0.0453,0.1496,0.0605,0.2974,0.098,0.1695,0.0535,0.0153,0.0114,0.0917,0.0447,0.1145,0.0451
3924,-118.715,34.005,0.0728,0.0232,0.1054,0.0456,0.1507,0.061,0.3042,0.0996,0.176,0.0555,0.0157,0.0116,0.0915,0.0446,0.1157,0.0456
3925,-118.705,34.005,0.0737,0.0233,0.1068,0.0461,0.1518,0.0614,0.3121,0.1013,0.1827,0.0577,0.0161,0.0118,0.0912,0.0445,0.1169,0.0461
3926,-118.695,34.005,0.0748,0.0236,0.1083,0.0466,0.1529,0.0618,0.3211,0.1031,0.1898,0.0599,0.0165,0.012,0.0909,0.0444,0.1181,0.0466
3927,-118.685,34.005,0.0761,0.0239,0.1098,0.0471,0.1539,0.0622,0.3312,0.105,0.1972,0.0623,0.0169,0.0123,0.0906,0.0443,0.1193,0.0471
3928,-118.675,34.005,0.0777,0.0244,0.1115,0.0478,0.1548,0.0625,0.3444,0.1072,0.2051,0.0648,0.0173,0.0125,0.0903,0.0441,0.1204,0.0476
3929,-118.665,34.005,0.0795,0.0249,0.1133,0.0484,0.1557,0.0628,0.3587,0.1096,0.2135,0.0674,0.0176,0.0128,0.0899,0.044,0.1217,0.0481
3930,-118.655,34.005,0.0814,0.0254,0.1152,0.0492,0.1564,0.0631,0.3754,0.1121,0.2223,0.0702,0.0179,0.013,0.0896,0.0439,0.1229,0.0486
3931,-118.645,34.005,0.0835,0.026,0.1172,0.0499,0.1571,0.0634,0.3929,0.1148,0.2318,0.0733,0.0182,0.0132,0.0893,0.0438,0.1242,0.0492
3932,-118.635,34.005,0.0855,0.0266,0.1193,0.0508,0.1578,0.0636,0.4113,0.1176,0.242,0.0766,0.0184,0.0135,0.089,0.0437,0.1255,0.0498
3933,-118.625,34.005,0.0876,0.0273,0.1216,0.0517,0.1584,0.0638,0.4305,0.1209,0.253,0.0803,0.0186,0.0137,0.0886,0.0436,0.127,0.0505
3934,-118.615,34.005,0.0897,0.0279,0.1239,0.0526,0.159,0.064,0.4499,0.1244,0.2652,0.0844,0.0187,0.0139,0.0883,0.0435,0.1288,0.0514
3935,-118.605,34.005,0.0918,0.0285,0.1263,0.0536,0.1596,0.0642,0.4695,0.1284,0.2786,0.089,0.0188,0.0141,0.0879,0.0433,0.1308,0.0523
3936,-118.595,34.005,0.094,0.0291,0.1288,0.0547,0.1602,0.0644,0.4891,0.1328,0.2933,0.0942,0.0189,0.0143,0.0876,0.0432,0.1329,0.0534
3937,-118.585,34.005,0.0961,0.0298,0.1314,0.0558,0.1607,0.0646,0.5086,0.1376,0.3093,0.0999,0.019,0.0146,0.0872,0.0431,0.1353,0.0547
3938,-118.575,34.005,0.0983,0.0304,0.1342,0.057,0.1612,0.0647,0.5277,0.143,0.327,0.1064,0.0192,0.015,0.0869,0.043,0.1381,0.0562
3939,-118.565,34.005,0.1005,0.0311,0.1371,0.0582,0.1614,0.0648,0.5465,0.1485,0.3466,0.1137,0.0193,0.0154,0.0865,0.0428,0.1411,0.0578
3940,-118.555,34.005,0.1027,0.0317,0.1401,0.0596,0.1612,0.0646,0.5643,0.154,0.3677,0.1218,0.0194,0.0159,0.0861,0.0427,0.1442,0.0595
3941,-118.545,34.005,0.105,0.0324,0.1433,0.061,0.161,0.0644,0.581,0.1601,0.3906,0.1306,0.0196,0.0164,0.0858,0.0426,0.1475,0.0613
3942,-118.535,34.005,0.1073,0.0331,0.1466,0.0626,0.1608,0.0642,0.5965,0.1668,0.4148,0.1401,0.0198,0.017,0.0854,0.0425,0.1508,0.0632
3943,-118.525,34.005,0.1096,0.0339,0.1502,0.0642,0.1708,0.0698,0.642,0.1908,0.4405,0.1502,0.0215,0.0195,0.0906,0.0462,0.158,0.0672
3944,-118.515,34.005,0.1178,0.0372,0.1589,0.0692,0.1851,0.0781,0.7006,0.2223,0.4846,0.1724,0.0239,0.0228,0.0983,0.0516,0.1744,0.0769
3945,-118.505,34.005,0.1506,0.0513,0.1932,0.0899,0.2107,0.093,0.7933,0.2732,0.6035,0.2444,0.0282,0.0286,0.1126,0.0615,0.2001,0.0925
3946,-118.495,34.005,0.1644,0.057,0.2194,0.1061,0.2245,0.1013,0.8297,0.3031,0.668,0.2812,0.0309,0.0325,0.1203,0.0671,0.2216,0.1068
3947,-118.485,34.005,0.1679,0.0582,0.2375,0.1177,0.2265,0.103,0.8095,0.3122,0.701,0.299,0.032,0.0345,0.1214,0.0681,0.2322,0.1138
3948,-118.475,34.005,0.1674,0.0574,0.2438,0.1218,0.2353,0.1097,0.7774,0.3299,0.7285,0.3104,0.035,0.0386,0.1274,0.073,0.2402,0.1192
3949,-118.465,34.005,0.1802,0.0632,0.2483,0.1248,0.2435,0.1163,0.7417,0.3458,0.7726,0.3501,0.0381,0.0427,0.1334,0.0778,0.2477,0.1243
3950,-118.455,34.005,0.185,0.0647,0.2551,0.1292,0.2425,0.1167,0.7005,0.344,0.8006,0.3704,0.0401,0.0449,0.1344,0.0789,0.2542,0.1286
3951,-118.445,34.005,0.1862,0.0642,0.256,0.1295,0.241,0.1168,0.6718,0.3429,0.8187,0.3773,0.0416,0.0463,0.1351,0.0796,0.2546,0.1281
3952,-118.435,34.005,0.184,0.0618,0.251,0.1256,0.239,0.1165,0.6556,0.3427,0.8258,0.369,0.0423,0.0469,0.1354,0.08,0.2584,0.1302
3953,-118.425,34.005,0.2066,0.0716,0.2641,0.1352,0.239,0.1185,0.6391,0.3374,0.8454,0.4085,0.0432,0.0473,0.1364,0.0811,0.265,0.1344
3954,-118.415,34.005,0.2151,0.074,0.2789,0.1463,0.2404,0.1217,0.6248,0.3316,0.8456,0.4062,0.0443,0.0479,0.1379,0.0826,0.2707,0.1382
3955,-118.405,34.005,0.2301,0.0793,0.284,0.1505,0.2467,0.1289,0.6221,0.3289,0.8406,0.4093,0.0467,0.0491,0.1411,0.0855,0.2744,0.1405
3956,-118.395,34.005,0.2402,0.0815,0.2785,0.1466,0.2422,0.1281,0.6056,0.3064,0.8309,0.3952,0.0462,0.0465,0.1369,0.0824,0.2693,0.1357
3957,-118.385,34.005,0.2382,0.0771,0.2625,0.1348,0.227,0.1193,0.5753,0.264,0.8085,0.3545,0.0429,0.0402,0.1253,0.0733,0.2591,0.127
3958,-118.375,34.005,0.2423,0.0753,0.258,0.1331,0.2271,0.1231,0.5702,0.2455,0.779,0.3208,0.0429,0.0381,0.1232,0.0718,0.2484,0.1184
3959,-118.365,34.005,0.2641,0.082,0.2573,0.1346,0.2304,0.1296,0.5688,0.2333,0.7643,0.3193,0.0434,0.0368,0.123,0.072,0.2532,0.1215
3960,-118.355,34.005,0.2776,0.0864,0.2634,0.1421,0.2341,0.1369,0.5609,0.2281,0.7517,0.3192,0.0438,0.036,0.1229,0.0722,0.2613,0.1276
3961,-118.345,34.005,0.2865,0.0903,0.2728,0.1531,0.2399,0.1464,0.5553,0.2277,0.7437,0.3262,0.0444,0.0353,0.1242,0.0734,0.2735,0.1371
3962,-118.335,34.005,0.3059,0.0999,0.2854,0.1674,0.2477,0.1581,0.5522,0.2322,0.7461,0.3501,0.0453,0.0349,0.1269,0.0758,0.2899,0.1504
3963,-118.325,34.005,0.3263,0.1103,0.292,0.1775,0.2582,0.1728,0.5534,0.2371,0.7482,0.3737,0.0466,0.0352,0.1312,0.0796,0.3084,0.1662
3964,-118.315,34.005,0.3353,0.1137,0.2958,0.1852,0.2669,0.1856,0.5531,0.2388,0.7517,0.3851,0.0475,0.0354,0.1344,0.0824,0.3179,0.1743
3965,-118.305,34.005,0.3402,0.1144,0.2914,0.1851,0.2639,0.1862,0.5416,0.2244,0.7531,0.3873,0.0458,0.0334,0.1306,0.0796,0.3236,0.1791
3966,-118.295,34.005,0.3495,0.1172,0.2885,0.1861,0.2619,0.1871,0.538,0.2132,0.7542,0.3911,0.0443,0.0318,0.1276,0.0774,0.3276,0.1823
3967,-118.285,34.005,0.3616,0.1214,0.287,0.1883,0.2608,0.1882,0.5425,0.2052,0.7549,0.3945,0.0432,0.0306,0.1253,0.0758,0.3316,0.1855
3968,-118.275,34.005,0.377,0.1272,0.2898,0.1934,0.2656,0.1923,0.5351,0.2016,0.7549,0.3964,0.043,0.0306,0.1254,0.0761,0.3352,0.1878
3969,-118.265,34.005,0.394,0.1338,0.2935,0.1988,0.2716,0.1965,0.525,0.1987,0.7518,0.396,0.0431,0.031,0.1257,0.0767,0.3385,0.1896
3970,-118.255,34.005,0.4104,0.1398,0.2976,0.2019,0.2775,0.198,0.5132,0.1942,0.7451,0.3919,0.0439,0.0317,0.1255,0.0768,0.3411,0.1909
3971,-118.245,34.005,0.4268,0.1455,0.3014,0.2028,0.2819,0.1977,0.5061,0.1888,0.7351,0.3844,0.0452,0.0328,0.1248,0.0765,0.3424,0.1911
3972,-118.235,34.005,0.4427,0.1508,0.3049,0.2014,0.2849,0.1957,0.5037,0.1826,0.7236,0.3747,0.047,0.0343,0.1237,0.0759,0.3425,0.1902
3973,-118.225,34.005,0.4594,0.1563,0.308,0.1972,0.2847,0.1918,0.5112,0.1834,0.712,0.3646,0.0486,0.0354,0.122,0.0748,0.3422,0.1889
3974,-118.215,34.005,0.4787,0.164,0.3109,0.1922,0.2838,0.1905,0.522,0.1862,0.7117,0.3632,0.0502,0.0364,0.1203,0.0737,0.3419,0.1876
3975,-118.205,34.005,0.4987,0.1722,0.3134,0.186,0.282,0.2038,0.5386,0.1919,0.7115,0.3619,0.0519,0.0372,0.1194,0.0732,0.3422,0.187
3976,-118.195,34.005,0.5196,0.181,0.3143,0.1787,0.2795,0.1958,0.5545,0.1956,0.7106,0.3596,0.0537,0.0378,0.1186,0.0729,0.343,0.1869
3977,-118.185,34.005,0.5417,0.1908,0.3136,0.1701,0.2764,0.1665,0.5699,0.1972,0.7091,0.3568,0.0554,0.038,0.1181,0.0727,0.3429,0.186
3978,-118.175,34.005,0.564,0.2013,0.3015,0.1542,0.2686,0.1493,0.5678,0.1876,0.7074,0.3543,0.0554,0.0363,0.1146,0.0702,0.3373,0.1805
3979,-118.165,34.005,0.5638,0.192,0.2884,0.1384,0.2592,0.1349,0.5576,0.175,0.6825,0.3198,0.0548,0.034,0.11,0.0668,0.324,0.1683
3980,-118.155,34.005,0.5722,0.192,0.2818,0.1298,0.2471,0.1211,0.5251,0.1595,0.6686,0.3031,0.0526,0.0307,0.1033,0.0617,0.3136,0.159
3981,-118.145,34.005,0.5807,0.1926,0.2769,0.123,0.2405,0.1123,0.4991,0.1495,0.6562,0.2881,0.0521,0.029,0.0993,0.0587,0.3068,0.1527
3982,-118.135,34.005,0.5944,0.1999,0.2737,0.1181,0.2395,0.1085,0.4796,0.1448,0.6526,0.2843,0.0534,0.029,0.0981,0.058,0.3037,0.1495
3983,-118.125,34.005,0.6087,0.2078,0.274,0.1164,0.2386,0.1053,0.4666,0.1417,0.6498,0.2817,0.0547,0.0299,0.098,0.0581,0.3037,0.1489
3984,-118.115,34.005,0.623,0.2158,0.2764,0.1165,0.24,0.1037,0.4577,0.1411,0.6447,0.2784,0.0565,0.0317,0.0992,0.0594,0.3047,0.149
3985,-118.105,34.005,0.6417,0.2298,0.2852,0.1218,0.2525,0.1096,0.4619,0.1508,0.6433,0.2816,0.0605,0.0365,0.1061,0.0652,0.3157,0.1575
3986,-118.095,34.005,0.6737,0.2626,0.2992,0.1313,0.265,0.1155,0.463,0.1616,0.6562,0.3067,0.0644,0.0416,0.113,0.0711,0.3314,0.1703
3987,-118.085,34.005,0.6924,0.2862,0.3185,0.1452,0.2776,0.1214,0.4612,0.1735,0.6555,0.3197,0.0683,0.047,0.1199,0.0772,0.3451,0.1817
3988,-118.075,34.005,0.6988,0.2867,0.3113,0.1398,0.2671,0.1129,0.4288,0.1663,0.6398,0.3065,0.0655,0.046,0.1149,0.0732,0.3437,0.1799
3989,-118.065,34.005,0.6907,0.262,0.2967,0.1294,0.252,0.1018,0.3911,0.1553,0.6045,0.2677,0.0616,0.0436,0.1075,0.0673,0.3215,0.1601
3990,-118.055,34.005,0.6755,0.2351,0.2722,0.1133,0.2371,0.0926,0.3573,0.1452,0.5635,0.2299,0.0584,0.0407,0.1,0.0615,0.3003,0.1421
3991,-118.045,34.005,0.6602,0.2154,0.2534,0.1016,0.225,0.0857,0.3273,0.1366,0.5285,0.2035,0.0562,0.0383,0.0936,0.0566,0.2823,0.1277
3992,-118.035,34.005,0.6508,0.2029,0.2402,0.0942,0.2157,0.0813,0.3013,0.1294,0.5028,0.1874,0.0549,0.0362,0.0882,0.0525,0.2678,0.1167
3993,-118.025,34.005,0.641,0.192,0.2342,0.0914,0.2146,0.0818,0.2883,0.1252,0.4824,0.1766,0.0568,0.0362,0.0869,0.0517,0.2622,0.1122
3994,-118.015,34.005,0.6257,0.18,0.2303,0.0898,0.2157,0.0836,0.2788,0.1218,0.4683,0.1706,0.0592,0.0366,0.0867,0.0517,0.2625,0.112
3995,-118.005,34.005,0.607,0.1669,0.2287,0.0896,0.2193,0.0869,0.2736,0.119,0.4668,0.1729,0.0608,0.0369,0.0877,0.0528,0.2693,0.1163
3996,-117.995,34.005,0.5885,0.1548,0.2285,0.0903,0.2231,0.0904,0.2684,0.1159,0.4747,0.182,0.0625,0.0373,0.089,0.0539,0.2826,0.1256
3997,-117.985,34.005,0.5652,0.1405,0.2298,0.0919,0.2271,0.094,0.2631,0.1125,0.4805,0.1897,0.0641,0.0376,0.0904,0.0553,0.2981,0.1368
3998,-117.975,34.005,0.552,0.1319,0.2282,0.0919,0.2347,0.1001,0.2623,0.1115,0.4968,0.2067,0.068,0.0393,0.0937,0.0582,0.314,0.149
3999,-117.965,34.005,0.528,0.1167,0.2258,0.0914,0.2419,0.1059,0.2615,0.1104,0.4997,0.2133,0.072,0.041,0.0969,0.061,0.3278,0.1599
4000,-117.955,34.005,0.5071,0.1029,0.2227,0.0905,0.2429,0.1079,0.257,0.1069,0.5016,0.2191,0.0741,0.0416,0.0977,0.0619,0.3384,0.1685
4001,-117.945,34.005,0.4868,0.092,0.2195,0.0895,0.2424,0.1087,0.2539,0.1039,0.4975,0.2192,0.0747,0.0415,0.098,0.0624,0.345,0.1732
4002,-117.935,34.005,0.4651,0.0849,0.2161,0.0884,0.2403,0.1084,0.2521,0.1013,0.4872,0.2136,0.0736,0.0408,0.0978,0.0624,0.3463,0.173
4003,-117.925,34.005,0.4426,0.081,0.2111,0.0863,0.2389,0.1085,0.2544,0.1017,0.4755,0.2066,0.073,0.0407,0.098,0.0629,0.346,0.1714
4004,-117.915,34.005,0.4204,0.079,0.2059,0.0841,0.2367,0.1079,0.2561,0.1022,0.4624,0.1985,0.0723,0.0407,0.098,0.0631,0.345,0.1691
4005,-117.905,34.005,0.4008,0.0784,0.2015,0.0823,0.2299,0.1042,0.251,0.1005,0.4497,0.1907,0.0702,0.0401,0.0958,0.0615,0.3424,0.1656
4006,-117.895,34.005,0.3817,0.0781,0.196,0.0799,0.2247,0.1016,0.2471,0.1,0.4356,0.1822,0.0688,0.0399,0.0944,0.0606,0.3401,0.1625
4007,-117.885,34.005,0.3632,0.0777,0.1893,0.0768,0.2213,0.1001,0.2446,0.1008,0.4206,0.1732,0.0679,0.0403,0.0939,0.0603,0.3361,0.1581
4008,-117.875,34.005,0.3406,0.0752,0.1835,0.0742,0.2175,0.0983,0.2421,0.1017,0.4003,0.1604,0.0666,0.0404,0.0932,0.06,0.3324,0.1541
4009,-117.865,34.005,0.3298,0.0767,0.1783,0.0719,0.2135,0.0963,0.2399,0.1027,0.3924,0.1574,0.0648,0.0404,0.0924,0.0596,0.3321,0.153
4010,-117.855,34.005,0.3166,0.0765,0.1751,0.0708,0.2088,0.0937,0.2393,0.1042,0.3818,0.1527,0.0618,0.0398,0.0915,0.059,0.3316,0.1519
4011,-117.845,34.005,0.2993,0.0739,0.1702,0.0688,0.2013,0.0894,0.2357,0.1039,0.3668,0.1449,0.0579,0.0383,0.0891,0.0573,0.3285,0.1487
4012,-117.835,34.005,0.2769,0.0687,0.1637,0.0657,0.1911,0.0834,0.2291,0.1016,0.3461,0.1334,0.0532,0.0358,0.0854,0.0544,0.3244,0.1447
4013,-117.825,34.005,0.2622,0.0662,0.1582,0.0633,0.1861,0.0806,0.2277,0.1023,0.3341,0.1279,0.0504,0.0348,0.084,0.0534,0.3208,0.1412
4014,-117.815,34.005,0.2435,0.0616,0.1533,0.0612,0.1822,0.0785,0.2272,0.1035,0.318,0.1197,0.0482,0.0342,0.083,0.0528,0.3196,0.1397
4015,-117.805,34.005,0.2308,0.059,0.1504,0.0602,0.1783,0.0764,0.2258,0.1039,0.3102,0.1169,0.0477,0.0338,0.0817,0.0519,0.3221,0.1407
4016,-117.795,34.005,0.2196,0.0567,0.1478,0.0594,0.1757,0.0751,0.2252,0.1047,0.3048,0.1155,0.0476,0.0338,0.0809,0.0514,0.3267,0.1434
4017,-117.785,34.005,0.2091,0.0546,0.1455,0.0587,0.1744,0.0746,0.2254,0.1058,0.2999,0.1144,0.0481,0.0343,0.0806,0.0514,0.3327,0.147
4018,-117.775,34.005,0.1994,0.0525,0.143,0.0579,0.1735,0.0742,0.2246,0.106,0.2955,0.1135,0.0484,0.035,0.0803,0.0513,0.3392,0.151
4019,-117.765,34.005,0.1907,0.0506,0.1404,0.0571,0.1727,0.074,0.2235,0.1059,0.2915,0.1127,0.0488,0.0358,0.0799,0.0512,0.3464,0.1555
4020,-117.755,34.005,0.1831,0.0491,0.1377,0.0561,0.1722,0.0739,0.2222,0.1056,0.288,0.1122,0.0492,0.0367,0.0796,0.0511,0.3543,0.1606
4021,-117.745,34.005,0.1772,0.0481,0.1365,0.0561,0.1741,0.0753,0.2235,0.1071,0.2858,0.1125,0.0506,0.0382,0.0803,0.0519,0.3642,0.1673
4022,-117.735,34.005,0.177,0.0493,0.1371,0.0571,0.1783,0.0781,0.2272,0.1102,0.2906,0.1173,0.0529,0.0402,0.0821,0.0536,0.38,0.1791
4023,-117.725,34.005,0.1769,0.0507,0.1358,0.0569,0.1811,0.0801,0.2288,0.1118,0.295,0.122,0.0548,0.0415,0.0831,0.0547,0.3948,0.1903
4024,-117.715,34.005,0.1732,0.0505,0.1339,0.0565,0.1831,0.0817,0.2294,0.1128,0.2934,0.1226,0.0564,0.0424,0.0837,0.0554,0.4076,0.1999
4025,-117.705,34.005,0.1701,0.0505,0.1309,0.0553,0.1835,0.0823,0.2278,0.112,0.2922,0.1235,0.0569,0.042,0.0834,0.0554,0.4191,0.2084
4026,-117.695,34.005,0.1675,0.0507,0.1284,0.0544,0.1843,0.0832,0.227,0.1116,0.2916,0.1248,0.0572,0.0414,0.0833,0.0555,0.431,0.2173
4027,-117.685,34.005,0.1648,0.0508,0.1264,0.0538,0.1857,0.0843,0.227,0.1117,0.2917,0.1265,0.0573,0.0406,0.0834,0.0558,0.4427,0.2262
4028,-117.675,34.005,0.1601,0.0498,0.1247,0.0533,0.1852,0.0844,0.2252,0.1105,0.2886,0.126,0.0561,0.0393,0.0825,0.0552,0.4512,0.2321
4029,-117.665,34.005,0.1544,0.0483,0.1229,0.0527,0.1844,0.0843,0.223,0.1092,0.2823,0.1232,0.0547,0.0379,0.0814,0.0545,0.4573,0.2358
4030,-117.655,34.005,0.1493,0.047,0.1212,0.0522,0.1836,0.0842,0.2206,0.1078,0.2768,0.1209,0.0534,0.0365,0.0804,0.0538,0.4627,0.2388
4031,-118.945,34.015,0.0527,0.0184,0.0676,0.0298,0.1237,0.0516,0.2709,0.0906,0.0993,0.033,0.0145,0.0116,0.0974,0.0466,0.1033,0.0418
4032,-118.935,34.015,0.0536,0.0186,0.0689,0.0304,0.1249,0.052,0.2718,0.0914,0.1015,0.0337,0.0145,0.0115,0.0973,0.0466,0.1041,0.042
4033,-118.925,34.015,0.0545,0.0189,0.0702,0.0309,0.1262,0.0524,0.2725,0.092,0.1038,0.0344,0.0144,0.0114,0.0971,0.0465,0.1049,0.0424
4034,-118.915,34.015,0.0554,0.0191,0.0716,0.0315,0.1274,0.0528,0.2731,0.0926,0.1062,0.0352,0.0144,0.0113,0.097,0.0465,0.1058,0.0428
4035,-118.905,34.015,0.0563,0.0194,0.073,0.0322,0.1288,0.0532,0.2735,0.0929,0.1088,0.036,0.0143,0.0112,0.0969,0.0464,0.1068,0.0432
4036,-118.895,34.015,0.0573,0.0196,0.0745,0.0328,0.1301,0.0536,0.2737,0.093,0.1114,0.0369,0.0143,0.0111,0.0967,0.0464,0.1078,0.0436
4037,-118.885,34.015,0.0582,0.0199,0.0761,0.0335,0.1314,0.0541,0.2737,0.093,0.114,0.0377,0.0142,0.0111,0.0966,0.0463,0.1086,0.044
4038,-118.875,34.015,0.0592,0.0202,0.0778,0.0343,0.1327,0.0545,0.2734,0.0926,0.1167,0.0385,0.0141,0.011,0.0964,0.0463,0.1093,0.0442
4039,-118.865,34.015,0.0601,0.0204,0.0811,0.036,0.134,0.055,0.273,0.0921,0.1194,0.0393,0.0141,0.0109,0.0962,0.0462,0.1107,0.0449
4040,-118.855,34.015,0.0611,0.0207,0.0921,0.0424,0.1354,0.0554,0.2722,0.0913,0.122,0.0401,0.014,0.0109,0.096,0.0461,0.1148,0.047
4041,-118.845,34.015,0.0621,0.0209,0.0988,0.0462,0.1534,0.0656,0.2999,0.1053,0.1247,0.0409,0.0157,0.0127,0.1076,0.054,0.1225,0.0511
4042,-118.835,34.015,0.0822,0.03,0.1011,0.0473,0.1881,0.0855,0.356,0.134,0.1622,0.0583,0.0193,0.0164,0.131,0.0698,0.1349,0.058
4043,-118.825,34.015,0.0964,0.0362,0.1148,0.0553,0.202,0.0935,0.3736,0.1423,0.1886,0.0707,0.0205,0.0178,0.1393,0.0756,0.1484,0.0659
4044,-118.815,34.015,0.0984,0.0369,0.1287,0.0635,0.2097,0.0978,0.3803,0.1449,0.1931,0.0723,0.021,0.0183,0.143,0.0783,0.1554,0.0699
4045,-118.805,34.015,0.0973,0.0361,0.1316,0.065,0.2078,0.0962,0.3724,0.1393,0.1923,0.0709,0.0204,0.0177,0.14,0.0762,0.1559,0.07
4046,-118.795,34.015,0.0989,0.0366,0.136,0.0675,0.2059,0.0946,0.3662,0.1377,0.1955,0.0716,0.0199,0.0172,0.1371,0.0742,0.1529,0.0678
4047,-118.785,34.015,0.1001,0.0369,0.142,0.071,0.2041,0.0932,0.3619,0.1399,0.1985,0.0721,0.0195,0.0167,0.1342,0.0723,0.1481,0.0645
4048,-118.775,34.015,0.0947,0.0342,0.1307,0.0637,0.1757,0.0764,0.319,0.1169,0.1901,0.0672,0.0165,0.0136,0.1139,0.0587,0.1362,0.0574
4049,-118.765,34.015,0.0694,0.0227,0.1184,0.0558,0.1479,0.0599,0.2779,0.0939,0.1464,0.0459,0.0137,0.0105,0.094,0.0454,0.1245,0.0505
4050,-118.755,34.015,0.0701,0.0228,0.1188,0.0556,0.1492,0.0604,0.2837,0.0956,0.1512,0.0473,0.014,0.0107,0.0938,0.0453,0.1217,0.0489
4051,-118.745,34.015,0.0709,0.0229,0.12,0.0559,0.1506,0.0609,0.2896,0.0972,0.1568,0.0491,0.0144,0.0108,0.0935,0.0453,0.1216,0.0487
4052,-118.735,34.015,0.0716,0.0231,0.1219,0.0567,0.152,0.0614,0.2954,0.0986,0.1628,0.051,0.0148,0.011,0.0932,0.0452,0.124,0.0498
4053,-118.725,34.015,0.0723,0.0231,0.1234,0.0573,0.1533,0.0619,0.3018,0.1,0.1692,0.053,0.0153,0.0112,0.0929,0.0451,0.1267,0.0511
4054,-118.715,34.015,0.0729,0.0232,0.1252,0.058,0.1546,0.0624,0.3084,0.1013,0.176,0.0552,0.0157,0.0114,0.0926,0.045,0.1284,0.0519
4055,-118.705,34.015,0.0736,0.0233,0.1287,0.0598,0.1558,0.0629,0.3164,0.1028,0.183,0.0574,0.0162,0.0117,0.0923,0.0449,0.1305,0.053
4056,-118.695,34.015,0.0745,0.0235,0.1321,0.0616,0.157,0.0633,0.3256,0.1044,0.1903,0.0598,0.0167,0.0119,0.092,0.0448,0.1329,0.0541
4057,-118.685,34.015,0.0758,0.0238,0.1355,0.0634,0.1581,0.0637,0.336,0.1063,0.198,0.0622,0.0171,0.0122,0.0917,0.0447,0.1339,0.0545
4058,-118.675,34.015,0.0776,0.0243,0.124,0.0559,0.1591,0.0641,0.3505,0.1084,0.206,0.0647,0.0175,0.0125,0.0914,0.0445,0.1324,0.0535
4059,-118.665,34.015,0.0796,0.0249,0.1122,0.0481,0.16,0.0644,0.3664,0.1107,0.2145,0.0674,0.018,0.0128,0.0911,0.0444,0.1246,0.0492
4060,-118.655,34.015,0.0818,0.0256,0.1141,0.0488,0.1608,0.0647,0.3852,0.1131,0.2235,0.0702,0.0183,0.013,0.0907,0.0443,0.1237,0.0486
4061,-118.645,34.015,0.0839,0.0262,0.116,0.0496,0.1616,0.0649,0.405,0.1157,0.2332,0.0733,0.0186,0.0133,0.0904,0.0442,0.1245,0.0489
4062,-118.635,34.015,0.0861,0.0269,0.118,0.0503,0.1623,0.0651,0.4258,0.1185,0.2436,0.0766,0.0188,0.0135,0.0901,0.0441,0.1258,0.0495
4063,-118.625,34.015,0.0883,0.0275,0.1202,0.0512,0.163,0.0654,0.4476,0.1218,0.2549,0.0803,0.0189,0.0137,0.0897,0.044,0.1273,0.0502
4064,-118.615,34.015,0.0905,0.0282,0.1223,0.0521,0.1637,0.0656,0.4697,0.1253,0.2676,0.0846,0.019,0.0138,0.0894,0.0438,0.129,0.051
4065,-118.605,34.015,0.0927,0.0288,0.1246,0.053,0.1644,0.0658,0.4922,0.1294,0.2815,0.0893,0.0191,0.014,0.089,0.0437,0.1311,0.052
4066,-118.595,34.015,0.0949,0.0295,0.127,0.054,0.1651,0.066,0.5146,0.1341,0.2972,0.0948,0.0192,0.0142,0.0887,0.0436,0.1335,0.0533
4067,-118.585,34.015,0.0972,0.0302,0.1294,0.0551,0.1658,0.0662,0.537,0.1393,0.3144,0.101,0.0193,0.0145,0.0883,0.0435,0.1362,0.0547
4068,-118.575,34.015,0.0994,0.0309,0.132,0.0562,0.1664,0.0663,0.5589,0.1453,0.3336,0.1081,0.0194,0.0149,0.0879,0.0433,0.139,0.0562
4069,-118.565,34.015,0.1017,0.0316,0.1346,0.0573,0.1667,0.0663,0.5805,0.1514,0.3552,0.1162,0.0195,0.0153,0.0875,0.0432,0.1423,0.058
4070,-118.555,34.015,0.1041,0.0323,0.1374,0.0586,0.1665,0.0659,0.601,0.1573,0.3788,0.1253,0.0196,0.0158,0.0872,0.0431,0.1462,0.0602
4071,-118.545,34.015,0.1065,0.033,0.1475,0.0643,0.1662,0.0656,0.6197,0.1643,0.4047,0.1355,0.0198,0.0164,0.0868,0.0429,0.1513,0.0631
4072,-118.535,34.015,0.1089,0.0338,0.165,0.0745,0.1661,0.0653,0.6364,0.1726,0.4324,0.1466,0.02,0.0171,0.0864,0.0428,0.1637,0.0703
4073,-118.525,34.015,0.1114,0.0346,0.172,0.0785,0.1967,0.0825,0.745,0.2317,0.4621,0.1585,0.0247,0.0231,0.1028,0.0542,0.1809,0.0806
4074,-118.515,34.015,0.1544,0.0533,0.1802,0.0832,0.2278,0.1,0.8557,0.2927,0.614,0.252,0.0294,0.0293,0.1195,0.0658,0.2013,0.0934
4075,-118.505,34.015,0.1649,0.0576,0.2048,0.098,0.2308,0.1015,0.8848,0.3115,0.6727,0.2852,0.0304,0.0314,0.1205,0.0666,0.2224,0.1071
4076,-118.495,34.015,0.1684,0.0589,0.2195,0.1068,0.2375,0.1057,0.8976,0.3344,0.7112,0.3062,0.0323,0.0344,0.1239,0.0693,0.2335,0.1148
4077,-118.485,34.015,0.1804,0.0645,0.2242,0.1095,0.2479,0.1124,0.894,0.3613,0.7639,0.3492,0.035,0.0384,0.1295,0.0738,0.2424,0.121
4078,-118.475,34.015,0.1719,0.0597,0.2303,0.1135,0.2427,0.109,0.8262,0.3534,0.7866,0.3468,0.0355,0.0389,0.1262,0.0715,0.2487,0.1252
4079,-118.465,34.015,0.1716,0.0589,0.2363,0.1175,0.2354,0.1043,0.7511,0.34,0.8182,0.3607,0.0359,0.0389,0.1219,0.0684,0.2528,0.1277
4080,-118.455,34.015,0.1733,0.0589,0.2412,0.1207,0.2337,0.1034,0.7044,0.3353,0.8495,0.377,0.0381,0.0408,0.1219,0.0686,0.257,0.1302
4081,-118.445,34.015,0.1763,0.0594,0.2435,0.1223,0.2378,0.1064,0.6799,0.3419,0.8763,0.3909,0.0404,0.0434,0.1253,0.0715,0.2608,0.1324
4082,-118.435,34.015,0.1882,0.0642,0.2434,0.1222,0.2475,0.1136,0.6778,0.3597,0.9003,0.4179,0.0429,0.0468,0.1323,0.077,0.2669,0.1363
4083,-118.425,34.015,0.2104,0.074,0.2478,0.1256,0.2441,0.1126,0.6561,0.3458,0.9147,0.4566,0.0421,0.0454,0.1305,0.0759,0.272,0.1392
4084,-118.415,34.015,0.2041,0.0689,0.2539,0.1303,0.242,0.1131,0.6377,0.3318,0.9127,0.4223,0.0417,0.044,0.1293,0.0752,0.2699,0.1365
4085,-118.405,34.015,0.2311,0.0805,0.2634,0.138,0.2592,0.1287,0.6551,0.3493,0.9085,0.4533,0.0465,0.0483,0.1394,0.0835,0.2785,0.1427
4086,-118.395,34.015,0.2431,0.0838,0.2651,0.1401,0.2595,0.1323,0.6502,0.3359,0.8977,0.4429,0.0474,0.0472,0.1386,0.0831,0.2793,0.1427
4087,-118.385,34.015,0.2382,0.0779,0.2591,0.1366,0.2429,0.1241,0.6229,0.2916,0.8781,0.3941,0.0444,0.0407,0.1268,0.074,0.2757,0.1393
4088,-118.375,34.015,0.2631,0.0871,0.2557,0.1363,0.2465,0.1325,0.6275,0.2786,0.8603,0.3969,0.0454,0.0397,0.1273,0.0746,0.2722,0.1362
4089,-118.365,34.015,0.2782,0.091,0.2542,0.1377,0.2546,0.145,0.637,0.2738,0.8409,0.3839,0.0472,0.0399,0.1305,0.0774,0.2785,0.141
4090,-118.355,34.015,0.3008,0.1007,0.2587,0.1446,0.2648,0.1609,0.6384,0.2779,0.8279,0.3974,0.0488,0.0403,0.1345,0.081,0.2872,0.1479
4091,-118.345,34.015,0.3083,0.1038,0.264,0.1527,0.2713,0.1738,0.6301,0.2781,0.8166,0.3986,0.0492,0.0392,0.1367,0.083,0.297,0.1558
4092,-118.335,34.015,0.3173,0.1079,0.2701,0.1621,0.2742,0.1839,0.6121,0.2745,0.8073,0.4053,0.0485,0.0367,0.1368,0.0834,0.3069,0.1637
4093,-118.325,34.015,0.3256,0.1115,0.2702,0.1669,0.2742,0.1905,0.5881,0.2617,0.7998,0.4084,0.0472,0.0349,0.135,0.0822,0.3154,0.1709
4094,-118.315,34.015,0.3306,0.1125,0.2682,0.17,0.2731,0.1954,0.5628,0.246,0.8015,0.4106,0.0457,0.0333,0.1325,0.0804,0.3204,0.1748
4095,-118.305,34.015,0.3362,0.1134,0.2624,0.1696,0.2686,0.196,0.5365,0.2255,0.8017,0.4113,0.0438,0.0323,0.1284,0.0773,0.3235,0.1771
4096,-118.295,34.015,0.3437,0.1148,0.2578,0.1702,0.2642,0.196,0.5181,0.2094,0.8004,0.4108,0.042,0.0312,0.1247,0.0746,0.3257,0.1785
4097,-118.285,34.015,0.3544,0.1177,0.2543,0.1718,0.2599,0.1953,0.5077,0.1976,0.7986,0.4104,0.0402,0.03,0.1215,0.0724,0.3291,0.1809
4098,-118.275,34.015,0.3741,0.126,0.2572,0.1792,0.2674,0.2026,0.5084,0.199,0.8003,0.4177,0.0408,0.0306,0.1232,0.0739,0.3354,0.1857
4099,-118.265,34.015,0.396,0.1356,0.2612,0.1867,0.2771,0.2104,0.5108,0.2025,0.7977,0.4226,0.0418,0.0314,0.1254,0.076,0.3408,0.1896
4100,-118.255,34.015,0.4153,0.1434,0.2637,0.1896,0.2851,0.2122,0.5098,0.2024,0.7894,0.4191,0.043,0.0321,0.1259,0.0766,0.3445,0.1919
4101,-118.245,34.015,0.4335,0.1502,0.2663,0.1899,0.2904,0.211,0.513,0.2011,0.7777,0.4105,0.0446,0.0332,0.1256,0.0766,0.3461,0.1923
4102,-118.235,34.015,0.4509,0.1563,0.269,0.1874,0.2931,0.207,0.5206,0.1986,0.765,0.3998,0.0467,0.0347,0.1245,0.0761,0.3458,0.1909
4103,-118.225,34.015,0.4661,0.1605,0.2655,0.1759,0.2886,0.1971,0.5303,0.1961,0.7525,0.3864,0.0476,0.035,0.121,0.0735,0.3398,0.1845
4104,-118.215,34.015,0.4769,0.161,0.2619,0.1637,0.2833,0.1872,0.5427,0.1948,0.746,0.3726,0.0483,0.0351,0.1174,0.0709,0.3323,0.1769
4105,-118.205,34.015,0.4921,0.1652,0.2644,0.1575,0.2809,0.1828,0.5653,0.1998,0.7435,0.3672,0.0497,0.0356,0.1161,0.0701,0.3285,0.1728
4106,-118.195,34.015,0.5149,0.175,0.2669,0.1516,0.2794,0.1754,0.5874,0.2041,0.7451,0.3692,0.0513,0.036,0.1155,0.0699,0.3298,0.1731
4107,-118.185,34.015,0.5409,0.1872,0.2695,0.146,0.2788,0.1651,0.609,0.2078,0.7448,0.3688,0.053,0.0363,0.1155,0.0702,0.3302,0.1727
4108,-118.175,34.015,0.5653,0.1981,0.2599,0.1322,0.2623,0.1443,0.5829,0.1887,0.7419,0.3644,0.0503,0.0326,0.1074,0.0641,0.3245,0.1672
4109,-118.165,34.015,0.5515,0.1774,0.2495,0.1184,0.2457,0.1245,0.55,0.1678,0.6984,0.3073,0.0474,0.0287,0.0991,0.0578,0.3107,0.1551
4110,-118.155,34.015,0.5701,0.185,0.247,0.1127,0.2447,0.1191,0.5313,0.1615,0.6943,0.3028,0.0479,0.0274,0.0978,0.057,0.3051,0.1499
4111,-118.145,34.015,0.5861,0.1926,0.2458,0.1085,0.2445,0.1149,0.5115,0.1558,0.6909,0.299,0.0489,0.0269,0.0969,0.0566,0.3025,0.1474
4112,-118.135,34.015,0.5989,0.1992,0.2459,0.1058,0.2449,0.1118,0.4906,0.1506,0.6877,0.2955,0.0505,0.0273,0.0964,0.0564,0.3014,0.1458
4113,-118.125,34.015,0.6128,0.2052,0.2466,0.1042,0.2418,0.1067,0.4712,0.1454,0.6828,0.2907,0.0518,0.0282,0.0959,0.0562,0.3008,0.1448
4114,-118.115,34.015,0.6238,0.2106,0.248,0.1033,0.239,0.1018,0.4532,0.1411,0.6752,0.285,0.053,0.0295,0.0958,0.0563,0.3007,0.1441
4115,-118.105,34.015,0.6374,0.2182,0.2527,0.1053,0.2407,0.1003,0.4406,0.1418,0.6683,0.2817,0.0545,0.032,0.0977,0.0581,0.307,0.1486
4116,-118.095,34.015,0.6579,0.2338,0.2648,0.1129,0.2534,0.1058,0.4436,0.1534,0.6675,0.2878,0.0592,0.0374,0.1052,0.0645,0.3204,0.1591
4117,-118.085,34.015,0.6924,0.2751,0.2841,0.126,0.2773,0.1184,0.4623,0.1759,0.6839,0.3252,0.0672,0.0457,0.1184,0.0754,0.3369,0.1724
4118,-118.075,34.015,0.7052,0.2921,0.2879,0.1281,0.2774,0.116,0.4449,0.1784,0.6784,0.3332,0.0683,0.0481,0.1195,0.0766,0.3464,0.1801
4119,-118.065,34.015,0.7042,0.2783,0.2855,0.1261,0.2716,0.1102,0.4188,0.1757,0.6562,0.307,0.0678,0.0486,0.1175,0.0752,0.3384,0.1726
4120,-118.055,34.015,0.6986,0.2619,0.2682,0.1146,0.2603,0.1023,0.3863,0.1675,0.6301,0.2809,0.0659,0.0468,0.112,0.0709,0.3243,0.16
4121,-118.045,34.015,0.6779,0.2328,0.2513,0.1038,0.2437,0.0928,0.3456,0.1531,0.5907,0.2441,0.0621,0.0429,0.1032,0.064,0.306,0.1444
4122,-118.035,34.015,0.6493,0.2025,0.2348,0.0939,0.2218,0.0818,0.2968,0.1326,0.5463,0.2087,0.0565,0.0371,0.0913,0.0546,0.2848,0.1274
4123,-118.025,34.015,0.6348,0.1887,0.2257,0.089,0.2184,0.0814,0.2813,0.1257,0.5223,0.1948,0.0569,0.0361,0.0886,0.0527,0.2761,0.1207
4124,-118.015,34.015,0.6181,0.1766,0.219,0.0856,0.2198,0.0837,0.2738,0.1219,0.5081,0.1891,0.0587,0.0362,0.0882,0.0526,0.2744,0.1189
4125,-118.005,34.015,0.6,0.1653,0.2171,0.0851,0.2251,0.0882,0.2723,0.1203,0.5046,0.1907,0.0611,0.0369,0.0899,0.0541,0.2804,0.1229
4126,-117.995,34.015,0.5874,0.1585,0.2174,0.0859,0.2313,0.0933,0.2712,0.1189,0.5152,0.2034,0.0637,0.0378,0.0921,0.0561,0.2943,0.1325
4127,-117.985,34.015,0.5659,0.1463,0.2198,0.0881,0.2384,0.0991,0.2705,0.1179,0.5204,0.2118,0.0666,0.0389,0.0948,0.0585,0.3087,0.1432
4128,-117.975,34.015,0.5409,0.132,0.2192,0.0885,0.2417,0.1027,0.2656,0.1141,0.5231,0.2184,0.069,0.0393,0.096,0.0597,0.3221,0.1535
4129,-117.965,34.015,0.5162,0.118,0.2174,0.0882,0.244,0.1058,0.2604,0.1099,0.5246,0.2242,0.0712,0.0396,0.0968,0.0606,0.334,0.1628
4130,-117.955,34.015,0.4936,0.1056,0.2133,0.0867,0.2452,0.1081,0.2573,0.1066,0.5248,0.229,0.0733,0.0402,0.0974,0.0613,0.3434,0.1703
4131,-117.945,34.015,0.47,0.0943,0.2089,0.0849,0.2436,0.1084,0.2545,0.1032,0.5174,0.2265,0.0735,0.0398,0.0969,0.0611,0.3464,0.1719
4132,-117.935,34.015,0.4445,0.0845,0.2041,0.0828,0.2392,0.1068,0.252,0.0994,0.5026,0.2171,0.0718,0.0385,0.0955,0.0602,0.3475,0.1715
4133,-117.925,34.015,0.4238,0.079,0.2015,0.0822,0.2407,0.1089,0.2573,0.1012,0.4915,0.2112,0.0727,0.0392,0.097,0.0616,0.349,0.1715
4134,-117.915,34.015,0.4084,0.0777,0.1987,0.0813,0.2408,0.1101,0.2609,0.1027,0.4833,0.2079,0.0732,0.0399,0.098,0.0627,0.3495,0.1706
4135,-117.905,34.015,0.3811,0.0734,0.1919,0.0781,0.2281,0.1026,0.2484,0.0976,0.4584,0.19,0.0693,0.0379,0.0932,0.059,0.3434,0.1642
4136,-117.895,34.015,0.3649,0.0737,0.1861,0.0755,0.2209,0.0987,0.2419,0.0963,0.4439,0.1817,0.0674,0.0376,0.0911,0.0575,0.3412,0.1611
4137,-117.885,34.015,0.3519,0.0751,0.1813,0.0734,0.2193,0.0984,0.2415,0.0989,0.4323,0.1757,0.0676,0.0387,0.0917,0.0581,0.3386,0.1578
4138,-117.875,34.015,0.3288,0.0722,0.177,0.0716,0.2156,0.0967,0.239,0.1001,0.4089,0.161,0.0669,0.0394,0.0912,0.0579,0.3369,0.1551
4139,-117.865,34.015,0.3238,0.0758,0.1733,0.0702,0.2114,0.0947,0.2366,0.1012,0.4058,0.162,0.0656,0.0398,0.0905,0.0576,0.3385,0.1554
4140,-117.855,34.015,0.3132,0.0764,0.1717,0.07,0.2072,0.0924,0.2361,0.103,0.3972,0.1592,0.0623,0.0393,0.09,0.0574,0.3402,0.1561
4141,-117.845,34.015,0.2916,0.0718,0.1683,0.0688,0.2021,0.0895,0.2349,0.1042,0.3766,0.1477,0.0588,0.0384,0.089,0.0568,0.3393,0.1548
4142,-117.835,34.015,0.2778,0.0699,0.163,0.0664,0.1961,0.0861,0.233,0.1049,0.3651,0.1427,0.0552,0.0372,0.0876,0.0558,0.3369,0.1521
4143,-117.825,34.015,0.2582,0.0652,0.1576,0.0639,0.1926,0.0842,0.2333,0.1068,0.347,0.1333,0.053,0.0368,0.0871,0.0557,0.3342,0.1491
4144,-117.815,34.015,0.25,0.0647,0.1525,0.0617,0.1889,0.0822,0.2329,0.1081,0.3434,0.1336,0.0511,0.0363,0.0864,0.0552,0.3357,0.1496
4145,-117.805,34.015,0.2307,0.0594,0.1498,0.0608,0.1812,0.0778,0.2262,0.105,0.3273,0.1254,0.0489,0.0349,0.0832,0.0528,0.3377,0.1502
4146,-117.795,34.015,0.2175,0.0563,0.1466,0.0596,0.1766,0.0752,0.2225,0.1037,0.319,0.1224,0.0479,0.0344,0.0814,0.0516,0.3407,0.1516
4147,-117.785,34.015,0.2062,0.0537,0.1431,0.0583,0.1751,0.0745,0.2218,0.1042,0.3131,0.1207,0.0481,0.0348,0.081,0.0514,0.3455,0.1544
4148,-117.775,34.015,0.1957,0.0512,0.1414,0.0579,0.1741,0.0741,0.2207,0.1042,0.3077,0.1193,0.0484,0.0355,0.0806,0.0513,0.3532,0.1594
4149,-117.765,34.015,0.1865,0.0491,0.14,0.0577,0.1734,0.0738,0.2194,0.104,0.3029,0.1182,0.0488,0.0363,0.0803,0.0512,0.3604,0.1639
4150,-117.755,34.015,0.1788,0.0474,0.1377,0.057,0.1733,0.074,0.2181,0.1038,0.2989,0.1175,0.0494,0.0372,0.08,0.0512,0.369,0.1695
4151,-117.745,34.015,0.1728,0.0464,0.1363,0.0568,0.1756,0.0756,0.2194,0.1053,0.296,0.1176,0.051,0.0387,0.0809,0.0521,0.38,0.1773
4152,-117.735,34.015,0.1729,0.0477,0.1358,0.0571,0.1801,0.0786,0.2232,0.1085,0.3008,0.1225,0.0535,0.0408,0.0828,0.0539,0.395,0.1885
4153,-117.725,34.015,0.1728,0.0489,0.1336,0.0565,0.1828,0.0804,0.2242,0.1098,0.3043,0.1267,0.0555,0.0421,0.0836,0.0548,0.4087,0.1988
4154,-117.715,34.015,0.1696,0.0489,0.1309,0.0555,0.1847,0.0819,0.2243,0.1105,0.3018,0.1268,0.0571,0.0429,0.0841,0.0554,0.4205,0.2076
4155,-117.705,34.015,0.1669,0.0491,0.1275,0.0541,0.1851,0.0825,0.2225,0.1097,0.2997,0.1272,0.0576,0.0426,0.0838,0.0553,0.4312,0.2154
4156,-117.695,34.015,0.1646,0.0494,0.1246,0.053,0.1855,0.0831,0.2212,0.1091,0.2976,0.1276,0.0576,0.042,0.0834,0.0553,0.4422,0.2234
4157,-117.685,34.015,0.1616,0.0493,0.1224,0.0522,0.1861,0.0838,0.2204,0.1088,0.2953,0.1277,0.0571,0.041,0.0831,0.0552,0.4527,0.2311
4158,-117.675,34.015,0.1571,0.0484,0.1208,0.0517,0.1861,0.0842,0.2195,0.1084,0.2917,0.1269,0.0559,0.0398,0.0825,0.0549,0.461,0.2368
4159,-117.665,34.015,0.1522,0.0473,0.1194,0.0513,0.186,0.0845,0.2184,0.1079,0.2865,0.1249,0.0545,0.0384,0.0817,0.0544,0.4679,0.2411
4160,-117.655,34.015,0.1476,0.0462,0.1178,0.0509,0.1856,0.0846,0.2166,0.1068,0.2812,0.1228,0.0532,0.037,0.0808,0.0538,0.474,0.2447
4161,-118.945,34.025,0.0529,0.0185,0.0674,0.0298,0.1258,0.0524,0.2791,0.0934,0.0981,0.0324,0.0145,0.0114,0.0987,0.0471,0.106,0.0427
4162,-118.935,34.025,0.0538,0.0187,0.0686,0.0303,0.1271,0.0528,0.2799,0.0944,0.1004,0.0331,0.0145,0.0113,0.0986,0.047,0.1069,0.0432
4163,-118.925,34.025,0.0547,0.019,0.0699,0.0309,0.1284,0.0533,0.2806,0.0952,0.1029,0.0339,0.0144,0.0112,0.0985,0.047,0.108,0.0436
4164,-118.915,34.025,0.0557,0.0193,0.0713,0.0315,0.1327,0.0555,0.287,0.099,0.1055,0.0348,0.0148,0.0115,0.1006,0.0485,0.1093,0.0443
4165,-118.905,34.025,0.0566,0.0195,0.0727,0.0321,0.152,0.0664,0.3213,0.118,0.1082,0.0357,0.0169,0.0136,0.114,0.0574,0.1144,0.047
4166,-118.895,34.025,0.0576,0.0198,0.0742,0.0328,0.1625,0.0721,0.3384,0.1275,0.1109,0.0366,0.0179,0.0146,0.1205,0.0618,0.1193,0.0496
4167,-118.885,34.025,0.0585,0.0201,0.0758,0.0334,0.1641,0.0727,0.3383,0.1276,0.1136,0.0374,0.0178,0.0145,0.1203,0.0617,0.1214,0.0507
4168,-118.875,34.025,0.0595,0.0203,0.0775,0.0342,0.1657,0.0733,0.3376,0.1273,0.1164,0.0383,0.0177,0.0145,0.1201,0.0616,0.1217,0.0507
4169,-118.865,34.025,0.0605,0.0206,0.0831,0.0373,0.1672,0.0738,0.3367,0.1267,0.119,0.0391,0.0176,0.0144,0.1198,0.0615,0.1233,0.0514
4170,-118.855,34.025,0.0732,0.0263,0.1079,0.0521,0.1683,0.0741,0.3347,0.1253,0.1426,0.0498,0.0174,0.0142,0.1191,0.0611,0.1287,0.0543
4171,-118.845,34.025,0.0922,0.0348,0.1216,0.0602,0.1752,0.0776,0.3426,0.1284,0.1774,0.0659,0.0178,0.0147,0.1225,0.0633,0.1376,0.0592
4172,-118.835,34.025,0.0933,0.035,0.1243,0.0616,0.1878,0.0843,0.3604,0.1363,0.1802,0.0666,0.0189,0.0159,0.1299,0.0682,0.1453,0.0634
4173,-118.825,34.025,0.085,0.0308,0.1236,0.0607,0.1945,0.0879,0.3661,0.1389,0.1668,0.0589,0.0192,0.0163,0.133,0.0705,0.1483,0.0651
4174,-118.815,34.025,0.0898,0.0328,0.1228,0.0599,0.1991,0.0903,0.3678,0.1397,0.1755,0.0625,0.0193,0.0165,0.1346,0.0717,0.1499,0.0658
4175,-118.805,34.025,0.09,0.0327,0.1251,0.061,0.1987,0.0896,0.3619,0.1368,0.1761,0.0619,0.0188,0.016,0.1326,0.0703,0.1509,0.0661
4176,-118.795,34.025,0.096,0.0352,0.1315,0.0649,0.2033,0.092,0.3654,0.141,0.1859,0.0661,0.0188,0.0161,0.134,0.0714,0.1516,0.0662
4177,-118.785,34.025,0.1005,0.0371,0.142,0.0714,0.2128,0.0976,0.3783,0.1522,0.1941,0.0693,0.0195,0.0168,0.1388,0.0749,0.1533,0.067
4178,-118.775,34.025,0.102,0.0376,0.1452,0.0731,0.1926,0.0852,0.3491,0.1348,0.1983,0.0705,0.0174,0.0145,0.1238,0.0648,0.1467,0.0627
4179,-118.765,34.025,0.1034,0.0379,0.1466,0.0735,0.1708,0.072,0.3184,0.1155,0.2046,0.0727,0.0152,0.0121,0.1078,0.0539,0.1378,0.0572
4180,-118.755,34.025,0.1039,0.0378,0.1459,0.0725,0.1713,0.0719,0.3227,0.1158,0.2109,0.0749,0.0156,0.0122,0.1067,0.0533,0.1346,0.0553
4181,-118.745,34.025,0.0969,0.0343,0.1472,0.0728,0.1776,0.0755,0.3359,0.1216,0.205,0.0707,0.0167,0.013,0.1094,0.0553,0.1365,0.0563
4182,-118.735,34.025,0.1043,0.0375,0.1503,0.0743,0.1897,0.0826,0.3579,0.1328,0.2254,0.0803,0.0184,0.0144,0.1158,0.06,0.1415,0.0591
4183,-118.725,34.025,0.1083,0.0391,0.1524,0.0752,0.1926,0.0841,0.3665,0.135,0.2401,0.0868,0.0192,0.0148,0.1162,0.0604,0.1456,0.0613
4184,-118.715,34.025,0.1095,0.0393,0.1551,0.0765,0.194,0.0846,0.3732,0.1358,0.2504,0.091,0.0198,0.015,0.1157,0.0601,0.1465,0.0616
4185,-118.705,34.025,0.1125,0.0405,0.1616,0.0804,0.1974,0.0865,0.3846,0.1388,0.2645,0.0974,0.0207,0.0156,0.1165,0.0608,0.1498,0.0633
4186,-118.695,34.025,0.1193,0.0434,0.168,0.0841,0.2026,0.0896,0.4004,0.1441,0.2852,0.108,0.0219,0.0164,0.1183,0.0624,0.1549,0.0663
4187,-118.685,34.025,0.1236,0.0451,0.1742,0.0878,0.2095,0.094,0.4205,0.1517,0.2996,0.1146,0.0233,0.0175,0.1213,0.0648,0.1564,0.067
4188,-118.675,34.025,0.1274,0.0466,0.143,0.068,0.1874,0.0803,0.398,0.1321,0.3114,0.1197,0.0209,0.0152,0.107,0.055,0.1503,0.0632
4189,-118.665,34.025,0.08,0.0251,0.1111,0.0478,0.164,0.0658,0.3747,0.1113,0.2153,0.0672,0.0183,0.0127,0.0919,0.0446,0.1281,0.0508
4190,-118.655,34.025,0.0822,0.0258,0.1129,0.0484,0.1626,0.0649,0.3898,0.1115,0.2243,0.07,0.0184,0.0128,0.0903,0.0437,0.1234,0.0481
4191,-118.645,34.025,0.0845,0.0265,0.1148,0.0492,0.1625,0.0647,0.4094,0.1131,0.2341,0.073,0.0186,0.0129,0.0895,0.0433,0.1235,0.048
4192,-118.635,34.025,0.0868,0.0272,0.1167,0.0499,0.1638,0.0651,0.4334,0.1161,0.2445,0.0763,0.0188,0.0132,0.0894,0.0434,0.1249,0.0486
4193,-118.625,34.025,0.0891,0.0278,0.1187,0.0507,0.1637,0.0649,0.4548,0.1183,0.256,0.08,0.0188,0.0132,0.0886,0.043,0.1258,0.049
4194,-118.615,34.025,0.0914,0.0285,0.1208,0.0516,0.1637,0.0647,0.4773,0.1209,0.2689,0.0842,0.0188,0.0132,0.0879,0.0426,0.1277,0.0499
4195,-118.605,34.025,0.0936,0.0292,0.1229,0.0525,0.1662,0.0658,0.5074,0.1265,0.2833,0.0891,0.019,0.0135,0.0885,0.0431,0.1314,0.0517
4196,-118.595,34.025,0.0959,0.0299,0.1251,0.0534,0.1731,0.0692,0.551,0.1375,0.2997,0.0948,0.0198,0.0144,0.0914,0.0451,0.1363,0.0543
4197,-118.585,34.025,0.0982,0.0306,0.1273,0.0543,0.1845,0.075,0.6081,0.1539,0.318,0.1014,0.0211,0.0158,0.0967,0.0486,0.1415,0.057
4198,-118.575,34.025,0.1005,0.0313,0.1297,0.0553,0.1745,0.0696,0.6004,0.1485,0.3387,0.109,0.02,0.0151,0.0908,0.045,0.1393,0.056
4199,-118.565,34.025,0.1029,0.032,0.1321,0.0564,0.1667,0.0653,0.5997,0.1464,0.3623,0.118,0.0191,0.0147,0.0861,0.0422,0.1416,0.0572
4200,-118.555,34.025,0.1053,0.0328,0.1346,0.0575,0.1902,0.0776,0.6982,0.1816,0.3885,0.1281,0.0223,0.0182,0.0984,0.0503,0.151,0.0626
4201,-118.545,34.025,0.1078,0.0335,0.1552,0.0697,0.2038,0.0847,0.7576,0.2084,0.4177,0.1397,0.0242,0.0207,0.1053,0.0551,0.169,0.073
4202,-118.535,34.025,0.1487,0.0513,0.1938,0.0929,0.2073,0.0864,0.7779,0.2269,0.5594,0.2232,0.025,0.0222,0.1069,0.0564,0.1878,0.0845
4203,-118.525,34.025,0.1602,0.056,0.2061,0.1003,0.2258,0.0965,0.8406,0.2728,0.6235,0.2583,0.028,0.0265,0.1164,0.0631,0.2075,0.097
4204,-118.515,34.025,0.168,0.0595,0.2118,0.1036,0.2435,0.1061,0.9002,0.3178,0.6734,0.2898,0.0308,0.0306,0.1253,0.0694,0.2241,0.1079
4205,-118.505,34.025,0.1663,0.0583,0.211,0.1026,0.242,0.1045,0.9019,0.3307,0.7072,0.3031,0.031,0.0318,0.1234,0.0682,0.2355,0.1158
4206,-118.495,34.025,0.1692,0.0594,0.2121,0.1029,0.2437,0.1051,0.8934,0.3467,0.7522,0.3284,0.032,0.0337,0.1236,0.0685,0.2402,0.119
4207,-118.485,34.025,0.1718,0.0602,0.2151,0.1046,0.2486,0.1077,0.8748,0.3658,0.7998,0.3568,0.0337,0.0363,0.1257,0.0704,0.2487,0.125
4208,-118.475,34.025,0.1983,0.0736,0.227,0.1129,0.2544,0.1107,0.8312,0.3815,0.868,0.4409,0.0362,0.0394,0.1285,0.0728,0.257,0.1308
4209,-118.465,34.025,0.1912,0.0692,0.2385,0.1209,0.2595,0.1131,0.7834,0.3935,0.8994,0.4425,0.0387,0.0423,0.1311,0.075,0.2639,0.1355
4210,-118.455,34.025,0.1927,0.0692,0.239,0.1212,0.2599,0.1126,0.74,0.3911,0.9337,0.4632,0.0409,0.0445,0.1317,0.0757,0.2683,0.1382
4211,-118.445,34.025,0.1999,0.0722,0.2434,0.1245,0.2635,0.1146,0.7131,0.3943,0.9615,0.4919,0.0428,0.0465,0.1342,0.0778,0.2742,0.1421
4212,-118.435,34.025,0.2078,0.0753,0.2517,0.1309,0.2703,0.119,0.7026,0.4031,0.9781,0.5095,0.0442,0.0485,0.1386,0.0815,0.2795,0.1453
4213,-118.425,34.025,0.2133,0.0768,0.2394,0.122,0.2615,0.1141,0.6741,0.3753,0.9875,0.5121,0.0421,0.0452,0.133,0.0774,0.2798,0.1444
4214,-118.415,34.025,0.1983,0.0671,0.2282,0.1139,0.2532,0.1102,0.6494,0.3473,0.996,0.4581,0.0402,0.0419,0.1277,0.0734,0.2682,0.134
4215,-118.405,34.025,0.2198,0.076,0.2423,0.1253,0.2627,0.1205,0.6614,0.3548,0.9903,0.4815,0.0433,0.0438,0.133,0.0779,0.2765,0.1399
4216,-118.395,34.025,0.2422,0.0854,0.2521,0.1341,0.2693,0.1301,0.6728,0.3579,0.9707,0.4942,0.0463,0.0446,0.1363,0.0808,0.2841,0.1455
4217,-118.385,34.025,0.2598,0.092,0.2576,0.1402,0.273,0.139,0.6836,0.3567,0.9504,0.4883,0.0491,0.0442,0.1375,0.0821,0.2906,0.1503
4218,-118.375,34.025,0.2753,0.0973,0.2581,0.1432,0.2773,0.151,0.6972,0.3531,0.9305,0.4752,0.0508,0.0442,0.139,0.0836,0.2964,0.1549
4219,-118.365,34.025,0.2897,0.1021,0.2578,0.146,0.2816,0.1637,0.7075,0.3483,0.912,0.4649,0.0518,0.0441,0.1404,0.085,0.3023,0.1597
4220,-118.355,34.025,0.3024,0.1067,0.2584,0.1504,0.2848,0.1764,0.699,0.339,0.895,0.4596,0.0515,0.0431,0.1407,0.0854,0.3089,0.1651
4221,-118.345,34.025,0.311,0.1098,0.2566,0.153,0.2824,0.1833,0.6724,0.3191,0.8795,0.4545,0.0497,0.0403,0.1376,0.0832,0.3127,0.1681
4222,-118.335,34.025,0.3147,0.1103,0.2524,0.1539,0.2742,0.1844,0.6277,0.2885,0.8655,0.4443,0.0463,0.0357,0.1312,0.0784,0.3121,0.1671
4223,-118.325,34.025,0.3132,0.1076,0.2471,0.1543,0.2695,0.1868,0.584,0.2609,0.8569,0.4289,0.044,0.0333,0.1263,0.0748,0.3115,0.1661
4224,-118.315,34.025,0.3253,0.1126,0.2414,0.1546,0.2674,0.1916,0.5441,0.2367,0.8589,0.4396,0.0423,0.0318,0.1229,0.0723,0.3138,0.1675
4225,-118.305,34.025,0.3331,0.1144,0.2352,0.1549,0.2753,0.2067,0.5225,0.2256,0.8583,0.4401,0.0427,0.0333,0.1249,0.0741,0.318,0.1705
4226,-118.295,34.025,0.3381,0.1139,0.2294,0.1556,0.2789,0.2168,0.5025,0.2148,0.8533,0.4316,0.0425,0.0338,0.1252,0.0745,0.3235,0.1744
4227,-118.285,34.025,0.3518,0.1183,0.2239,0.1567,0.2783,0.222,0.4842,0.2044,0.8524,0.4345,0.0416,0.0333,0.1237,0.0736,0.3284,0.1779
4228,-118.275,34.025,0.3772,0.1299,0.2274,0.1667,0.2844,0.2294,0.4818,0.206,0.8557,0.4513,0.0425,0.0339,0.1255,0.0753,0.3371,0.1849
4229,-118.265,34.025,0.4016,0.1411,0.2319,0.177,0.2915,0.2352,0.484,0.2098,0.8508,0.4582,0.0438,0.0345,0.1274,0.0771,0.3437,0.1901
4230,-118.255,34.025,0.4212,0.1489,0.2326,0.1794,0.2965,0.2306,0.4927,0.212,0.839,0.451,0.0447,0.0346,0.1271,0.0771,0.3476,0.1926
4231,-118.245,34.025,0.4409,0.1566,0.234,0.1788,0.3002,0.2244,0.5075,0.2143,0.8251,0.4407,0.046,0.0352,0.1263,0.0768,0.3495,0.1932
4232,-118.235,34.025,0.4588,0.1628,0.2361,0.1753,0.3025,0.2167,0.5284,0.2168,0.8105,0.4268,0.0478,0.0362,0.1252,0.0762,0.349,0.1916
4233,-118.225,34.025,0.4739,0.1663,0.2229,0.1531,0.2887,0.1957,0.5338,0.2053,0.7989,0.4119,0.0464,0.0344,0.1174,0.0703,0.3371,0.18
4234,-118.215,34.025,0.4463,0.1401,0.2097,0.1304,0.274,0.1747,0.5403,0.1941,0.7535,0.3396,0.0449,0.0325,0.1095,0.0644,0.3219,0.1657
4235,-118.205,34.025,0.4585,0.1421,0.2114,0.1237,0.2707,0.1667,0.5684,0.1978,0.7484,0.3324,0.0458,0.0328,0.1081,0.0635,0.314,0.1583
4236,-118.195,34.025,0.4765,0.1474,0.2155,0.1194,0.2692,0.1599,0.5982,0.2025,0.7458,0.3288,0.047,0.0331,0.1074,0.0632,0.3147,0.1583
4237,-118.185,34.025,0.5117,0.1626,0.222,0.1176,0.2696,0.1541,0.6297,0.2081,0.7546,0.3386,0.0485,0.0333,0.1077,0.0636,0.3156,0.1583
4238,-118.175,34.025,0.5304,0.1675,0.2203,0.1106,0.2592,0.1397,0.6044,0.1927,0.7419,0.324,0.047,0.0308,0.1023,0.0597,0.3125,0.1552
4239,-118.165,34.025,0.5556,0.1777,0.2178,0.1034,0.2489,0.1257,0.569,0.1751,0.7394,0.3211,0.0454,0.0281,0.0968,0.0556,0.3037,0.1475
4240,-118.155,34.025,0.5787,0.1878,0.2193,0.1003,0.2495,0.1216,0.5413,0.1676,0.7386,0.3202,0.0462,0.0272,0.0962,0.0554,0.3016,0.1454
4241,-118.145,34.025,0.5951,0.195,0.2199,0.0972,0.2499,0.1178,0.516,0.1603,0.7349,0.3161,0.0476,0.0266,0.0957,0.0553,0.3006,0.144
4242,-118.135,34.025,0.6063,0.2002,0.2197,0.0942,0.2501,0.1144,0.493,0.1531,0.7304,0.3112,0.0493,0.0265,0.0953,0.0552,0.2995,0.1425
4243,-118.125,34.025,0.6128,0.2023,0.219,0.0915,0.246,0.1084,0.4724,0.1462,0.7218,0.3022,0.0506,0.0272,0.0945,0.0548,0.2981,0.1409
4244,-118.115,34.025,0.6215,0.2061,0.2189,0.0896,0.2419,0.1025,0.4533,0.1404,0.7128,0.2952,0.0516,0.0284,0.094,0.0546,0.298,0.1403
4245,-118.105,34.025,0.6352,0.2138,0.2232,0.0911,0.2418,0.0996,0.4392,0.1396,0.7066,0.2932,0.0527,0.0307,0.0954,0.0559,0.3024,0.1432
4246,-118.095,34.025,0.6513,0.2237,0.2313,0.0952,0.2482,0.1008,0.4332,0.1457,0.701,0.2937,0.0555,0.0348,0.1001,0.0599,0.3125,0.1506
4247,-118.085,34.025,0.6745,0.2424,0.2432,0.102,0.261,0.1063,0.4353,0.1586,0.7039,0.3062,0.0602,0.0406,0.1081,0.0667,0.3273,0.1621
4248,-118.075,34.025,0.6904,0.2572,0.2591,0.1124,0.2707,0.1094,0.4319,0.1699,0.7012,0.3148,0.0644,0.0456,0.1146,0.0722,0.3438,0.1756
4249,-118.065,34.025,0.7043,0.2799,0.2721,0.121,0.2767,0.1104,0.4233,0.178,0.6999,0.3345,0.0677,0.0494,0.1192,0.0763,0.35,0.1806
4250,-118.055,34.025,0.701,0.2723,0.2668,0.1173,0.2684,0.1035,0.3952,0.1722,0.6822,0.3201,0.0672,0.0485,0.116,0.0738,0.3451,0.1755
4251,-118.045,34.025,0.6907,0.2529,0.2536,0.1088,0.2563,0.0966,0.3603,0.1605,0.6575,0.2941,0.0648,0.0457,0.1096,0.0688,0.3305,0.1623
4252,-118.035,34.025,0.6627,0.2186,0.2325,0.0953,0.2404,0.0895,0.3185,0.143,0.6149,0.2527,0.0606,0.0409,0.1,0.0612,0.3087,0.1439
4253,-118.025,34.025,0.6327,0.1913,0.2186,0.0873,0.232,0.0867,0.2947,0.1311,0.5752,0.2223,0.0589,0.0382,0.0945,0.057,0.2956,0.1333
4254,-118.015,34.025,0.6068,0.1738,0.2078,0.0813,0.2266,0.0856,0.2772,0.1215,0.5516,0.2091,0.0581,0.0362,0.0906,0.0541,0.29,0.1286
4255,-118.005,34.025,0.5844,0.161,0.205,0.0802,0.229,0.0886,0.2718,0.1182,0.5413,0.2062,0.0595,0.0362,0.0908,0.0545,0.2932,0.1304
4256,-117.995,34.025,0.5722,0.1557,0.2063,0.0815,0.2342,0.0934,0.2695,0.1166,0.5488,0.2179,0.0617,0.0367,0.0925,0.0561,0.3052,0.1388
4257,-117.985,34.025,0.5541,0.1468,0.2117,0.0852,0.2423,0.0999,0.2702,0.1167,0.5538,0.2273,0.0648,0.0378,0.0956,0.0588,0.3184,0.1486
4258,-117.975,34.025,0.5275,0.1329,0.2101,0.085,0.2447,0.103,0.2647,0.1127,0.5514,0.2301,0.0662,0.0375,0.0963,0.0596,0.3288,0.1565
4259,-117.965,34.025,0.5022,0.1201,0.2068,0.0837,0.2458,0.1054,0.2587,0.1083,0.5491,0.2332,0.0673,0.037,0.0966,0.06,0.3377,0.1633
4260,-117.955,34.025,0.4771,0.1076,0.2018,0.0815,0.2467,0.1076,0.2559,0.1054,0.5431,0.2327,0.0683,0.0368,0.0969,0.0606,0.3452,0.1689
4261,-117.945,34.025,0.4442,0.0926,0.1959,0.0787,0.2461,0.1087,0.2548,0.1029,0.5241,0.2203,0.0691,0.0367,0.0969,0.0607,0.3472,0.1697
4262,-117.935,34.025,0.4205,0.0829,0.1891,0.0755,0.244,0.1088,0.2552,0.1007,0.5119,0.214,0.0695,0.0367,0.0964,0.0606,0.3493,0.1703
4263,-117.925,34.025,0.4083,0.0787,0.1898,0.0766,0.2417,0.1086,0.2565,0.1,0.5111,0.2178,0.0703,0.037,0.0961,0.0606,0.3513,0.1707
4264,-117.915,34.025,0.3919,0.0751,0.1899,0.0775,0.2379,0.1074,0.256,0.0991,0.501,0.2136,0.0705,0.037,0.0953,0.0601,0.3514,0.1696
4265,-117.905,34.025,0.3685,0.0723,0.1802,0.0725,0.2276,0.1016,0.2458,0.0957,0.4752,0.1954,0.0677,0.0359,0.0918,0.0574,0.3447,0.1627
4266,-117.895,34.025,0.3525,0.0723,0.1737,0.0695,0.2207,0.098,0.2398,0.095,0.4577,0.1853,0.066,0.0357,0.0899,0.0562,0.3428,0.1599
4267,-117.885,34.025,0.3407,0.0735,0.1706,0.0684,0.2173,0.0966,0.238,0.0968,0.4449,0.1789,0.0654,0.0366,0.0898,0.0563,0.3417,0.1578
4268,-117.875,34.025,0.3271,0.0738,0.1685,0.0679,0.2133,0.0947,0.2365,0.0987,0.43,0.1711,0.0647,0.0374,0.0895,0.0563,0.3417,0.1566
4269,-117.865,34.025,0.3177,0.0753,0.1668,0.0676,0.209,0.0926,0.2348,0.1004,0.4205,0.1676,0.0635,0.038,0.0891,0.0562,0.344,0.1573
4270,-117.855,34.025,0.3062,0.0751,0.1665,0.0682,0.2034,0.0895,0.2324,0.1009,0.4097,0.1635,0.0603,0.0374,0.0882,0.0556,0.3466,0.1587
4271,-117.845,34.025,0.2965,0.0752,0.165,0.0679,0.199,0.0871,0.2317,0.1024,0.4016,0.1615,0.0576,0.0371,0.0877,0.0554,0.3481,0.1592
4272,-117.835,34.025,0.2835,0.0734,0.1622,0.067,0.1959,0.0855,0.2327,0.105,0.3904,0.1569,0.0554,0.0369,0.0879,0.0557,0.3488,0.159
4273,-117.825,34.025,0.2553,0.065,0.1572,0.0647,0.1937,0.0844,0.234,0.1076,0.3615,0.1399,0.054,0.037,0.0881,0.0561,0.3489,0.1583
4274,-117.815,34.025,0.249,0.0651,0.1523,0.0625,0.1906,0.0828,0.2339,0.1091,0.3603,0.142,0.0525,0.0369,0.0877,0.056,0.3519,0.1597
4275,-117.805,34.025,0.2349,0.0617,0.1501,0.0619,0.1827,0.0782,0.2265,0.1055,0.3503,0.138,0.0501,0.0355,0.0845,0.0536,0.3531,0.1596
4276,-117.795,34.025,0.2183,0.0571,0.1464,0.0604,0.1782,0.0757,0.2223,0.104,0.3376,0.1321,0.049,0.035,0.0828,0.0524,0.3544,0.1597
4277,-117.785,34.025,0.2033,0.0529,0.1411,0.058,0.1771,0.0752,0.2215,0.1044,0.3267,0.1273,0.0491,0.0356,0.0825,0.0524,0.3571,0.1607
4278,-117.775,34.025,0.1968,0.0519,0.1406,0.0583,0.1755,0.0743,0.2189,0.1035,0.3274,0.1301,0.0491,0.036,0.0817,0.0519,0.3627,0.1641
4279,-117.765,34.025,0.1865,0.0492,0.1407,0.059,0.1745,0.0739,0.2168,0.1028,0.3215,0.1284,0.0493,0.0366,0.0811,0.0516,0.3728,0.1708
4280,-117.755,34.025,0.1769,0.0467,0.1392,0.0587,0.1778,0.076,0.219,0.105,0.3147,0.1261,0.051,0.0384,0.0825,0.0529,0.3849,0.1795
4281,-117.745,34.025,0.1758,0.0475,0.1375,0.0583,0.1807,0.0779,0.2206,0.1068,0.3188,0.1309,0.0528,0.04,0.0835,0.054,0.3979,0.1891
4282,-117.735,34.025,0.1717,0.0471,0.1354,0.0577,0.1832,0.0796,0.2215,0.1081,0.3163,0.1313,0.0546,0.0413,0.0842,0.0548,0.4105,0.1984
4283,-117.725,34.025,0.168,0.0469,0.1319,0.0563,0.1848,0.0808,0.2209,0.1084,0.3127,0.1309,0.0562,0.0422,0.0844,0.0552,0.4221,0.2069
4284,-117.715,34.025,0.1652,0.047,0.1282,0.0547,0.1861,0.0819,0.22,0.1083,0.3094,0.1306,0.0576,0.0427,0.0844,0.0554,0.4328,0.2146
4285,-117.705,34.025,0.1628,0.0473,0.1244,0.0531,0.1866,0.0825,0.2183,0.1077,0.3062,0.1303,0.0581,0.0424,0.084,0.0552,0.4429,0.2218
4286,-117.695,34.025,0.1604,0.0475,0.1212,0.0517,0.187,0.0831,0.2171,0.1073,0.3029,0.13,0.0579,0.0418,0.0836,0.0551,0.453,0.229
4287,-117.685,34.025,0.1573,0.0473,0.1185,0.0507,0.1875,0.0838,0.2162,0.1071,0.2992,0.1292,0.0571,0.0408,0.0832,0.0549,0.4622,0.2354
4288,-117.675,34.025,0.1535,0.0467,0.1171,0.0503,0.1878,0.0843,0.2154,0.1069,0.2948,0.1278,0.0556,0.0395,0.0825,0.0546,0.4704,0.2409
4289,-117.665,34.025,0.1493,0.0459,0.116,0.05,0.188,0.0848,0.2146,0.1066,0.2897,0.126,0.054,0.0381,0.0818,0.0542,0.4777,0.2455
4290,-117.655,34.025,0.1455,0.0452,0.1146,0.0497,0.1877,0.085,0.213,0.1057,0.2845,0.1239,0.0526,0.0367,0.0811,0.0538,0.4844,0.2497
4291,-118.945,34.035,0.0584,0.0211,0.0863,0.0413,0.134,0.0569,0.2995,0.1029,0.1055,0.0358,0.0153,0.0119,0.1048,0.0507,0.115,0.0472
4292,-118.935,34.035,0.0594,0.0214,0.0878,0.042,0.1354,0.0573,0.3003,0.1041,0.1083,0.0367,0.0152,0.0118,0.1047,0.0506,0.1162,0.0478
4293,-118.925,34.035,0.0604,0.0217,0.0893,0.0427,0.1357,0.0571,0.2991,0.1039,0.1112,0.0378,0.0151,0.0117,0.1038,0.05,0.1176,0.0484
4294,-118.915,34.035,0.0614,0.0219,0.0909,0.0434,0.1416,0.0602,0.3085,0.1095,0.1142,0.0388,0.0156,0.0121,0.107,0.0522,0.119,0.0491
4295,-118.905,34.035,0.0712,0.0263,0.0927,0.0443,0.1761,0.08,0.3713,0.1443,0.1324,0.0471,0.0195,0.016,0.1317,0.0687,0.1308,0.0556
4296,-118.895,34.035,0.0857,0.0329,0.0945,0.0451,0.1945,0.0904,0.4029,0.1621,0.159,0.0593,0.0215,0.018,0.1441,0.0771,0.1422,0.062
4297,-118.885,34.035,0.087,0.0333,0.0961,0.0458,0.1969,0.0914,0.4034,0.1629,0.1626,0.0606,0.0215,0.018,0.1441,0.0772,0.1466,0.0645
4298,-118.875,34.035,0.0864,0.0327,0.0971,0.0461,0.1978,0.0915,0.401,0.1616,0.163,0.0602,0.0212,0.0178,0.1431,0.0765,0.1458,0.0638
4299,-118.865,34.035,0.0888,0.0336,0.0989,0.0469,0.1985,0.0914,0.3977,0.1597,0.1683,0.0623,0.0209,0.0176,0.1418,0.0757,0.1461,0.0638
4300,-118.855,34.035,0.0882,0.0331,0.1053,0.0505,0.1987,0.0911,0.3934,0.1571,0.1683,0.0617,0.0206,0.0173,0.1403,0.0747,0.148,0.0647
4301,-118.845,34.035,0.0881,0.0328,0.109,0.0524,0.1929,0.087,0.3789,0.1483,0.169,0.0614,0.0195,0.0163,0.1344,0.0706,0.1494,0.0655
4302,-118.835,34.035,0.0816,0.0295,0.1101,0.0529,0.1808,0.0792,0.3541,0.1332,0.1584,0.0554,0.0177,0.0145,0.1241,0.0635,0.1423,0.061
4303,-118.825,34.035,0.0777,0.0275,0.1129,0.0542,0.1825,0.0797,0.3519,0.132,0.1518,0.0515,0.0174,0.0143,0.1236,0.0632,0.1395,0.0591
4304,-118.815,34.035,0.0866,0.0313,0.1158,0.0557,0.1865,0.0816,0.3534,0.1335,0.1673,0.0582,0.0173,0.0144,0.1247,0.0641,0.1409,0.0597
4305,-118.805,34.035,0.0909,0.0332,0.118,0.0568,0.1881,0.0822,0.3509,0.1339,0.1741,0.0608,0.017,0.0142,0.1242,0.0638,0.1442,0.0613
4306,-118.795,34.035,0.0914,0.0331,0.1237,0.0601,0.1978,0.0878,0.3622,0.1429,0.1741,0.0598,0.0175,0.0148,0.1291,0.0674,0.1445,0.0612
4307,-118.785,34.035,0.0988,0.0363,0.1328,0.0656,0.2156,0.0985,0.3875,0.1603,0.1856,0.0646,0.0189,0.0163,0.1394,0.0748,0.1489,0.0635
4308,-118.775,34.035,0.1023,0.0377,0.1396,0.0696,0.2077,0.0931,0.3781,0.1521,0.1923,0.067,0.0181,0.0153,0.1324,0.07,0.1487,0.0632
4309,-118.765,34.035,0.0922,0.0327,0.1448,0.0726,0.1968,0.0859,0.3649,0.1407,0.1807,0.0604,0.0171,0.014,0.1234,0.0637,0.1464,0.0616
4310,-118.755,34.035,0.0921,0.0324,0.1453,0.0724,0.1965,0.0854,0.3678,0.1397,0.1867,0.0625,0.0175,0.0141,0.1216,0.0626,0.146,0.0612
4311,-118.745,34.035,0.0986,0.0351,0.1466,0.0728,0.2069,0.0915,0.3869,0.1488,0.2054,0.0707,0.0192,0.0153,0.1267,0.0664,0.1532,0.0653
4312,-118.735,34.035,0.1072,0.0389,0.1488,0.0737,0.228,0.1042,0.4222,0.1679,0.2282,0.0814,0.0221,0.0178,0.1386,0.0749,0.1612,0.0701
4313,-118.725,34.035,0.1092,0.0395,0.1431,0.0697,0.2306,0.1054,0.4301,0.1691,0.2397,0.0863,0.023,0.0182,0.1386,0.075,0.1651,0.0723
4314,-118.715,34.035,0.1051,0.0373,0.1381,0.0661,0.2308,0.1051,0.4348,0.1679,0.2406,0.0853,0.0236,0.0183,0.137,0.074,0.1627,0.0706
4315,-118.705,34.035,0.1069,0.0378,0.1438,0.0692,0.2375,0.1091,0.4513,0.1734,0.2526,0.0903,0.0251,0.0192,0.1395,0.0759,0.1667,0.0728
4316,-118.695,34.035,0.1136,0.0407,0.1541,0.0754,0.2461,0.1145,0.4729,0.1816,0.2737,0.1005,0.0268,0.0205,0.1432,0.0789,0.1755,0.0783
4317,-118.685,34.035,0.123,0.0448,0.1689,0.0847,0.2566,0.1214,0.4997,0.1927,0.2973,0.1126,0.029,0.0222,0.1482,0.0829,0.1778,0.0795
4318,-118.675,34.035,0.1242,0.045,0.1419,0.0675,0.2163,0.0965,0.4484,0.1558,0.304,0.1144,0.0243,0.0178,0.1227,0.0654,0.1665,0.0723
4319,-118.665,34.035,0.0803,0.0252,0.112,0.0485,0.173,0.0699,0.3933,0.1162,0.2144,0.0665,0.0192,0.0131,0.0955,0.0466,0.1314,0.0522
4320,-118.655,34.035,0.0786,0.0243,0.1102,0.0473,0.166,0.066,0.3982,0.1113,0.213,0.065,0.0187,0.0127,0.0908,0.0438,0.122,0.047
4321,-118.645,34.035,0.0821,0.0255,0.1107,0.0473,0.1635,0.0644,0.4144,0.1105,0.2255,0.069,0.0186,0.0126,0.0886,0.0425,0.121,0.0464
4322,-118.635,34.035,0.0847,0.0263,0.1135,0.0485,0.1656,0.0653,0.4419,0.1138,0.2366,0.0725,0.0189,0.0128,0.0889,0.0428,0.1227,0.0471
4323,-118.625,34.035,0.0858,0.0266,0.1147,0.0489,0.1659,0.0652,0.4667,0.116,0.2445,0.0746,0.0189,0.0128,0.0883,0.0425,0.1229,0.0471
4324,-118.615,34.035,0.0873,0.0269,0.1171,0.0499,0.1666,0.0654,0.4934,0.1189,0.2548,0.0777,0.0188,0.0128,0.0879,0.0424,0.1257,0.0484
4325,-118.605,34.035,0.0925,0.0288,0.1267,0.055,0.1713,0.0675,0.5323,0.1263,0.2771,0.0858,0.0192,0.0133,0.0897,0.0436,0.1325,0.0518
4326,-118.595,34.035,0.1083,0.035,0.1337,0.0587,0.1823,0.073,0.5906,0.1414,0.331,0.1086,0.0205,0.0146,0.0948,0.0469,0.1415,0.0565
4327,-118.585,34.035,0.1176,0.0386,0.1383,0.061,0.1996,0.0819,0.6683,0.1643,0.3704,0.125,0.0225,0.0167,0.1033,0.0526,0.15,0.061
4328,-118.575,34.035,0.0987,0.0306,0.1302,0.0563,0.1821,0.0725,0.6403,0.1508,0.332,0.105,0.0204,0.0151,0.0934,0.0464,0.1389,0.0553
4329,-118.565,34.035,0.0933,0.0283,0.126,0.0538,0.1695,0.0657,0.6281,0.1441,0.3309,0.1035,0.0191,0.0143,0.0862,0.0421,0.14,0.056
4330,-118.555,34.035,0.1161,0.0377,0.1531,0.0695,0.2154,0.09,0.7981,0.207,0.4188,0.147,0.025,0.0206,0.1103,0.058,0.1597,0.0672
4331,-118.545,34.035,0.1549,0.0541,0.1753,0.0825,0.2415,0.1038,0.8934,0.2522,0.5569,0.2219,0.0286,0.0249,0.1238,0.0672,0.1996,0.0906
4332,-118.535,34.035,0.1605,0.0564,0.1924,0.0927,0.2479,0.1071,0.914,0.2799,0.604,0.248,0.0299,0.027,0.1269,0.0697,0.2173,0.1026
4333,-118.525,34.035,0.1624,0.057,0.1984,0.0961,0.2508,0.108,0.9182,0.3062,0.6474,0.27,0.0306,0.0289,0.1276,0.0704,0.2287,0.1105
4334,-118.515,34.035,0.1677,0.0593,0.2018,0.098,0.2525,0.1081,0.9164,0.3302,0.6969,0.2992,0.0311,0.0305,0.1273,0.0704,0.236,0.1155
4335,-118.505,34.035,0.1693,0.0598,0.2041,0.0991,0.2512,0.1063,0.9016,0.3444,0.7407,0.3216,0.0313,0.0316,0.1253,0.069,0.2404,0.1184
4336,-118.495,34.035,0.1692,0.0595,0.2047,0.0992,0.2495,0.1042,0.8753,0.3552,0.7858,0.3436,0.0315,0.0326,0.1231,0.0676,0.2428,0.1199
4337,-118.485,34.035,0.1686,0.0589,0.2036,0.0982,0.2473,0.1017,0.8374,0.3627,0.8332,0.3665,0.0319,0.0333,0.1208,0.0662,0.2469,0.1225
4338,-118.475,34.035,0.171,0.0597,0.2112,0.1033,0.2644,0.1112,0.8196,0.4013,0.885,0.3946,0.0362,0.039,0.1301,0.0735,0.257,0.1297
4339,-118.465,34.035,0.1951,0.0719,0.22,0.1093,0.2825,0.1213,0.8019,0.4389,0.9502,0.478,0.0409,0.045,0.1402,0.0814,0.2712,0.1401
4340,-118.455,34.035,0.1991,0.0736,0.2267,0.1141,0.2858,0.1218,0.7646,0.4398,0.9902,0.5093,0.0431,0.0475,0.1418,0.083,0.2802,0.1464
4341,-118.445,34.035,0.2023,0.0747,0.2327,0.1186,0.289,0.1225,0.7366,0.4398,1.0249,0.5346,0.0443,0.0488,0.1433,0.0844,0.2862,0.1504
4342,-118.435,34.035,0.2057,0.0757,0.2382,0.1229,0.292,0.1234,0.7177,0.4388,1.0497,0.5512,0.0446,0.0491,0.1445,0.0856,0.2885,0.1512
4343,-118.425,34.035,0.2113,0.0776,0.2244,0.1132,0.2796,0.1156,0.6857,0.4015,1.0644,0.5627,0.0416,0.0445,0.1362,0.0794,0.2837,0.1462
4344,-118.415,34.035,0.1907,0.0651,0.2106,0.1036,0.2667,0.1084,0.6576,0.3636,1.0894,0.4953,0.0388,0.0397,0.1276,0.0728,0.2668,0.1315
4345,-118.405,34.035,0.1967,0.0665,0.2162,0.1086,0.2667,0.112,0.662,0.3587,1.0846,0.4847,0.0397,0.0389,0.127,0.0726,0.269,0.1325
4346,-118.395,34.035,0.2226,0.078,0.2242,0.116,0.2783,0.1267,0.6884,0.3775,1.0631,0.5109,0.0444,0.0413,0.1336,0.0782,0.2821,0.1424
4347,-118.385,34.035,0.2524,0.0918,0.2347,0.1257,0.3015,0.1523,0.7367,0.42,1.0282,0.5353,0.0528,0.047,0.1474,0.0895,0.2993,0.1563
4348,-118.375,34.035,0.2756,0.1024,0.2368,0.1298,0.3039,0.1658,0.7561,0.4227,0.9944,0.5409,0.0546,0.0476,0.1485,0.0907,0.3137,0.1685
4349,-118.365,34.035,0.2836,0.1041,0.2371,0.1329,0.3016,0.1764,0.7639,0.414,0.9819,0.5206,0.0545,0.0468,0.1466,0.0895,0.3155,0.17
4350,-118.355,34.035,0.2922,0.1066,0.2368,0.1364,0.2969,0.185,0.7436,0.3896,0.9656,0.507,0.0523,0.0444,0.1425,0.0863,0.3177,0.1717
4351,-118.345,34.035,0.2931,0.1049,0.2304,0.1351,0.2869,0.1871,0.7011,0.3513,0.9494,0.482,0.0487,0.0405,0.1349,0.0805,0.3144,0.1684
4352,-118.335,34.035,0.2826,0.0969,0.218,0.1289,0.2716,0.1829,0.6364,0.299,0.9236,0.436,0.0437,0.035,0.124,0.0721,0.304,0.1587
4353,-118.325,34.035,0.2782,0.0925,0.2129,0.1294,0.266,0.1847,0.5795,0.2612,0.9053,0.4095,0.0412,0.0326,0.118,0.0677,0.2976,0.1527
4354,-118.315,34.035,0.2882,0.0956,0.2093,0.1314,0.2661,0.1918,0.5305,0.2316,0.9023,0.4122,0.0399,0.0318,0.115,0.0656,0.2996,0.1537
4355,-118.305,34.035,0.3094,0.1048,0.2051,0.1336,0.285,0.2193,0.5122,0.2277,0.9078,0.4341,0.0423,0.035,0.1221,0.0714,0.3083,0.1602
4356,-118.295,34.035,0.3405,0.1193,0.2024,0.1377,0.2956,0.2381,0.4898,0.2207,0.9209,0.472,0.0435,0.0366,0.1254,0.0742,0.3206,0.17
4357,-118.285,34.035,0.3593,0.1266,0.201,0.1438,0.2978,0.2482,0.4632,0.2106,0.9209,0.4818,0.0432,0.0366,0.125,0.0741,0.3285,0.176
4358,-118.275,34.035,0.3828,0.1369,0.2039,0.1555,0.3024,0.2556,0.4543,0.2109,0.9187,0.495,0.0443,0.0369,0.1264,0.0755,0.3382,0.1838
4359,-118.265,34.035,0.4043,0.1458,0.2067,0.1668,0.307,0.2593,0.4531,0.2139,0.9084,0.4947,0.0456,0.0372,0.1278,0.0769,0.345,0.189
4360,-118.255,34.035,0.4234,0.153,0.2053,0.1701,0.3095,0.248,0.4717,0.2193,0.8932,0.4828,0.0466,0.0368,0.1272,0.0768,0.3489,0.1915
4361,-118.245,34.035,0.4466,0.1626,0.2068,0.1699,0.3117,0.2369,0.4985,0.226,0.8776,0.4731,0.0478,0.0369,0.1266,0.0765,0.3514,0.1927
4362,-118.235,34.035,0.4679,0.1706,0.2111,0.1662,0.3136,0.226,0.5334,0.2341,0.8616,0.4592,0.0492,0.0376,0.1258,0.0762,0.3518,0.1919
4363,-118.225,34.035,0.4855,0.1756,0.2005,0.1443,0.2907,0.1947,0.5351,0.2144,0.8527,0.4456,0.0457,0.034,0.1141,0.0673,0.3362,0.1772
4364,-118.215,34.035,0.4569,0.1474,0.1896,0.1219,0.2668,0.1637,0.5365,0.1937,0.8117,0.3692,0.042,0.0303,0.1023,0.0584,0.3161,0.159
4365,-118.205,34.035,0.4711,0.1502,0.1922,0.1155,0.2623,0.155,0.5695,0.196,0.8081,0.3635,0.0424,0.0304,0.1007,0.0573,0.3061,0.1501
4366,-118.195,34.035,0.4871,0.154,0.1951,0.11,0.2603,0.1482,0.6042,0.1999,0.8028,0.3563,0.0432,0.0305,0.0999,0.0569,0.3046,0.1484
4367,-118.185,34.035,0.5131,0.1641,0.1982,0.1055,0.2607,0.1434,0.6406,0.2055,0.8052,0.3589,0.0443,0.0307,0.0999,0.0572,0.3054,0.1483
4368,-118.175,34.035,0.5383,0.1735,0.1989,0.1002,0.2584,0.1363,0.6199,0.1957,0.8015,0.3542,0.0444,0.0297,0.0982,0.0562,0.3054,0.1477
4369,-118.165,34.035,0.5601,0.181,0.1989,0.095,0.256,0.1293,0.5861,0.183,0.7938,0.345,0.0446,0.0286,0.0964,0.055,0.3027,0.145
4370,-118.155,34.035,0.5802,0.1885,0.1985,0.0907,0.2561,0.1251,0.5459,0.1726,0.7883,0.3387,0.0454,0.0276,0.0954,0.0545,0.3009,0.143
4371,-118.145,34.035,0.5962,0.1949,0.198,0.0869,0.2559,0.1209,0.5135,0.1628,0.7837,0.3333,0.0468,0.0268,0.0947,0.0542,0.2997,0.1414
4372,-118.135,34.035,0.607,0.1997,0.1976,0.0838,0.2552,0.1167,0.4887,0.1536,0.7796,0.3287,0.0486,0.026,0.0942,0.0541,0.298,0.1395
4373,-118.125,34.035,0.6114,0.2007,0.1973,0.0815,0.2501,0.1099,0.4691,0.1451,0.7704,0.3187,0.0498,0.0265,0.093,0.0534,0.2961,0.1375
4374,-118.115,34.035,0.6196,0.2045,0.198,0.0802,0.2451,0.1033,0.4517,0.1381,0.7619,0.3125,0.0507,0.0275,0.0923,0.053,0.2964,0.1373
4375,-118.105,34.035,0.6337,0.2126,0.2033,0.0822,0.2453,0.1004,0.4399,0.1379,0.7566,0.3122,0.0517,0.0303,0.0941,0.0546,0.3023,0.1414
4376,-118.095,34.035,0.6475,0.2208,0.2117,0.0863,0.2466,0.0983,0.4267,0.1395,0.7492,0.3114,0.0528,0.0333,0.0966,0.0567,0.3111,0.1477
4377,-118.085,34.035,0.6609,0.2294,0.223,0.0925,0.2489,0.097,0.4121,0.1431,0.7424,0.3124,0.0539,0.0367,0.0996,0.0593,0.3233,0.1569
4378,-118.075,34.035,0.6786,0.2456,0.2399,0.1031,0.2651,0.1039,0.4182,0.1603,0.7416,0.3263,0.0602,0.0433,0.1099,0.0679,0.3412,0.1712
4379,-118.065,34.035,0.6985,0.2738,0.2544,0.1123,0.28,0.11,0.4226,0.1762,0.7464,0.3572,0.0663,0.0494,0.1194,0.0759,0.3559,0.1836
4380,-118.055,34.035,0.6931,0.2667,0.2516,0.1101,0.2742,0.1042,0.3989,0.1724,0.7291,0.345,0.0668,0.0492,0.118,0.0751,0.358,0.1846
4381,-118.045,34.035,0.684,0.2539,0.245,0.1059,0.2678,0.1004,0.3722,0.1647,0.7087,0.3272,0.0662,0.0477,0.1146,0.0725,0.3499,0.1766
4382,-118.035,34.035,0.668,0.2335,0.2348,0.0994,0.2608,0.0986,0.3427,0.1531,0.6812,0.3013,0.0645,0.0449,0.109,0.0681,0.3364,0.164
4383,-118.025,34.035,0.6379,0.2028,0.2199,0.0904,0.2489,0.0942,0.313,0.1378,0.6413,0.2639,0.0614,0.041,0.1016,0.0624,0.3202,0.1502
4384,-118.015,34.035,0.6053,0.1793,0.2059,0.0821,0.2378,0.0902,0.2863,0.1233,0.6089,0.2404,0.0586,0.0373,0.0948,0.0572,0.31,0.1417
4385,-118.005,34.035,0.5765,0.163,0.2003,0.0793,0.2353,0.0907,0.2744,0.1169,0.5897,0.2303,0.0584,0.036,0.0928,0.0557,0.3079,0.1395
4386,-117.995,34.035,0.5588,0.1554,0.199,0.079,0.2378,0.0939,0.2685,0.1138,0.5888,0.236,0.0596,0.0357,0.0931,0.0562,0.315,0.1442
4387,-117.985,34.035,0.5392,0.1468,0.202,0.0812,0.2453,0.1001,0.2687,0.114,0.5884,0.242,0.0622,0.0364,0.0959,0.0587,0.326,0.1523
4388,-117.975,34.035,0.5137,0.1347,0.2001,0.0807,0.2469,0.1028,0.2628,0.1103,0.5823,0.2425,0.0628,0.0356,0.0963,0.0592,0.3341,0.1582
4389,-117.965,34.035,0.4885,0.123,0.1972,0.0796,0.2473,0.1048,0.2565,0.1061,0.5761,0.2427,0.063,0.0345,0.0962,0.0594,0.3411,0.1633
4390,-117.955,34.035,0.466,0.1127,0.1938,0.0782,0.2477,0.1068,0.2537,0.1037,0.5697,0.2426,0.0629,0.0335,0.0964,0.0598,0.3475,0.1679
4391,-117.945,34.035,0.4463,0.1035,0.1897,0.0765,0.2483,0.1088,0.2539,0.1022,0.5623,0.2417,0.0642,0.0337,0.0969,0.0604,0.3521,0.1708
4392,-117.935,34.035,0.427,0.0951,0.1851,0.0745,0.2489,0.1108,0.2571,0.1018,0.5533,0.239,0.0668,0.0351,0.0975,0.0611,0.3555,0.1727
4393,-117.925,34.035,0.4055,0.0867,0.1814,0.0731,0.2421,0.1078,0.2537,0.0984,0.5396,0.2318,0.0672,0.0347,0.0951,0.0594,0.3556,0.1716
4394,-117.915,34.035,0.3789,0.0781,0.1775,0.0715,0.234,0.1038,0.2486,0.095,0.5146,0.2144,0.0669,0.034,0.0924,0.0574,0.3527,0.168
4395,-117.905,34.035,0.362,0.0757,0.1717,0.0688,0.2272,0.1005,0.2425,0.0939,0.4962,0.2038,0.0657,0.0339,0.0906,0.0561,0.3491,0.1638
4396,-117.895,34.035,0.3476,0.0749,0.1672,0.0669,0.2211,0.0975,0.2378,0.0938,0.4792,0.1946,0.0643,0.034,0.0892,0.0553,0.3479,0.1617
4397,-117.885,34.035,0.3341,0.0746,0.1639,0.0657,0.2155,0.0948,0.2345,0.0948,0.4629,0.1862,0.0627,0.0345,0.0883,0.0547,0.3476,0.1602
4398,-117.875,34.035,0.3209,0.0742,0.1613,0.0649,0.2112,0.0927,0.2339,0.0971,0.447,0.1782,0.0618,0.0353,0.0882,0.0548,0.3484,0.1597
4399,-117.865,34.035,0.3113,0.0749,0.1592,0.0643,0.2067,0.0905,0.2332,0.0993,0.4358,0.174,0.0607,0.036,0.088,0.0549,0.3509,0.1606
4400,-117.855,34.035,0.2983,0.0737,0.159,0.0648,0.2003,0.087,0.23,0.0993,0.4216,0.1677,0.0582,0.0356,0.0869,0.0542,0.3535,0.1619
4401,-117.845,34.035,0.2862,0.0725,0.157,0.0643,0.1962,0.0849,0.2294,0.1009,0.4092,0.1627,0.0563,0.0356,0.0868,0.0544,0.3567,0.1637
4402,-117.835,34.035,0.2755,0.0715,0.1531,0.0627,0.1944,0.0841,0.2315,0.1042,0.3993,0.1594,0.055,0.0361,0.0877,0.0553,0.3606,0.166
4403,-117.825,34.035,0.2697,0.0722,0.1526,0.063,0.1932,0.0837,0.2337,0.1075,0.3967,0.1613,0.0543,0.0367,0.0885,0.0562,0.3654,0.1689
4404,-117.815,34.035,0.2525,0.0677,0.1517,0.0631,0.191,0.0826,0.2343,0.1095,0.3817,0.154,0.0534,0.037,0.0887,0.0566,0.3674,0.1695
4405,-117.805,34.035,0.2302,0.0607,0.1461,0.0605,0.1836,0.0783,0.2268,0.1059,0.3608,0.1425,0.0511,0.0358,0.0857,0.0543,0.3675,0.1684
4406,-117.795,34.035,0.2148,0.0564,0.1393,0.0572,0.1793,0.0758,0.2221,0.104,0.3496,0.1377,0.0499,0.0355,0.084,0.0531,0.3669,0.1668
4407,-117.785,34.035,0.2003,0.0523,0.1313,0.0533,0.178,0.0752,0.2203,0.1039,0.3393,0.1336,0.0499,0.036,0.0836,0.0529,0.3666,0.1654
4408,-117.775,34.035,0.1819,0.0468,0.1265,0.0513,0.1766,0.0744,0.2174,0.1028,0.3215,0.1257,0.0498,0.0364,0.0828,0.0525,0.366,0.1638
4409,-117.765,34.035,0.1738,0.0447,0.1247,0.0509,0.1765,0.0744,0.2156,0.1025,0.3204,0.1264,0.0502,0.0371,0.0825,0.0524,0.3824,0.1757
4410,-117.755,34.035,0.1756,0.0463,0.1338,0.0565,0.1824,0.0781,0.2205,0.1065,0.3326,0.1363,0.0527,0.0396,0.085,0.0547,0.401,0.1897
4411,-117.745,34.035,0.1702,0.0453,0.137,0.0588,0.1857,0.0801,0.2219,0.1082,0.3298,0.1367,0.0545,0.0411,0.0861,0.0558,0.4162,0.2014
4412,-117.735,34.035,0.1657,0.0447,0.1342,0.0577,0.1861,0.0805,0.2198,0.1076,0.3248,0.1354,0.0556,0.0416,0.0856,0.0556,0.4257,0.2079
4413,-117.725,34.035,0.1629,0.0448,0.1307,0.0562,0.1867,0.0811,0.2178,0.1069,0.3203,0.1345,0.0568,0.042,0.0852,0.0555,0.4352,0.2146
4414,-117.715,34.035,0.1609,0.0452,0.127,0.0547,0.1874,0.0818,0.216,0.1063,0.3162,0.1338,0.058,0.0422,0.0847,0.0553,0.4448,0.2213
4415,-117.705,34.035,0.159,0.0456,0.1234,0.0531,0.1881,0.0825,0.2145,0.1059,0.3122,0.1331,0.0586,0.042,0.0843,0.0551,0.4545,0.2281
4416,-117.695,34.035,0.1567,0.0458,0.1202,0.0517,0.1887,0.0832,0.2134,0.1056,0.3079,0.1321,0.0583,0.0413,0.0838,0.0549,0.4639,0.2346
4417,-117.685,34.035,0.1539,0.0457,0.1174,0.0506,0.1893,0.0838,0.2126,0.1055,0.3031,0.1306,0.0571,0.0402,0.0833,0.0547,0.4724,0.2402
4418,-117.675,34.035,0.1504,0.0453,0.1155,0.05,0.1897,0.0845,0.2118,0.1054,0.2979,0.1287,0.0553,0.0388,0.0826,0.0544,0.4801,0.2451
4419,-117.665,34.035,0.1465,0.0446,0.1138,0.0494,0.19,0.0851,0.211,0.1053,0.2922,0.1266,0.0534,0.0374,0.082,0.0541,0.4874,0.2496
4420,-117.655,34.035,0.1433,0.0441,0.1122,0.0489,0.19,0.0855,0.2097,0.1045,0.2867,0.1244,0.0519,0.0361,0.0813,0.0537,0.4943,0.2538
4421,-118.945,34.045,0.0794,0.031,0.0989,0.0489,0.1719,0.0789,0.3796,0.1443,0.1385,0.0511,0.0197,0.016,0.1343,0.0698,0.1436,0.0633
4422,-118.935,34.045,0.0807,0.0314,0.1005,0.0497,0.1735,0.0794,0.3802,0.1462,0.1424,0.0526,0.0196,0.0159,0.134,0.0697,0.1452,0.0642
4423,-118.925,34.045,0.082,0.0318,0.1012,0.0499,0.168,0.0754,0.368,0.1396,0.1465,0.0543,0.0187,0.0149,0.1283,0.0656,0.146,0.0644
4424,-118.915,34.045,0.0791,0.0302,0.102,0.0501,0.1652,0.0731,0.3608,0.1359,0.1437,0.0524,0.0181,0.0143,0.1246,0.063,0.1423,0.0619
4425,-118.905,34.045,0.0807,0.0307,0.104,0.0511,0.1831,0.0833,0.3913,0.1543,0.1481,0.0542,0.0201,0.0163,0.1365,0.0712,0.1469,0.0645
4426,-118.895,34.045,0.0856,0.0328,0.1065,0.0524,0.1946,0.0898,0.4091,0.1655,0.1578,0.0586,0.0212,0.0174,0.1435,0.0761,0.1532,0.0682
4427,-118.885,34.045,0.0872,0.0334,0.1093,0.0539,0.1997,0.0925,0.4143,0.1698,0.1622,0.0603,0.0215,0.0178,0.1456,0.0776,0.1568,0.0703
4428,-118.875,34.045,0.0827,0.031,0.1091,0.0535,0.1951,0.0892,0.4028,0.1626,0.1561,0.0566,0.0206,0.017,0.1405,0.0741,0.1531,0.0678
4429,-118.865,34.045,0.0842,0.0315,0.1077,0.0523,0.1892,0.0849,0.3887,0.1538,0.1599,0.0579,0.0196,0.016,0.1344,0.0698,0.1507,0.0661
4430,-118.855,34.045,0.0814,0.0299,0.103,0.0491,0.1862,0.0827,0.3787,0.1482,0.156,0.0553,0.0189,0.0154,0.1305,0.0673,0.1462,0.0632
4431,-118.845,34.045,0.0769,0.0276,0.1005,0.0473,0.1823,0.08,0.3674,0.1418,0.1487,0.0512,0.018,0.0147,0.126,0.0644,0.1395,0.0592
4432,-118.835,34.045,0.077,0.0274,0.1002,0.0469,0.1775,0.0766,0.3547,0.1345,0.1493,0.0509,0.0171,0.0138,0.121,0.061,0.1358,0.0569
4433,-118.825,34.045,0.0782,0.0277,0.1046,0.0492,0.179,0.0771,0.3527,0.1338,0.1516,0.0513,0.0168,0.0136,0.1204,0.0606,0.1353,0.0563
4434,-118.815,34.045,0.0819,0.0292,0.1096,0.052,0.1818,0.0783,0.353,0.1345,0.1577,0.0534,0.0166,0.0136,0.1207,0.0609,0.1354,0.0561
4435,-118.805,34.045,0.0826,0.0293,0.1131,0.0539,0.1843,0.0794,0.3533,0.1356,0.1583,0.0529,0.0164,0.0135,0.1207,0.061,0.137,0.0567
4436,-118.795,34.045,0.0897,0.0323,0.1192,0.0574,0.1968,0.0865,0.3701,0.1471,0.169,0.0571,0.0171,0.0143,0.1273,0.0657,0.1426,0.0595
4437,-118.785,34.045,0.0964,0.0352,0.1279,0.0626,0.2191,0.0998,0.4034,0.1688,0.1787,0.0608,0.0188,0.0162,0.1405,0.0751,0.1471,0.0619
4438,-118.775,34.045,0.1037,0.0384,0.1346,0.0666,0.2202,0.1,0.4062,0.1687,0.1903,0.0657,0.0189,0.016,0.1394,0.0743,0.1504,0.0636
4439,-118.765,34.045,0.1049,0.0387,0.1398,0.0696,0.2176,0.098,0.404,0.1647,0.199,0.0692,0.0188,0.0157,0.1358,0.0719,0.153,0.065
4440,-118.755,34.045,0.1062,0.039,0.1401,0.0694,0.2187,0.0982,0.4079,0.1641,0.209,0.0733,0.0195,0.0159,0.1346,0.0712,0.1559,0.0666
4441,-118.745,34.045,0.1077,0.0394,0.1423,0.0703,0.2244,0.1014,0.4188,0.1677,0.2194,0.0777,0.0207,0.0166,0.1365,0.0727,0.161,0.0696
4442,-118.735,34.045,0.1093,0.0399,0.1464,0.0725,0.2348,0.1074,0.4367,0.1756,0.2302,0.0822,0.0225,0.0179,0.1413,0.0762,0.1651,0.0719
4443,-118.725,34.045,0.1101,0.0399,0.138,0.0667,0.2268,0.1019,0.4279,0.1654,0.2397,0.0859,0.0221,0.017,0.1345,0.0716,0.1632,0.0706
4444,-118.715,34.045,0.0937,0.0321,0.1292,0.0607,0.2193,0.0967,0.4204,0.1556,0.217,0.0726,0.0219,0.0162,0.128,0.0671,0.1538,0.0646
4445,-118.705,34.045,0.0974,0.0335,0.1313,0.0615,0.2324,0.1045,0.4464,0.1662,0.2315,0.0786,0.024,0.0177,0.1343,0.0717,0.1573,0.0665
4446,-118.695,34.045,0.1066,0.0373,0.142,0.068,0.2378,0.1076,0.464,0.1703,0.257,0.0903,0.0252,0.0184,0.136,0.0731,0.1653,0.0712
4447,-118.685,34.045,0.1149,0.0409,0.1615,0.0803,0.2358,0.106,0.4731,0.1682,0.2784,0.1008,0.0256,0.0184,0.1332,0.0713,0.1646,0.0706
4448,-118.675,34.045,0.0972,0.0327,0.1402,0.0666,0.2232,0.098,0.4708,0.1572,0.2469,0.0829,0.0247,0.0173,0.1242,0.0652,0.1513,0.0625
4449,-118.665,34.045,0.0911,0.0298,0.1145,0.0503,0.2065,0.0877,0.4617,0.1428,0.237,0.0764,0.0232,0.0158,0.113,0.0577,0.1342,0.053
4450,-118.655,34.045,0.0797,0.0248,0.1085,0.0467,0.1804,0.073,0.4304,0.1209,0.2132,0.0647,0.0205,0.0136,0.0974,0.0477,0.1239,0.0476
4451,-118.645,34.045,0.0836,0.0261,0.1072,0.0456,0.1688,0.0663,0.4307,0.1117,0.2267,0.069,0.0193,0.0126,0.09,0.043,0.1209,0.0459
4452,-118.635,34.045,0.0867,0.0271,0.1104,0.0471,0.1718,0.0675,0.4625,0.1152,0.2386,0.0727,0.0196,0.0128,0.0907,0.0436,0.1229,0.0467
4453,-118.625,34.045,0.0871,0.0271,0.1114,0.0474,0.18,0.0715,0.5114,0.1239,0.2443,0.0738,0.0203,0.0134,0.0943,0.0459,0.1238,0.0471
4454,-118.615,34.045,0.0963,0.0306,0.1138,0.0485,0.1888,0.0759,0.5632,0.1336,0.2748,0.0853,0.021,0.014,0.0981,0.0484,0.1326,0.0513
4455,-118.605,34.045,0.1075,0.0349,0.1252,0.0546,0.1955,0.0792,0.6117,0.1431,0.3128,0.1004,0.0216,0.0147,0.1009,0.0503,0.1395,0.0548
4456,-118.595,34.045,0.11,0.0357,0.1352,0.06,0.1938,0.078,0.6346,0.1457,0.3309,0.1071,0.0212,0.0147,0.0992,0.0494,0.1426,0.0564
4457,-118.585,34.045,0.1092,0.0352,0.1438,0.0646,0.1836,0.0724,0.632,0.1415,0.3426,0.1111,0.02,0.014,0.0932,0.0458,0.1411,0.0556
4458,-118.575,34.045,0.0978,0.0303,0.1295,0.0564,0.1838,0.0719,0.6626,0.1475,0.3265,0.1015,0.0201,0.0143,0.0925,0.0454,0.1382,0.0542
4459,-118.565,34.045,0.1042,0.0327,0.1198,0.0509,0.192,0.0757,0.7164,0.1633,0.3637,0.1173,0.0211,0.0157,0.0961,0.0479,0.1488,0.06
4460,-118.555,34.045,0.1306,0.0439,0.1555,0.0718,0.2287,0.0954,0.8508,0.217,0.461,0.1679,0.0259,0.0209,0.1151,0.0608,0.1719,0.0732
4461,-118.545,34.045,0.1559,0.0546,0.175,0.083,0.248,0.1053,0.9195,0.2549,0.5636,0.2228,0.0286,0.0242,0.1249,0.0675,0.2038,0.0924
4462,-118.535,34.045,0.1591,0.0557,0.1783,0.0847,0.2499,0.1054,0.9225,0.2771,0.6097,0.2464,0.0292,0.0256,0.1255,0.0681,0.215,0.1
4463,-118.525,34.045,0.1623,0.0569,0.1823,0.0868,0.2526,0.1059,0.9151,0.3014,0.6608,0.2734,0.0298,0.0271,0.1257,0.0685,0.2252,0.107
4464,-118.515,34.045,0.1653,0.0581,0.1871,0.0894,0.2557,0.1066,0.9048,0.3261,0.7095,0.2992,0.0304,0.0288,0.126,0.0689,0.2335,0.1126
4465,-118.505,34.045,0.1707,0.0606,0.1943,0.0938,0.2601,0.1079,0.8909,0.3505,0.7626,0.3306,0.0313,0.0307,0.1269,0.0698,0.2394,0.1164
4466,-118.495,34.045,0.1711,0.0606,0.1966,0.0949,0.2605,0.1066,0.8609,0.3642,0.8121,0.3543,0.0317,0.0318,0.1258,0.0691,0.2428,0.1185
4467,-118.485,34.045,0.1691,0.0594,0.1939,0.0928,0.257,0.1027,0.8149,0.3671,0.8612,0.3742,0.0316,0.0321,0.1227,0.0671,0.2448,0.1194
4468,-118.475,34.045,0.1712,0.0603,0.1969,0.0948,0.2618,0.1038,0.7709,0.3762,0.9195,0.405,0.0332,0.0344,0.1248,0.0689,0.2484,0.1215
4469,-118.465,34.045,0.1756,0.0623,0.2023,0.0984,0.2685,0.106,0.7302,0.3855,0.9828,0.4439,0.0351,0.0371,0.128,0.0716,0.2545,0.1254
4470,-118.455,34.045,0.1818,0.0653,0.2134,0.1063,0.2758,0.1079,0.7034,0.3901,1.0409,0.4884,0.037,0.0395,0.1314,0.0744,0.2637,0.1314
4471,-118.445,34.045,0.1942,0.0717,0.2198,0.1111,0.2845,0.1109,0.6874,0.3985,1.0903,0.5492,0.0385,0.0413,0.1353,0.0776,0.2755,0.1398
4472,-118.435,34.045,0.1982,0.0735,0.2214,0.1126,0.2946,0.115,0.6823,0.4108,1.1274,0.58,0.0397,0.0426,0.1397,0.0812,0.2803,0.1426
4473,-118.425,34.045,0.1984,0.073,0.2091,0.1042,0.2889,0.1103,0.6643,0.3905,1.1576,0.5886,0.0378,0.0395,0.1342,0.0772,0.2773,0.1391
4474,-118.415,34.045,0.1842,0.0643,0.1968,0.0958,0.2814,0.1057,0.6492,0.3684,1.1906,0.5406,0.0359,0.036,0.128,0.0726,0.2671,0.1301
4475,-118.405,34.045,0.1925,0.0671,0.1979,0.0975,0.2814,0.1097,0.661,0.3705,1.1883,0.5379,0.0368,0.0356,0.1276,0.0726,0.2688,0.1306
4476,-118.395,34.045,0.2035,0.0708,0.2046,0.1038,0.2905,0.1237,0.6914,0.3935,1.1692,0.5283,0.0409,0.0383,0.133,0.0772,0.2783,0.1375
4477,-118.385,34.045,0.2343,0.0855,0.2168,0.1146,0.3085,0.1476,0.7404,0.4374,1.1265,0.5614,0.0481,0.0441,0.1444,0.0865,0.2938,0.1497
4478,-118.375,34.045,0.2653,0.1011,0.2174,0.1175,0.2985,0.1533,0.751,0.4259,1.0764,0.5882,0.048,0.043,0.1392,0.0826,0.312,0.165
4479,-118.365,34.045,0.2536,0.0918,0.2156,0.1189,0.2848,0.1568,0.7495,0.4027,1.0778,0.5265,0.0466,0.0408,0.1315,0.0769,0.3031,0.1573
4480,-118.355,34.045,0.2631,0.0954,0.2137,0.1209,0.2812,0.1677,0.7271,0.3775,1.0517,0.5138,0.0457,0.0397,0.1284,0.0746,0.303,0.1572
4481,-118.345,34.045,0.2696,0.0971,0.2054,0.1178,0.2803,0.1811,0.6957,0.3502,1.0261,0.4959,0.045,0.0388,0.1262,0.0731,0.3038,0.1576
4482,-118.335,34.045,0.2723,0.0967,0.1907,0.1095,0.2823,0.197,0.6552,0.3207,1.0023,0.473,0.0446,0.0381,0.1249,0.0723,0.3016,0.155
4483,-118.325,34.045,0.2795,0.0986,0.1868,0.1108,0.2893,0.2116,0.6123,0.2917,0.9944,0.4658,0.0444,0.038,0.1239,0.0718,0.3022,0.1548
4484,-118.315,34.045,0.2981,0.1067,0.1848,0.114,0.2976,0.2259,0.5693,0.2638,0.9924,0.4825,0.0442,0.038,0.1231,0.0715,0.3076,0.1585
4485,-118.305,34.045,0.3116,0.1111,0.1814,0.1169,0.3077,0.2407,0.5286,0.2412,0.9884,0.4847,0.0442,0.0384,0.1232,0.0718,0.3109,0.1605
4486,-118.295,34.045,0.323,0.1132,0.1796,0.1222,0.3095,0.2495,0.4866,0.2198,0.9847,0.4781,0.0432,0.0376,0.1207,0.0701,0.3111,0.16
4487,-118.285,34.045,0.3392,0.1183,0.1796,0.13,0.303,0.2523,0.4432,0.1995,0.9811,0.4801,0.0413,0.0357,0.1156,0.0665,0.3129,0.1608
4488,-118.275,34.045,0.3677,0.1311,0.1804,0.1406,0.3098,0.262,0.4227,0.1962,0.9776,0.5015,0.0421,0.0352,0.1159,0.0669,0.3211,0.1668
4489,-118.265,34.045,0.3917,0.1406,0.1808,0.1507,0.3189,0.2691,0.4149,0.199,0.9662,0.5045,0.0438,0.0351,0.1176,0.0685,0.3318,0.1751
4490,-118.255,34.045,0.4223,0.155,0.1781,0.1544,0.3264,0.2565,0.4454,0.2145,0.9525,0.512,0.0466,0.0354,0.1213,0.0716,0.3419,0.1831
4491,-118.245,34.045,0.4465,0.1652,0.1808,0.1559,0.3308,0.2454,0.4849,0.2298,0.9344,0.5016,0.0491,0.0365,0.1242,0.0741,0.347,0.1865
4492,-118.235,34.045,0.4723,0.1767,0.1888,0.1552,0.3319,0.2358,0.5333,0.2448,0.9173,0.4947,0.0514,0.0385,0.1263,0.0761,0.3519,0.19
4493,-118.225,34.045,0.4897,0.1814,0.1814,0.1353,0.3062,0.2027,0.5423,0.2257,0.9114,0.483,0.0474,0.035,0.1149,0.0675,0.3387,0.1775
4494,-118.215,34.045,0.4611,0.1523,0.1729,0.1143,0.2791,0.1695,0.549,0.2041,0.8748,0.4017,0.0429,0.0312,0.1029,0.0584,0.3191,0.1596
4495,-118.205,34.045,0.4768,0.1558,0.1748,0.1072,0.2719,0.1593,0.5839,0.2046,0.8709,0.3954,0.0429,0.0314,0.1011,0.0573,0.3087,0.1506
4496,-118.195,34.045,0.4925,0.1591,0.1765,0.1007,0.267,0.1507,0.6082,0.2033,0.864,0.3851,0.043,0.0312,0.0995,0.0563,0.3056,0.1475
4497,-118.185,34.045,0.5119,0.1647,0.1778,0.0949,0.2645,0.1437,0.6217,0.2,0.8586,0.3773,0.0432,0.0308,0.0982,0.0556,0.3055,0.1467
4498,-118.175,34.045,0.5459,0.1799,0.1801,0.091,0.2646,0.1385,0.5996,0.1904,0.8657,0.3864,0.0438,0.0303,0.0973,0.0552,0.3059,0.1464
4499,-118.165,34.045,0.5642,0.185,0.1819,0.0873,0.265,0.1338,0.5671,0.1794,0.8551,0.3727,0.0445,0.0297,0.0965,0.0548,0.3049,0.1449
4500,-118.155,34.045,0.5817,0.1904,0.1804,0.0823,0.2646,0.1294,0.5197,0.1681,0.8474,0.3632,0.0453,0.0286,0.0952,0.054,0.3018,0.1419
4501,-118.145,34.045,0.5953,0.1949,0.1793,0.0782,0.263,0.1244,0.4844,0.1575,0.8407,0.3551,0.0466,0.0275,0.0939,0.0533,0.2994,0.1395
4502,-118.135,34.045,0.6033,0.1977,0.1788,0.0751,0.2603,0.1188,0.4611,0.1476,0.834,0.3477,0.0484,0.0265,0.0927,0.0526,0.2963,0.1366
4503,-118.125,34.045,0.6039,0.197,0.1787,0.0731,0.2525,0.1103,0.4473,0.1376,0.8216,0.3354,0.0495,0.0264,0.0906,0.0513,0.2929,0.1336
4504,-118.115,34.045,0.6066,0.1974,0.1797,0.072,0.2454,0.1025,0.4365,0.1296,0.8078,0.3251,0.0503,0.027,0.0892,0.0505,0.2923,0.1328
4505,-118.105,34.045,0.6221,0.2057,0.1858,0.0745,0.2474,0.1006,0.4306,0.1312,0.8062,0.3272,0.0507,0.03,0.0919,0.0527,0.3013,0.139
4506,-118.095,34.045,0.6396,0.2164,0.1956,0.0794,0.2566,0.1033,0.4303,0.1401,0.8039,0.3319,0.0531,0.0351,0.0984,0.0579,0.3175,0.151
4507,-118.085,34.045,0.6711,0.2433,0.209,0.0866,0.2732,0.1107,0.4356,0.1561,0.8133,0.3607,0.0573,0.0424,0.1085,0.0661,0.339,0.1679
4508,-118.075,34.045,0.6948,0.2716,0.2246,0.0961,0.2824,0.1139,0.4304,0.1661,0.8168,0.3929,0.0613,0.0467,0.1152,0.0718,0.362,0.1874
4509,-118.065,34.045,0.6915,0.2701,0.2378,0.1041,0.2881,0.115,0.4203,0.1725,0.7997,0.3875,0.0647,0.0496,0.1199,0.0759,0.3676,0.1916
4510,-118.055,34.045,0.6836,0.2613,0.2368,0.1032,0.2834,0.1106,0.3974,0.1677,0.7811,0.3736,0.0652,0.0488,0.1185,0.075,0.3667,0.1899
4511,-118.045,34.045,0.6737,0.2504,0.2351,0.102,0.2795,0.1082,0.3752,0.1617,0.7601,0.3574,0.0654,0.0478,0.1164,0.0736,0.3622,0.1849
4512,-118.035,34.045,0.6629,0.2397,0.2325,0.1004,0.2766,0.1078,0.3538,0.1544,0.7382,0.3423,0.0654,0.0465,0.1138,0.0717,0.3572,0.1795
4513,-118.025,34.045,0.6448,0.2206,0.2199,0.0926,0.2729,0.1077,0.3348,0.1459,0.711,0.3181,0.0651,0.0449,0.1109,0.0695,0.3491,0.1716
4514,-118.015,34.045,0.6158,0.1979,0.2066,0.0845,0.2677,0.1067,0.3154,0.1364,0.6807,0.2929,0.0643,0.0429,0.1072,0.0668,0.3411,0.1641
4515,-118.005,34.045,0.5841,0.1773,0.2002,0.0812,0.2558,0.1014,0.2919,0.1229,0.656,0.2738,0.0613,0.0391,0.1007,0.0617,0.3345,0.1579
4516,-117.995,34.045,0.5508,0.1587,0.1971,0.0797,0.2501,0.0998,0.2763,0.1143,0.6358,0.2598,0.06,0.0369,0.0973,0.0592,0.3309,0.1542
4517,-117.985,34.045,0.5272,0.1484,0.1971,0.0801,0.2507,0.1019,0.2687,0.1106,0.6271,0.259,0.0604,0.0361,0.0971,0.0592,0.3362,0.1578
4518,-117.975,34.045,0.5016,0.137,0.194,0.0788,0.2498,0.1031,0.2605,0.1064,0.6162,0.2559,0.0602,0.0349,0.0964,0.0589,0.3409,0.161
4519,-117.965,34.045,0.4771,0.1266,0.1905,0.0772,0.2486,0.1042,0.2529,0.1024,0.6062,0.2536,0.0598,0.0337,0.0957,0.0586,0.3458,0.1642
4520,-117.955,34.045,0.4551,0.1173,0.1878,0.0762,0.248,0.1055,0.2489,0.1002,0.5966,0.2514,0.0596,0.0329,0.0956,0.0588,0.3511,0.1679
4521,-117.945,34.045,0.4359,0.109,0.1851,0.0752,0.2477,0.107,0.2477,0.099,0.5875,0.2495,0.0605,0.033,0.0958,0.0592,0.3567,0.1717
4522,-117.935,34.045,0.4167,0.1008,0.1823,0.0742,0.2478,0.1087,0.2494,0.0989,0.5762,0.2454,0.0623,0.0339,0.0964,0.0598,0.3592,0.1728
4523,-117.925,34.045,0.39,0.0897,0.1759,0.0711,0.2403,0.1053,0.2446,0.0955,0.5532,0.2306,0.0626,0.0332,0.0938,0.058,0.3582,0.1709
4524,-117.915,34.045,0.3708,0.0832,0.1692,0.0679,0.2317,0.1011,0.2388,0.092,0.534,0.22,0.0625,0.0323,0.0909,0.0559,0.355,0.1673
4525,-117.905,34.045,0.3562,0.0801,0.1648,0.066,0.2259,0.0986,0.2353,0.0914,0.5174,0.2118,0.0616,0.0322,0.0896,0.0551,0.3539,0.1652
4526,-117.895,34.045,0.3431,0.0784,0.161,0.0644,0.2205,0.0962,0.2327,0.0917,0.5008,0.2039,0.0605,0.0324,0.0887,0.0545,0.3545,0.1646
4527,-117.885,34.045,0.3307,0.0773,0.1577,0.0632,0.2153,0.0938,0.2311,0.0928,0.4844,0.1961,0.0592,0.0328,0.0881,0.0543,0.3554,0.1642
4528,-117.875,34.045,0.3183,0.0764,0.1548,0.0622,0.21,0.0912,0.2304,0.0945,0.4682,0.1886,0.0582,0.0335,0.0878,0.0542,0.3569,0.1643
4529,-117.865,34.045,0.3078,0.0761,0.1524,0.0614,0.2053,0.089,0.2305,0.0968,0.4544,0.1828,0.0574,0.0342,0.0877,0.0544,0.3596,0.1654
4530,-117.855,34.045,0.3021,0.0775,0.1519,0.0617,0.2036,0.0884,0.234,0.101,0.4474,0.1824,0.0572,0.0353,0.0892,0.0558,0.3667,0.1701
4531,-117.845,34.045,0.2941,0.0778,0.1496,0.0611,0.1989,0.086,0.2337,0.1029,0.4383,0.1802,0.0559,0.0355,0.089,0.0558,0.3706,0.1724
4532,-117.835,34.045,0.2738,0.0724,0.1456,0.0593,0.1912,0.0817,0.2297,0.1026,0.4147,0.1669,0.0535,0.0347,0.0871,0.0545,0.3727,0.1732
4533,-117.825,34.045,0.2625,0.0706,0.1483,0.0615,0.1911,0.082,0.2333,0.1068,0.4037,0.1628,0.0537,0.0358,0.0887,0.056,0.375,0.1739
4534,-117.815,34.045,0.2575,0.0711,0.1505,0.0633,0.191,0.0822,0.2361,0.1103,0.4035,0.1666,0.0539,0.0369,0.0901,0.0573,0.3845,0.1808
4535,-117.805,34.045,0.2359,0.0641,0.1437,0.06,0.1832,0.0777,0.2275,0.1061,0.3834,0.1556,0.0516,0.0357,0.0868,0.0549,0.385,0.18
4536,-117.795,34.045,0.2158,0.0575,0.1364,0.0564,0.1767,0.0739,0.2194,0.1021,0.366,0.1464,0.0498,0.0348,0.0838,0.0526,0.381,0.1753
4537,-117.785,34.045,0.1887,0.0484,0.1286,0.0526,0.1714,0.0709,0.2119,0.0983,0.3367,0.1301,0.0483,0.0341,0.0812,0.0507,0.3754,0.1695
4538,-117.775,34.045,0.1627,0.0406,0.1222,0.0497,0.1761,0.0736,0.2153,0.1016,0.3055,0.1163,0.05,0.0362,0.0833,0.0526,0.3727,0.1661
4539,-117.765,34.045,0.1638,0.0414,0.1193,0.0487,0.182,0.077,0.22,0.1056,0.321,0.1264,0.0522,0.0386,0.0859,0.055,0.394,0.182
4540,-117.755,34.045,0.1707,0.0445,0.1319,0.0562,0.1845,0.0784,0.2196,0.1062,0.3449,0.1429,0.0533,0.0398,0.0864,0.0556,0.4153,0.1983
4541,-117.745,34.045,0.163,0.0425,0.1366,0.0593,0.1861,0.0794,0.2184,0.1062,0.3381,0.1407,0.0544,0.0405,0.0865,0.0558,0.4292,0.2089
4542,-117.735,34.045,0.1599,0.0425,0.1332,0.0579,0.1869,0.08,0.2164,0.1056,0.3322,0.1389,0.0554,0.0409,0.086,0.0556,0.4379,0.2147
4543,-117.725,34.045,0.1587,0.0431,0.1295,0.0563,0.1878,0.0807,0.2145,0.105,0.3268,0.1376,0.0569,0.0412,0.0855,0.0554,0.4472,0.2211
4544,-117.715,34.045,0.1576,0.0439,0.1258,0.0547,0.1888,0.0814,0.2126,0.1044,0.3222,0.1365,0.0583,0.0413,0.085,0.0552,0.4568,0.2278
4545,-117.705,34.045,0.1562,0.0444,0.1223,0.0531,0.1897,0.0823,0.2113,0.104,0.3177,0.1356,0.0593,0.041,0.0845,0.055,0.4664,0.2344
4546,-117.695,34.045,0.1542,0.0447,0.1191,0.0517,0.1905,0.0831,0.2102,0.1038,0.3126,0.1342,0.0589,0.0402,0.084,0.0548,0.4756,0.2406
4547,-117.685,34.045,0.1517,0.0447,0.1163,0.0506,0.1914,0.084,0.2094,0.1037,0.3067,0.132,0.057,0.0387,0.0835,0.0546,0.4832,0.2453
4548,-117.675,34.045,0.1485,0.0444,0.114,0.0497,0.192,0.0848,0.2086,0.1036,0.3004,0.1295,0.0546,0.0371,0.0829,0.0543,0.4903,0.2495
4549,-117.665,34.045,0.145,0.0439,0.1118,0.0488,0.1926,0.0856,0.2077,0.1034,0.2942,0.1269,0.0524,0.0356,0.0822,0.0539,0.4971,0.2535
4550,-117.655,34.045,0.1422,0.0436,0.1098,0.0481,0.1927,0.0862,0.2066,0.103,0.2882,0.1244,0.051,0.0346,0.0816,0.0536,0.5038,0.2573
4551,-118.945,34.055,0.0797,0.0312,0.0983,0.0488,0.1911,0.0898,0.4231,0.1664,0.1371,0.0503,0.0217,0.0177,0.149,0.0791,0.1488,0.0658
4552,-118.935,34.055,0.0811,0.0316,0.0999,0.0495,0.1918,0.0897,0.4218,0.1678,0.1415,0.0521,0.0216,0.0175,0.1479,0.0784,0.1509,0.0669
4553,-118.925,34.055,0.0824,0.0321,0.0979,0.0479,0.1874,0.0864,0.4113,0.1629,0.146,0.054,0.0208,0.0167,0.1429,0.0748,0.1521,0.0675
4554,-118.915,34.055,0.0759,0.0287,0.0959,0.0464,0.184,0.0837,0.4025,0.1589,0.1378,0.0494,0.0201,0.016,0.1385,0.0717,0.1499,0.0659
4555,-118.905,34.055,0.0795,0.0302,0.0978,0.0473,0.1906,0.0872,0.4115,0.1658,0.1453,0.0527,0.0207,0.0166,0.1417,0.0741,0.1516,0.0668
4556,-118.895,34.055,0.0833,0.0318,0.1019,0.0496,0.1963,0.0902,0.4184,0.1713,0.1536,0.0564,0.0211,0.017,0.1443,0.0759,0.1554,0.069
4557,-118.885,34.055,0.0877,0.0337,0.1083,0.0534,0.201,0.0927,0.4232,0.1754,0.1625,0.0604,0.0214,0.0174,0.146,0.0773,0.1591,0.0712
4558,-118.875,34.055,0.0895,0.0343,0.1059,0.0516,0.1965,0.0893,0.4119,0.1685,0.1668,0.0621,0.0206,0.0166,0.1408,0.0737,0.1571,0.0697
4559,-118.865,34.055,0.0829,0.0308,0.1023,0.049,0.1902,0.0848,0.3974,0.1596,0.1572,0.0564,0.0195,0.0156,0.1344,0.0692,0.1557,0.0687
4560,-118.855,34.055,0.0868,0.0325,0.1015,0.0483,0.1847,0.0811,0.3836,0.1515,0.1647,0.0597,0.0185,0.0148,0.1287,0.0654,0.1503,0.0652
4561,-118.845,34.055,0.0778,0.028,0.1005,0.0474,0.1807,0.0783,0.3721,0.145,0.15,0.0517,0.0177,0.0141,0.1241,0.0625,0.1411,0.0596
4562,-118.835,34.055,0.0774,0.0277,0.0991,0.0463,0.1781,0.0764,0.363,0.1401,0.1498,0.051,0.017,0.0136,0.1206,0.0603,0.1369,0.057
4563,-118.825,34.055,0.0787,0.028,0.1014,0.0475,0.1791,0.0766,0.3607,0.1392,0.1522,0.0515,0.0167,0.0134,0.1197,0.0597,0.136,0.0563
4564,-118.815,34.055,0.08,0.0284,0.1051,0.0495,0.1823,0.078,0.3621,0.1406,0.1542,0.0517,0.0166,0.0134,0.1201,0.0601,0.1372,0.0567
4565,-118.805,34.055,0.0834,0.0297,0.1125,0.0538,0.1921,0.0835,0.3753,0.1496,0.1596,0.0535,0.0171,0.0141,0.1249,0.0635,0.1412,0.0587
4566,-118.795,34.055,0.0961,0.0354,0.1213,0.059,0.206,0.0914,0.3952,0.1625,0.18,0.0625,0.018,0.0151,0.1324,0.0687,0.1507,0.0639
4567,-118.785,34.055,0.1032,0.0385,0.1314,0.0652,0.2239,0.1019,0.4218,0.1793,0.1911,0.0671,0.0193,0.0165,0.1424,0.0758,0.1517,0.0643
4568,-118.775,34.055,0.0975,0.0355,0.1309,0.0645,0.2226,0.1007,0.4196,0.1757,0.1834,0.0621,0.0191,0.0161,0.1397,0.0741,0.1499,0.0629
4569,-118.765,34.055,0.0994,0.0361,0.1283,0.0624,0.2187,0.0978,0.4136,0.1693,0.1916,0.0653,0.0189,0.0156,0.1352,0.0711,0.1482,0.0617
4570,-118.755,34.055,0.0982,0.0353,0.1256,0.0603,0.2209,0.0987,0.4183,0.1691,0.1958,0.0666,0.0196,0.0159,0.1347,0.0708,0.1497,0.0625
4571,-118.745,34.055,0.1042,0.0378,0.1303,0.063,0.2278,0.1025,0.4304,0.1734,0.2132,0.0744,0.0209,0.0166,0.1372,0.0727,0.1581,0.0674
4572,-118.735,34.055,0.1106,0.0405,0.1424,0.0703,0.2395,0.1093,0.4497,0.1823,0.2316,0.0828,0.0228,0.0178,0.1426,0.0766,0.1659,0.0719
4573,-118.725,34.055,0.1123,0.041,0.1412,0.0691,0.2325,0.1044,0.4412,0.1719,0.2424,0.0871,0.0225,0.017,0.1363,0.0723,0.1672,0.0725
4574,-118.715,34.055,0.1012,0.0356,0.1368,0.0658,0.2255,0.0995,0.4333,0.1614,0.2292,0.0788,0.0223,0.0161,0.13,0.0679,0.1593,0.0674
4575,-118.705,34.055,0.0945,0.0322,0.1296,0.0609,0.2376,0.1066,0.4568,0.1696,0.2228,0.0744,0.0242,0.0173,0.1356,0.072,0.1571,0.0658
4576,-118.695,34.055,0.1036,0.036,0.134,0.0633,0.241,0.1082,0.4708,0.1705,0.2475,0.0851,0.0252,0.0176,0.136,0.0724,0.1632,0.0692
4577,-118.685,34.055,0.1101,0.0386,0.15,0.0731,0.2356,0.1043,0.4756,0.1642,0.2662,0.0931,0.025,0.0169,0.131,0.069,0.1659,0.0707
4578,-118.675,34.055,0.1068,0.0372,0.1374,0.0649,0.2317,0.1013,0.4909,0.1615,0.2611,0.0908,0.0252,0.0167,0.1272,0.0664,0.1595,0.0668
4579,-118.665,34.055,0.0978,0.0326,0.1202,0.0539,0.2229,0.0957,0.4974,0.1549,0.2494,0.0816,0.0247,0.0161,0.1207,0.0622,0.1388,0.055
4580,-118.655,34.055,0.0805,0.0251,0.109,0.0473,0.1883,0.0764,0.4504,0.1255,0.2122,0.0639,0.0211,0.0133,0.1004,0.0493,0.125,0.0478
4581,-118.645,34.055,0.0838,0.0262,0.1046,0.0445,0.1724,0.0673,0.4436,0.1122,0.2238,0.0675,0.0194,0.012,0.0905,0.043,0.12,0.0451
4582,-118.635,34.055,0.0865,0.0271,0.1072,0.0457,0.1753,0.0685,0.4771,0.1151,0.2341,0.0704,0.0196,0.0121,0.0911,0.0435,0.1215,0.0456
4583,-118.625,34.055,0.0882,0.0275,0.1092,0.0465,0.1885,0.075,0.5421,0.1271,0.2426,0.0725,0.0207,0.0131,0.0972,0.0474,0.1229,0.0461
4584,-118.615,34.055,0.0962,0.0305,0.1112,0.0473,0.2014,0.0814,0.6076,0.1393,0.2689,0.0821,0.0219,0.014,0.1031,0.0512,0.1289,0.0489
4585,-118.605,34.055,0.0989,0.0314,0.1131,0.0482,0.203,0.082,0.644,0.1437,0.2835,0.0872,0.0218,0.0142,0.1031,0.0514,0.1314,0.0501
4586,-118.595,34.055,0.0962,0.0301,0.1222,0.0531,0.1949,0.0775,0.6493,0.1403,0.287,0.0869,0.0207,0.0137,0.0981,0.0484,0.1323,0.0505
4587,-118.585,34.055,0.1059,0.0338,0.1383,0.0619,0.1773,0.0679,0.6233,0.1291,0.3273,0.1028,0.0186,0.0122,0.0881,0.0423,0.1361,0.0524
4588,-118.575,34.055,0.1065,0.0337,0.1263,0.055,0.1892,0.0733,0.6889,0.1487,0.3486,0.1094,0.02,0.0138,0.0934,0.0456,0.1395,0.0542
4589,-118.565,34.055,0.1068,0.0337,0.1135,0.0476,0.2065,0.0817,0.7687,0.1753,0.3689,0.1183,0.0221,0.0161,0.1016,0.0509,0.1481,0.0588
4590,-118.555,34.055,0.1228,0.0403,0.1251,0.0541,0.2211,0.0897,0.8262,0.2045,0.4397,0.1516,0.0243,0.0188,0.109,0.0564,0.1588,0.065
4591,-118.545,34.055,0.1212,0.0396,0.1334,0.0586,0.2327,0.0953,0.8673,0.2332,0.4616,0.1614,0.026,0.021,0.1145,0.0603,0.169,0.0715
4592,-118.535,34.055,0.1282,0.0421,0.1385,0.0612,0.2413,0.0983,0.8921,0.2613,0.5202,0.187,0.0272,0.0228,0.118,0.0626,0.1846,0.0804
4593,-118.525,34.055,0.1447,0.0489,0.1496,0.0674,0.2446,0.0989,0.8824,0.2834,0.6159,0.2343,0.0277,0.0241,0.1185,0.063,0.2,0.0897
4594,-118.515,34.055,0.149,0.0506,0.1626,0.0747,0.2482,0.0996,0.868,0.3064,0.6719,0.2612,0.0283,0.0255,0.1189,0.0635,0.213,0.0976
4595,-118.505,34.055,0.1607,0.056,0.1787,0.0846,0.2585,0.1038,0.8649,0.3398,0.7491,0.3071,0.0298,0.028,0.1227,0.0663,0.2236,0.1042
4596,-118.495,34.055,0.1717,0.0611,0.187,0.0896,0.2651,0.1055,0.8449,0.3634,0.8266,0.356,0.0308,0.0298,0.1246,0.0679,0.2375,0.1132
4597,-118.485,34.055,0.1725,0.0614,0.1875,0.0898,0.2679,0.1049,0.808,0.377,0.885,0.3838,0.0314,0.0309,0.1247,0.0681,0.2433,0.1167
4598,-118.475,34.055,0.1814,0.0659,0.1857,0.0885,0.2672,0.1019,0.7485,0.3693,0.9573,0.4359,0.0315,0.0314,0.1235,0.0674,0.2459,0.118
4599,-118.465,34.055,0.1716,0.0608,0.186,0.0887,0.2676,0.0995,0.6915,0.3597,1.0127,0.4413,0.0318,0.0321,0.123,0.0673,0.2492,0.1196
4600,-118.455,34.055,0.1811,0.0658,0.1984,0.0972,0.2765,0.1016,0.6693,0.3626,1.0877,0.5053,0.0334,0.0342,0.1273,0.0707,0.2596,0.1265
4601,-118.445,34.055,0.183,0.0669,0.2024,0.1001,0.286,0.1043,0.6569,0.3699,1.1557,0.5474,0.0346,0.0358,0.1313,0.074,0.2653,0.13
4602,-118.435,34.055,0.1831,0.0672,0.1981,0.0974,0.2961,0.1078,0.6543,0.3815,1.2149,0.5824,0.0356,0.0368,0.1352,0.0772,0.2689,0.1318
4603,-118.425,34.055,0.1778,0.0645,0.1936,0.0947,0.2999,0.1081,0.6508,0.3822,1.2678,0.5907,0.0348,0.0351,0.1339,0.0765,0.2715,0.1327
4604,-118.415,34.055,0.1837,0.0672,0.1907,0.0933,0.3025,0.1091,0.6514,0.3835,1.287,0.6105,0.034,0.0333,0.1323,0.0754,0.2744,0.1338
4605,-118.405,34.055,0.1995,0.0741,0.1956,0.0977,0.3061,0.1161,0.6726,0.399,1.2726,0.6249,0.035,0.0334,0.1341,0.0772,0.2825,0.1395
4606,-118.395,34.055,0.2137,0.0797,0.2016,0.1035,0.3118,0.1292,0.7025,0.4239,1.2478,0.6183,0.0384,0.0363,0.1383,0.0808,0.2921,0.1466
4607,-118.385,34.055,0.2368,0.0906,0.2088,0.1106,0.3195,0.1483,0.7412,0.4582,1.2055,0.6327,0.0441,0.0418,0.1447,0.0861,0.3028,0.1551
4608,-118.375,34.055,0.2547,0.0991,0.2018,0.1076,0.3044,0.152,0.7443,0.4412,1.1704,0.6352,0.044,0.0412,0.1369,0.0802,0.3135,0.164
4609,-118.365,34.055,0.235,0.0859,0.1927,0.1033,0.287,0.1541,0.7366,0.413,1.1787,0.5535,0.0428,0.0395,0.1273,0.0729,0.2995,0.1522
4610,-118.355,34.055,0.2385,0.0865,0.1875,0.1023,0.2819,0.1639,0.7113,0.3814,1.1465,0.5246,0.0424,0.0386,0.1227,0.0696,0.2964,0.1495
4611,-118.345,34.055,0.2492,0.0913,0.1825,0.1017,0.2838,0.1809,0.6867,0.355,1.1136,0.5142,0.0429,0.0388,0.1215,0.069,0.2977,0.1504
4612,-118.335,34.055,0.2649,0.0986,0.1779,0.1015,0.2928,0.205,0.6629,0.334,1.0969,0.5204,0.0444,0.04,0.1236,0.0708,0.3,0.1517
4613,-118.325,34.055,0.2761,0.1027,0.1768,0.105,0.3057,0.2245,0.6321,0.3076,1.09,0.5189,0.0453,0.0405,0.1242,0.0716,0.3029,0.1535
4614,-118.315,34.055,0.3001,0.1141,0.1755,0.1087,0.3185,0.2417,0.5978,0.2798,1.0879,0.5441,0.0457,0.0408,0.1239,0.0717,0.3084,0.1573
4615,-118.305,34.055,0.315,0.119,0.1703,0.1097,0.3267,0.2519,0.5531,0.2501,1.0819,0.5448,0.0445,0.04,0.1212,0.0698,0.3099,0.1578
4616,-118.295,34.055,0.3173,0.1155,0.1655,0.1115,0.327,0.2588,0.5066,0.2246,1.0691,0.5147,0.0429,0.0386,0.117,0.0668,0.307,0.1547
4617,-118.285,34.055,0.3285,0.1171,0.1611,0.1143,0.3192,0.2625,0.4584,0.2032,1.0587,0.5032,0.0408,0.0363,0.1114,0.0628,0.3061,0.1534
4618,-118.275,34.055,0.3432,0.1204,0.1571,0.1185,0.3253,0.2698,0.43,0.1973,1.0444,0.4936,0.0413,0.0352,0.1106,0.0624,0.3096,0.1555
4619,-118.265,34.055,0.3678,0.1296,0.1534,0.1227,0.3338,0.2739,0.414,0.1974,1.0271,0.4953,0.0427,0.0343,0.1115,0.0633,0.3163,0.1602
4620,-118.255,34.055,0.398,0.1426,0.1511,0.1257,0.3406,0.2591,0.4386,0.2114,1.0095,0.5023,0.0457,0.0342,0.1152,0.0665,0.3243,0.1661
4621,-118.245,34.055,0.4205,0.1507,0.1573,0.1315,0.3463,0.2495,0.4772,0.2284,0.9866,0.4897,0.0488,0.0356,0.1196,0.0702,0.3304,0.1703
4622,-118.235,34.055,0.4656,0.1757,0.1722,0.14,0.3507,0.2453,0.5299,0.2481,0.9779,0.5217,0.0521,0.0385,0.1246,0.0743,0.3455,0.1823
4623,-118.225,34.055,0.4895,0.1851,0.1689,0.1259,0.3269,0.2149,0.545,0.2329,0.9767,0.5258,0.0487,0.0358,0.1156,0.0676,0.3402,0.1767
4624,-118.215,34.055,0.4673,0.1596,0.1629,0.1086,0.2999,0.1826,0.5558,0.2134,0.9504,0.4477,0.0445,0.0326,0.1052,0.0598,0.3236,0.1616
4625,-118.205,34.055,0.4745,0.1571,0.1612,0.0988,0.286,0.1672,0.5826,0.2082,0.9366,0.4231,0.0433,0.0321,0.1018,0.0574,0.3092,0.1494
4626,-118.195,34.055,0.4925,0.1617,0.1616,0.0918,0.2777,0.1559,0.5936,0.2016,0.9311,0.4144,0.0427,0.0318,0.0992,0.0558,0.3067,0.1468
4627,-118.185,34.055,0.5152,0.1692,0.1641,0.0875,0.2748,0.1489,0.5885,0.1938,0.9285,0.4101,0.0427,0.0315,0.0976,0.0548,0.3069,0.1463
4628,-118.175,34.055,0.5437,0.1807,0.1668,0.0843,0.2763,0.1449,0.5611,0.1841,0.9297,0.4112,0.0435,0.0314,0.0972,0.0547,0.3079,0.1463
4629,-118.165,34.055,0.568,0.1898,0.1689,0.081,0.2783,0.1416,0.5264,0.174,0.9267,0.4069,0.0445,0.0311,0.097,0.0548,0.3081,0.1457
4630,-118.155,34.055,0.5842,0.1943,0.1677,0.0765,0.2791,0.1382,0.4784,0.1639,0.9195,0.3969,0.0457,0.0304,0.0962,0.0544,0.3063,0.1437
4631,-118.145,34.055,0.5959,0.1974,0.167,0.0728,0.2777,0.1332,0.4468,0.1544,0.912,0.3875,0.0471,0.0295,0.0951,0.0538,0.3049,0.1419
4632,-118.135,34.055,0.604,0.2,0.1667,0.07,0.274,0.1266,0.4316,0.1458,0.9068,0.3812,0.049,0.0285,0.0938,0.0531,0.303,0.1398
4633,-118.125,34.055,0.6045,0.1994,0.1662,0.0678,0.2651,0.1172,0.4244,0.1365,0.8964,0.3704,0.0499,0.0281,0.0916,0.0517,0.3006,0.1375
4634,-118.115,34.055,0.601,0.1962,0.1668,0.0666,0.2574,0.1087,0.42,0.1294,0.876,0.3544,0.0507,0.0285,0.0903,0.051,0.2997,0.1364
4635,-118.105,34.055,0.6156,0.2038,0.1733,0.0693,0.2611,0.1078,0.4216,0.1331,0.8741,0.357,0.0517,0.0317,0.0942,0.0541,0.3116,0.1448
4636,-118.095,34.055,0.6457,0.2265,0.1869,0.0765,0.2725,0.112,0.4286,0.1442,0.8826,0.3842,0.0547,0.0372,0.102,0.0604,0.3329,0.1614
4637,-118.085,34.055,0.6793,0.2591,0.2077,0.0884,0.2917,0.1212,0.4408,0.1626,0.891,0.4249,0.0596,0.045,0.1139,0.0699,0.3576,0.1815
4638,-118.075,34.055,0.6852,0.267,0.2173,0.0938,0.2956,0.1214,0.4298,0.167,0.8777,0.4295,0.0618,0.0475,0.1179,0.0735,0.3729,0.1944
4639,-118.065,34.055,0.6804,0.2638,0.2234,0.0972,0.2958,0.1196,0.4133,0.1674,0.8586,0.4209,0.0632,0.0486,0.1197,0.0753,0.3753,0.1958
4640,-118.055,34.055,0.6719,0.2552,0.2231,0.0967,0.2927,0.1168,0.3936,0.1627,0.8383,0.4058,0.0636,0.0478,0.1187,0.0748,0.3743,0.1939
4641,-118.045,34.055,0.6617,0.2458,0.2224,0.0961,0.2905,0.1154,0.3755,0.1577,0.815,0.3893,0.0642,0.0472,0.1177,0.0742,0.3718,0.1906
4642,-118.035,34.055,0.6506,0.2362,0.2212,0.0952,0.2894,0.1155,0.3591,0.1523,0.7913,0.3736,0.065,0.0467,0.1167,0.0736,0.3696,0.1876
4643,-118.025,34.055,0.6383,0.2262,0.217,0.0927,0.2893,0.117,0.3459,0.147,0.7689,0.3594,0.0662,0.0465,0.1159,0.0733,0.3667,0.1841
4644,-118.015,34.055,0.622,0.215,0.2125,0.0901,0.2874,0.1176,0.3314,0.1403,0.7488,0.3475,0.0667,0.0457,0.1142,0.0721,0.3638,0.1807
4645,-118.005,34.055,0.5962,0.198,0.2095,0.0886,0.2756,0.1122,0.3079,0.1271,0.7266,0.3306,0.0639,0.0422,0.1079,0.0672,0.3608,0.1774
4646,-117.995,34.055,0.5657,0.1802,0.2059,0.0868,0.2683,0.1096,0.2902,0.1177,0.7048,0.3145,0.0622,0.0396,0.1039,0.0642,0.3583,0.1744
4647,-117.985,34.055,0.5368,0.1653,0.2018,0.0846,0.2655,0.1097,0.2785,0.1122,0.6874,0.3033,0.0616,0.0381,0.1023,0.0631,0.3596,0.1746
4648,-117.975,34.055,0.5048,0.149,0.1958,0.0814,0.263,0.11,0.2686,0.1079,0.6681,0.2887,0.0608,0.0368,0.1011,0.0624,0.3609,0.1748
4649,-117.965,34.055,0.4787,0.1384,0.1898,0.0783,0.2606,0.1103,0.2596,0.1041,0.6541,0.2828,0.06,0.0355,0.1,0.0618,0.3632,0.1759
4650,-117.955,34.055,0.4551,0.1289,0.1862,0.0767,0.258,0.1104,0.253,0.1016,0.6406,0.277,0.0594,0.0346,0.0992,0.0613,0.3669,0.1784
4651,-117.945,34.055,0.4375,0.1212,0.1836,0.0757,0.2568,0.1114,0.2504,0.1006,0.629,0.2736,0.0597,0.0346,0.0991,0.0615,0.3724,0.1822
4652,-117.935,34.055,0.4215,0.1135,0.1819,0.0753,0.2569,0.1132,0.2516,0.1012,0.6179,0.2709,0.0609,0.0353,0.0998,0.0623,0.3766,0.185
4653,-117.925,34.055,0.402,0.1044,0.1762,0.0725,0.2505,0.1106,0.2477,0.099,0.6003,0.262,0.0613,0.0346,0.0979,0.0611,0.3771,0.1844
4654,-117.915,34.055,0.3769,0.0937,0.1694,0.0691,0.243,0.1073,0.2432,0.0965,0.5724,0.2425,0.0613,0.0338,0.0957,0.0595,0.3741,0.1807
4655,-117.905,34.055,0.354,0.0855,0.1611,0.0649,0.2367,0.1045,0.2405,0.0956,0.5441,0.2241,0.0604,0.0334,0.0944,0.0586,0.37,0.176
4656,-117.895,34.055,0.34,0.0824,0.1554,0.0623,0.2282,0.1001,0.236,0.094,0.5248,0.2147,0.0587,0.0328,0.0922,0.057,0.3672,0.1725
4657,-117.885,34.055,0.3278,0.0805,0.1524,0.0612,0.2174,0.0942,0.2298,0.0916,0.5071,0.2067,0.0561,0.032,0.0891,0.0547,0.3662,0.1705
4658,-117.875,34.055,0.3158,0.0788,0.1497,0.0602,0.21,0.0903,0.2278,0.0922,0.4895,0.1986,0.055,0.0322,0.0879,0.054,0.3669,0.1699
4659,-117.865,34.055,0.3046,0.0776,0.1472,0.0594,0.2041,0.0875,0.2277,0.0939,0.4733,0.1916,0.0544,0.0327,0.0876,0.0539,0.3691,0.1706
4660,-117.855,34.055,0.2957,0.0772,0.1456,0.0591,0.2026,0.0871,0.2325,0.099,0.4606,0.1872,0.0549,0.034,0.0893,0.0555,0.3748,0.1741
4661,-117.845,34.055,0.2897,0.0779,0.1435,0.0585,0.1971,0.0844,0.2324,0.1012,0.4523,0.1861,0.054,0.0342,0.089,0.0555,0.3788,0.1764
4662,-117.835,34.055,0.2732,0.0739,0.141,0.0576,0.1877,0.0792,0.2275,0.1005,0.4313,0.175,0.0518,0.0332,0.0866,0.0537,0.3824,0.1783
4663,-117.825,34.055,0.2676,0.0745,0.1446,0.0603,0.1862,0.0786,0.2295,0.1038,0.4253,0.1752,0.0521,0.0342,0.0876,0.0548,0.3874,0.1812
4664,-117.815,34.055,0.2609,0.0741,0.148,0.0628,0.1855,0.0785,0.2316,0.107,0.4219,0.177,0.0525,0.0353,0.0889,0.056,0.3969,0.1881
4665,-117.805,34.055,0.2422,0.0679,0.1446,0.0614,0.1811,0.076,0.2268,0.1052,0.406,0.169,0.0516,0.0351,0.0873,0.0549,0.4012,0.1903
4666,-117.795,34.055,0.2243,0.062,0.1421,0.0604,0.1769,0.0735,0.2208,0.1027,0.3913,0.1618,0.0505,0.0348,0.0854,0.0536,0.4031,0.1906
4667,-117.785,34.055,0.2056,0.0557,0.1403,0.06,0.1727,0.071,0.2137,0.0993,0.3748,0.1536,0.0493,0.0344,0.083,0.0519,0.4046,0.1905
4668,-117.775,34.055,0.1958,0.0528,0.1377,0.0592,0.1785,0.0743,0.2176,0.103,0.3725,0.1548,0.0513,0.0367,0.0854,0.054,0.4077,0.1919
4669,-117.765,34.055,0.1806,0.0478,0.1357,0.0586,0.1852,0.078,0.2221,0.107,0.3626,0.1506,0.0535,0.0392,0.0881,0.0564,0.4197,0.2003
4670,-117.755,34.055,0.1664,0.0431,0.1371,0.0598,0.1857,0.0782,0.2187,0.1056,0.3533,0.1468,0.0537,0.0396,0.0874,0.0561,0.4317,0.2088
4671,-117.745,34.055,0.1579,0.0408,0.1361,0.0597,0.1866,0.0787,0.2159,0.1046,0.3453,0.1439,0.0543,0.0399,0.0869,0.0558,0.4412,0.2154
4672,-117.735,34.055,0.1567,0.0414,0.1326,0.0582,0.1878,0.0794,0.2138,0.104,0.3383,0.1416,0.0552,0.0401,0.0863,0.0556,0.4495,0.2208
4673,-117.725,34.055,0.1567,0.0425,0.1288,0.0565,0.1891,0.0802,0.2117,0.1033,0.3321,0.1397,0.0565,0.0401,0.0858,0.0554,0.4585,0.2269
4674,-117.715,34.055,0.1561,0.0433,0.1249,0.0548,0.1903,0.081,0.2097,0.1026,0.3269,0.1384,0.0578,0.04,0.0853,0.0552,0.4681,0.2334
4675,-117.705,34.055,0.1549,0.044,0.1213,0.0532,0.1914,0.082,0.2083,0.1022,0.3222,0.1374,0.0586,0.0396,0.0848,0.0549,0.4777,0.24
4676,-117.695,34.055,0.1532,0.0443,0.118,0.0517,0.1925,0.0829,0.2073,0.102,0.3166,0.1357,0.0579,0.0384,0.0842,0.0547,0.487,0.2461
4677,-117.685,34.055,0.1509,0.0444,0.115,0.0504,0.1936,0.084,0.2065,0.102,0.3094,0.1327,0.0555,0.0366,0.0837,0.0544,0.4936,0.2498
4678,-117.675,34.055,0.1482,0.0443,0.1124,0.0494,0.1945,0.085,0.2058,0.102,0.302,0.1295,0.053,0.0349,0.0831,0.0541,0.5,0.2533
4679,-117.665,34.055,0.1454,0.044,0.11,0.0484,0.1953,0.086,0.2051,0.1018,0.2952,0.1265,0.0507,0.0334,0.0825,0.0538,0.5065,0.2568
4680,-117.655,34.055,0.1428,0.0438,0.1078,0.0475,0.1957,0.0869,0.204,0.1015,0.2887,0.1239,0.0497,0.0328,0.0818,0.0535,0.5131,0.2604
4681,-118.945,34.065,0.0791,0.0309,0.0942,0.0463,0.1915,0.0895,0.4298,0.1693,0.1351,0.0492,0.0213,0.0169,0.1491,0.0784,0.1474,0.0644
4682,-118.935,34.065,0.0789,0.0306,0.0931,0.0454,0.1905,0.0883,0.4253,0.1688,0.1375,0.0501,0.021,0.0165,0.1465,0.0767,0.1496,0.0656
4683,-118.925,34.065,0.0824,0.0321,0.0948,0.0461,0.1941,0.09,0.4292,0.1736,0.1454,0.0537,0.0213,0.0168,0.1476,0.0775,0.1524,0.0671
4684,-118.915,34.065,0.0828,0.032,0.0962,0.0467,0.198,0.0919,0.4336,0.1786,0.1484,0.0547,0.0216,0.017,0.1488,0.0784,0.1526,0.0671
4685,-118.905,34.065,0.0843,0.0325,0.0934,0.0448,0.1986,0.0917,0.4321,0.179,0.1529,0.0566,0.0214,0.0169,0.1474,0.0775,0.1513,0.0662
4686,-118.895,34.065,0.0811,0.0307,0.0946,0.0453,0.1996,0.0917,0.4309,0.1794,0.1498,0.0544,0.0213,0.0169,0.1462,0.0767,0.1513,0.066
4687,-118.885,34.065,0.0849,0.0323,0.0996,0.0482,0.2009,0.0919,0.43,0.1799,0.1577,0.0579,0.0212,0.0169,0.1453,0.0761,0.1536,0.0674
4688,-118.875,34.065,0.0857,0.0325,0.0987,0.0473,0.2018,0.092,0.4281,0.1794,0.1607,0.0588,0.021,0.0168,0.1441,0.0753,0.1539,0.0674
4689,-118.865,34.065,0.0878,0.0332,0.0978,0.0464,0.2014,0.0911,0.4238,0.1772,0.1653,0.0606,0.0206,0.0166,0.1418,0.0738,0.1568,0.0689
4690,-118.855,34.065,0.0886,0.0334,0.1032,0.0495,0.1943,0.0862,0.4081,0.167,0.1676,0.0611,0.0195,0.0156,0.1349,0.0691,0.1551,0.0676
4691,-118.845,34.065,0.08,0.0291,0.105,0.0504,0.1881,0.082,0.3932,0.1579,0.154,0.0536,0.0184,0.0147,0.1287,0.0649,0.1482,0.0633
4692,-118.835,34.065,0.0787,0.0283,0.1033,0.0491,0.1827,0.0784,0.3793,0.15,0.1522,0.0522,0.0175,0.0139,0.1231,0.0614,0.1435,0.0604
4693,-118.825,34.065,0.0793,0.0283,0.1037,0.049,0.1828,0.078,0.3757,0.1482,0.1535,0.0521,0.0171,0.0136,0.1214,0.0603,0.142,0.0594
4694,-118.815,34.065,0.0825,0.0295,0.106,0.0502,0.1878,0.0806,0.3806,0.1518,0.1592,0.0541,0.0172,0.0139,0.1229,0.0615,0.1452,0.061
4695,-118.805,34.065,0.0942,0.0348,0.1155,0.0559,0.2114,0.0945,0.4168,0.176,0.1793,0.0631,0.0193,0.0161,0.1369,0.0712,0.1521,0.0648
4696,-118.795,34.065,0.1017,0.0381,0.1226,0.06,0.2254,0.1025,0.4376,0.1893,0.1918,0.0685,0.0203,0.0172,0.1443,0.0764,0.1603,0.0694
4697,-118.785,34.065,0.1039,0.0389,0.1272,0.0627,0.2298,0.1047,0.4428,0.1917,0.196,0.0697,0.0204,0.0173,0.1451,0.0771,0.1559,0.0664
4698,-118.775,34.065,0.0875,0.0309,0.1231,0.0597,0.215,0.0952,0.4182,0.1733,0.1707,0.0563,0.0188,0.0155,0.1335,0.0692,0.1488,0.062
4699,-118.765,34.065,0.0892,0.0314,0.1181,0.0562,0.2,0.0855,0.3937,0.1545,0.1772,0.0585,0.0174,0.0137,0.1218,0.0613,0.1436,0.0588
4700,-118.755,34.065,0.0898,0.0315,0.1171,0.0552,0.2031,0.0869,0.3992,0.1548,0.1831,0.0604,0.018,0.014,0.122,0.0615,0.1448,0.0593
4701,-118.745,34.065,0.095,0.0335,0.124,0.0593,0.2171,0.095,0.4216,0.166,0.198,0.0666,0.0199,0.0153,0.1289,0.0664,0.1559,0.0656
4702,-118.735,34.065,0.1095,0.0401,0.1388,0.0683,0.2421,0.1099,0.4611,0.1879,0.2301,0.0819,0.023,0.0177,0.1425,0.076,0.1663,0.0716
4703,-118.725,34.065,0.114,0.0419,0.14,0.0686,0.2475,0.1127,0.47,0.1886,0.2448,0.0883,0.0241,0.0181,0.1439,0.0771,0.1707,0.0741
4704,-118.715,34.065,0.1138,0.0415,0.1373,0.0665,0.2493,0.1133,0.4737,0.1852,0.2512,0.0904,0.0248,0.018,0.143,0.0766,0.1664,0.0712
4705,-118.705,34.065,0.1122,0.0404,0.129,0.0609,0.2533,0.1153,0.4823,0.1836,0.2544,0.0907,0.0258,0.0181,0.1435,0.0771,0.162,0.0682
4706,-118.695,34.065,0.1146,0.0411,0.129,0.0605,0.2555,0.1163,0.4935,0.1822,0.2655,0.0946,0.0266,0.018,0.143,0.0769,0.1639,0.0691
4707,-118.685,34.065,0.1192,0.0429,0.1375,0.0654,0.2561,0.1161,0.5071,0.1808,0.2803,0.1007,0.0271,0.0177,0.1415,0.076,0.1684,0.0716
4708,-118.675,34.065,0.1259,0.0457,0.1377,0.0653,0.242,0.1066,0.5086,0.1688,0.2978,0.1087,0.0258,0.0161,0.1315,0.0691,0.17,0.0723
4709,-118.665,34.065,0.0998,0.0335,0.1329,0.0622,0.2223,0.0941,0.5005,0.1524,0.2506,0.0818,0.0238,0.0142,0.1186,0.0603,0.1505,0.0609
4710,-118.655,34.065,0.081,0.0254,0.1123,0.0497,0.1897,0.0762,0.458,0.1251,0.2103,0.063,0.0205,0.0117,0.0996,0.0484,0.1321,0.051
4711,-118.645,34.065,0.0835,0.0261,0.1028,0.0438,0.1744,0.0676,0.4531,0.1122,0.2194,0.0654,0.0189,0.0106,0.0901,0.0425,0.1225,0.0459
4712,-118.635,34.065,0.0857,0.0268,0.1043,0.0444,0.1763,0.0682,0.4856,0.1136,0.2279,0.0675,0.019,0.0107,0.0901,0.0426,0.1221,0.0455
4713,-118.625,34.065,0.088,0.0274,0.1157,0.0507,0.1915,0.0757,0.5586,0.1255,0.2369,0.0698,0.0203,0.0118,0.097,0.047,0.1271,0.0476
4714,-118.615,34.065,0.1015,0.0327,0.1273,0.0572,0.2045,0.082,0.6266,0.1359,0.2754,0.0839,0.0214,0.0128,0.1028,0.0507,0.1363,0.0521
4715,-118.605,34.065,0.0991,0.0314,0.13,0.0587,0.1938,0.0761,0.6293,0.1283,0.2761,0.0826,0.0199,0.012,0.0964,0.0468,0.1374,0.0525
4716,-118.595,34.065,0.0932,0.0288,0.1322,0.0595,0.1858,0.0716,0.6345,0.1253,0.2709,0.0792,0.0189,0.0116,0.0915,0.0439,0.1345,0.0509
4717,-118.585,34.065,0.0988,0.0309,0.1338,0.0597,0.1806,0.0685,0.6423,0.1271,0.3003,0.0902,0.0183,0.0115,0.088,0.0419,0.1357,0.0514
4718,-118.575,34.065,0.1152,0.0373,0.1214,0.0525,0.1981,0.0768,0.7194,0.1546,0.3658,0.1163,0.0204,0.0136,0.0959,0.0469,0.1399,0.0537
4719,-118.565,34.065,0.1161,0.0375,0.1092,0.0456,0.213,0.0838,0.7849,0.1801,0.3923,0.1267,0.0221,0.0155,0.1026,0.0512,0.1433,0.0556
4720,-118.555,34.065,0.1115,0.0354,0.1114,0.0466,0.1926,0.0732,0.7242,0.1696,0.4032,0.1296,0.0201,0.0143,0.092,0.0449,0.1444,0.0565
4721,-118.545,34.065,0.0992,0.0303,0.1157,0.0487,0.1956,0.0738,0.7368,0.187,0.3896,0.1215,0.0206,0.0154,0.0927,0.0455,0.1436,0.0563
4722,-118.535,34.065,0.1212,0.039,0.122,0.0519,0.222,0.0858,0.8227,0.2325,0.4994,0.1695,0.0237,0.0187,0.1047,0.0531,0.1619,0.066
4723,-118.525,34.065,0.1321,0.0433,0.1328,0.0578,0.2268,0.0869,0.8202,0.252,0.5761,0.2034,0.0243,0.0198,0.1058,0.0539,0.1773,0.0747
4724,-118.515,34.065,0.1341,0.0441,0.144,0.0641,0.2299,0.0871,0.806,0.2708,0.6252,0.2237,0.0247,0.0208,0.1059,0.0542,0.189,0.0814
4725,-118.505,34.065,0.1439,0.0484,0.1523,0.0694,0.2463,0.094,0.8236,0.3124,0.7034,0.2637,0.0267,0.0235,0.1126,0.0588,0.1982,0.0869
4726,-118.495,34.065,0.1658,0.0584,0.1601,0.074,0.263,0.101,0.8271,0.3529,0.8178,0.3374,0.0289,0.0265,0.1196,0.0638,0.2157,0.0978
4727,-118.485,34.065,0.1751,0.0629,0.1675,0.0781,0.2801,0.1082,0.8167,0.3923,0.8967,0.3862,0.0312,0.0297,0.127,0.0693,0.2231,0.1022
4728,-118.475,34.065,0.1716,0.0612,0.1644,0.0761,0.2806,0.1055,0.7524,0.3806,0.9579,0.4063,0.0312,0.03,0.1264,0.069,0.2271,0.1042
4729,-118.465,34.065,0.1752,0.063,0.1628,0.0751,0.2796,0.1018,0.6859,0.3615,1.0391,0.4518,0.0311,0.03,0.1251,0.0684,0.2325,0.107
4730,-118.455,34.065,0.1825,0.0671,0.1785,0.0853,0.2879,0.1028,0.6625,0.3574,1.1243,0.5171,0.0323,0.0317,0.1294,0.0717,0.2489,0.1173
4731,-118.445,34.065,0.1765,0.0643,0.1851,0.0895,0.2936,0.1028,0.6451,0.3538,1.2067,0.5445,0.0327,0.0322,0.1314,0.0735,0.2556,0.1211
4732,-118.435,34.065,0.1762,0.0646,0.1823,0.0878,0.2966,0.1018,0.6338,0.3508,1.2856,0.5899,0.0323,0.0317,0.1312,0.0736,0.2613,0.1243
4733,-118.425,34.065,0.1756,0.065,0.1846,0.0898,0.3127,0.109,0.6453,0.3766,1.3542,0.6277,0.0325,0.0315,0.1354,0.0771,0.2692,0.1292
4734,-118.415,34.065,0.1915,0.0738,0.188,0.0928,0.33,0.1185,0.6643,0.4089,1.3582,0.6874,0.033,0.0315,0.1406,0.0814,0.2827,0.1385
4735,-118.405,34.065,0.2143,0.085,0.1917,0.0963,0.3407,0.1311,0.6968,0.4442,1.3182,0.7164,0.0343,0.0323,0.1467,0.0866,0.2944,0.1468
4736,-118.395,34.065,0.2245,0.0886,0.1951,0.1001,0.3422,0.1431,0.7216,0.4688,1.314,0.7009,0.037,0.0351,0.1493,0.089,0.3033,0.1534
4737,-118.385,34.065,0.2363,0.0935,0.1981,0.1042,0.3347,0.1544,0.7389,0.4825,1.2926,0.6944,0.0411,0.04,0.1484,0.0885,0.3104,0.1592
4738,-118.375,34.065,0.2477,0.0988,0.1922,0.1019,0.3215,0.1619,0.7359,0.4685,1.2648,0.6896,0.0426,0.042,0.1418,0.0835,0.3164,0.1643
4739,-118.365,34.065,0.2373,0.0917,0.1841,0.0982,0.3081,0.1683,0.725,0.4448,1.273,0.6312,0.0433,0.0428,0.1339,0.0776,0.3048,0.1545
4740,-118.355,34.065,0.2324,0.0882,0.1746,0.0937,0.299,0.1735,0.696,0.4011,1.249,0.5794,0.0425,0.0412,0.1255,0.0714,0.2988,0.1494
4741,-118.345,34.065,0.243,0.0938,0.1692,0.0926,0.2973,0.1864,0.6741,0.3659,1.2147,0.5698,0.0425,0.0405,0.1209,0.068,0.2975,0.1482
4742,-118.335,34.065,0.2543,0.0991,0.168,0.0949,0.303,0.2068,0.6594,0.3391,1.1984,0.5668,0.0433,0.0407,0.12,0.0676,0.3001,0.1498
4743,-118.325,34.065,0.2675,0.1046,0.1668,0.098,0.3152,0.2236,0.639,0.3091,1.1904,0.5672,0.0439,0.0403,0.1188,0.0669,0.3027,0.1515
4744,-118.315,34.065,0.2836,0.1107,0.165,0.1008,0.3287,0.2392,0.616,0.2794,1.1829,0.5693,0.0441,0.04,0.1174,0.0662,0.3062,0.1536
4745,-118.305,34.065,0.2994,0.116,0.1606,0.1018,0.3421,0.2529,0.5856,0.2544,1.1749,0.5681,0.0432,0.04,0.116,0.0653,0.3071,0.1537
4746,-118.295,34.065,0.3137,0.1195,0.1558,0.1028,0.348,0.2661,0.5499,0.2352,1.1653,0.5608,0.0424,0.0395,0.1143,0.0643,0.3054,0.1517
4747,-118.285,34.065,0.3298,0.1239,0.1505,0.1036,0.3465,0.2787,0.5089,0.2217,1.1558,0.5568,0.0417,0.0386,0.1124,0.0631,0.3045,0.1503
4748,-118.275,34.065,0.3435,0.1261,0.1456,0.1049,0.3488,0.2789,0.4761,0.2142,1.136,0.5407,0.0419,0.0369,0.1107,0.0621,0.3051,0.1501
4749,-118.265,34.065,0.362,0.1312,0.1412,0.1063,0.3515,0.2738,0.4504,0.2092,1.1083,0.5275,0.0425,0.0351,0.1094,0.0613,0.3078,0.1514
4750,-118.255,34.065,0.3816,0.1367,0.139,0.1075,0.352,0.2557,0.4512,0.2103,1.0807,0.5141,0.044,0.0333,0.1091,0.0614,0.3121,0.1541
4751,-118.245,34.065,0.4066,0.1456,0.1429,0.111,0.3582,0.2493,0.4755,0.2219,1.0574,0.5091,0.047,0.0342,0.1129,0.0646,0.3171,0.1573
4752,-118.235,34.065,0.4532,0.1706,0.1529,0.1166,0.37,0.2545,0.5233,0.244,1.0504,0.55,0.0514,0.0376,0.1208,0.0709,0.3349,0.1713
4753,-118.225,34.065,0.4849,0.1859,0.154,0.1094,0.3527,0.2313,0.5434,0.236,1.0493,0.5701,0.0497,0.0364,0.1163,0.0677,0.3371,0.1721
4754,-118.215,34.065,0.4721,0.1667,0.1529,0.0996,0.3292,0.2031,0.5569,0.2216,1.034,0.5025,0.0467,0.0343,0.1094,0.0626,0.3266,0.1625
4755,-118.205,34.065,0.4709,0.1583,0.1502,0.0903,0.3047,0.1786,0.5656,0.2066,1.0134,0.4592,0.0437,0.0327,0.1026,0.0578,0.3098,0.1484
4756,-118.195,34.065,0.4902,0.1635,0.1504,0.0842,0.2923,0.164,0.5604,0.195,1.0098,0.4517,0.0423,0.0322,0.0989,0.0552,0.3085,0.1467
4757,-118.185,34.065,0.5145,0.172,0.1535,0.0811,0.2917,0.159,0.5411,0.1869,1.0089,0.4498,0.0426,0.0327,0.0982,0.0549,0.3094,0.1467
4758,-118.175,34.065,0.5426,0.1831,0.1562,0.0783,0.2934,0.1556,0.5044,0.1768,1.0092,0.4495,0.0434,0.0328,0.0978,0.0548,0.311,0.1471
4759,-118.165,34.065,0.5685,0.1932,0.1586,0.0757,0.2958,0.1528,0.4639,0.1669,1.0066,0.445,0.0445,0.0328,0.0976,0.0549,0.312,0.1472
4760,-118.155,34.065,0.5874,0.1998,0.1602,0.0732,0.2996,0.1515,0.4219,0.16,1.0054,0.4432,0.0464,0.0328,0.0983,0.0557,0.3136,0.1476
4761,-118.145,34.065,0.6061,0.2078,0.1608,0.0706,0.2997,0.1473,0.4007,0.1537,1.0064,0.4459,0.0483,0.0325,0.0983,0.0559,0.3146,0.1476
4762,-118.135,34.065,0.6146,0.2103,0.1606,0.0679,0.2963,0.1404,0.4003,0.1481,1.0028,0.44,0.0502,0.0319,0.0975,0.0555,0.3144,0.1467
4763,-118.125,34.065,0.6153,0.2092,0.1601,0.0659,0.2879,0.1305,0.4003,0.1418,0.9959,0.4294,0.0511,0.0316,0.096,0.0546,0.3131,0.145
4764,-118.115,34.065,0.6137,0.2069,0.1611,0.065,0.2811,0.1219,0.4021,0.1376,0.9786,0.4147,0.0521,0.0321,0.0956,0.0545,0.3125,0.1441
4765,-118.105,34.065,0.626,0.2152,0.1691,0.0686,0.2865,0.1222,0.4129,0.1435,0.9697,0.4192,0.0547,0.0355,0.1008,0.0587,0.3267,0.1545
4766,-118.095,34.065,0.659,0.2444,0.1823,0.0756,0.2943,0.1243,0.4215,0.1519,0.9727,0.4608,0.0576,0.0397,0.1075,0.0642,0.3494,0.1725
4767,-118.085,34.065,0.672,0.2581,0.2007,0.086,0.3045,0.1283,0.4279,0.1627,0.9611,0.4744,0.0608,0.0446,0.1156,0.071,0.3722,0.1914
4768,-118.075,34.065,0.6707,0.2575,0.2068,0.0892,0.3047,0.1266,0.4165,0.1631,0.9427,0.466,0.0615,0.0459,0.1179,0.073,0.3794,0.1972
4769,-118.065,34.065,0.6662,0.2546,0.21,0.0907,0.303,0.1239,0.4016,0.1611,0.9227,0.4559,0.0617,0.0464,0.1187,0.074,0.3811,0.1979
4770,-118.055,34.065,0.6593,0.2494,0.211,0.091,0.302,0.1227,0.3875,0.1575,0.8999,0.4426,0.0622,0.0462,0.1188,0.0744,0.3811,0.1968
4771,-118.045,34.065,0.6497,0.2417,0.2113,0.0909,0.3008,0.122,0.3732,0.1527,0.8737,0.4252,0.0628,0.046,0.1185,0.0744,0.3802,0.195
4772,-118.035,34.065,0.6381,0.2326,0.2108,0.0905,0.2992,0.1216,0.3586,0.1468,0.8478,0.4075,0.0634,0.0457,0.1176,0.0739,0.3791,0.193
4773,-118.025,34.065,0.6253,0.2229,0.2097,0.0899,0.2982,0.1222,0.3463,0.1409,0.8233,0.3907,0.0646,0.0457,0.1168,0.0735,0.3786,0.1916
4774,-118.015,34.065,0.611,0.2137,0.2083,0.0892,0.2971,0.1228,0.3344,0.1351,0.8012,0.3778,0.0659,0.0457,0.1158,0.0731,0.3787,0.1907
4775,-118.005,34.065,0.5919,0.2033,0.2067,0.0885,0.2949,0.1232,0.3224,0.1295,0.7812,0.3666,0.0664,0.045,0.1145,0.0722,0.3788,0.1899
4776,-117.995,34.065,0.5687,0.1913,0.2035,0.0868,0.2924,0.1234,0.3103,0.124,0.7623,0.3556,0.0663,0.0439,0.1131,0.0713,0.3786,0.1887
4777,-117.985,34.065,0.5425,0.1783,0.1986,0.0842,0.2895,0.1235,0.2981,0.1188,0.7443,0.3442,0.0657,0.0425,0.1116,0.0704,0.3776,0.1869
4778,-117.975,34.065,0.5149,0.1656,0.1932,0.0813,0.2866,0.1235,0.2872,0.1149,0.7268,0.3335,0.0647,0.0412,0.1104,0.0696,0.3775,0.1859
4779,-117.965,34.065,0.4883,0.1546,0.188,0.0786,0.2832,0.1233,0.2766,0.1112,0.7108,0.325,0.0637,0.0399,0.1091,0.0688,0.3791,0.1865
4780,-117.955,34.065,0.4625,0.1439,0.1843,0.0769,0.2779,0.1217,0.2661,0.1078,0.6944,0.3155,0.0622,0.0386,0.1071,0.0674,0.3829,0.1891
4781,-117.945,34.065,0.4454,0.136,0.1818,0.0759,0.2755,0.122,0.2618,0.107,0.681,0.3113,0.0618,0.0384,0.1066,0.0673,0.3894,0.194
4782,-117.935,34.065,0.4325,0.1289,0.1805,0.0757,0.276,0.1242,0.2637,0.1088,0.6685,0.3093,0.0627,0.0391,0.1078,0.0686,0.3952,0.1985
4783,-117.925,34.065,0.4186,0.1215,0.1766,0.074,0.2728,0.1239,0.2631,0.1089,0.6529,0.3035,0.0632,0.0391,0.1076,0.0687,0.3983,0.2003
4784,-117.915,34.065,0.4026,0.1143,0.1719,0.0717,0.2681,0.1224,0.2616,0.1084,0.6324,0.2922,0.0634,0.0387,0.1068,0.0683,0.3983,0.1993
4785,-117.905,34.065,0.3851,0.1073,0.1659,0.0689,0.2597,0.1182,0.2581,0.1065,0.6088,0.2776,0.0621,0.0375,0.1048,0.0668,0.396,0.1962
4786,-117.895,34.065,0.3557,0.0949,0.1594,0.0656,0.2443,0.1093,0.2477,0.1008,0.5713,0.2476,0.0589,0.0353,0.0996,0.0627,0.3907,0.1902
4787,-117.885,34.065,0.3308,0.086,0.1523,0.062,0.2217,0.0958,0.2306,0.0914,0.5372,0.2235,0.0536,0.0319,0.0911,0.056,0.385,0.1838
4788,-117.875,34.065,0.3167,0.0827,0.1479,0.0601,0.211,0.09,0.2261,0.09,0.5151,0.2123,0.0522,0.0314,0.0886,0.0542,0.3811,0.179
4789,-117.865,34.065,0.3038,0.0801,0.1442,0.0586,0.2031,0.086,0.2247,0.0907,0.4949,0.2026,0.0515,0.0316,0.0875,0.0535,0.3816,0.1782
4790,-117.855,34.065,0.2926,0.0783,0.141,0.0574,0.1972,0.0832,0.2255,0.0934,0.4778,0.1952,0.0512,0.0319,0.0873,0.0536,0.3842,0.1791
4791,-117.845,34.065,0.2821,0.0767,0.1385,0.0565,0.1908,0.08,0.2255,0.0958,0.4623,0.189,0.0507,0.0319,0.0868,0.0534,0.3873,0.1805
4792,-117.835,34.065,0.2705,0.0745,0.1368,0.0561,0.1839,0.0765,0.2248,0.0979,0.4462,0.182,0.0499,0.0318,0.086,0.053,0.3911,0.1824
4793,-117.825,34.065,0.2615,0.0732,0.1387,0.0577,0.1784,0.0737,0.2225,0.0985,0.4346,0.1783,0.0494,0.0318,0.0853,0.0526,0.396,0.1853
4794,-117.815,34.065,0.2473,0.0693,0.1399,0.0589,0.1745,0.0718,0.221,0.0994,0.4195,0.1717,0.0493,0.0321,0.085,0.0526,0.4019,0.189
4795,-117.805,34.065,0.2374,0.0668,0.1332,0.0557,0.1773,0.0734,0.2246,0.1032,0.4131,0.1711,0.0509,0.0339,0.0872,0.0545,0.4035,0.189
4796,-117.795,34.065,0.2278,0.0644,0.1313,0.0552,0.1797,0.0747,0.2262,0.1057,0.4076,0.1712,0.0521,0.0355,0.0885,0.0558,0.407,0.1905
4797,-117.785,34.065,0.2145,0.0601,0.1343,0.0573,0.1817,0.0756,0.2257,0.1069,0.3971,0.1672,0.0529,0.0368,0.0891,0.0565,0.4149,0.1955
4798,-117.775,34.065,0.1995,0.0551,0.1303,0.0556,0.1839,0.0766,0.2241,0.1071,0.3845,0.1613,0.0535,0.038,0.0892,0.0568,0.4199,0.1982
4799,-117.765,34.065,0.1846,0.05,0.127,0.0543,0.1858,0.0775,0.2219,0.1067,0.3724,0.1557,0.0539,0.0391,0.089,0.0569,0.4298,0.2049
4800,-117.755,34.065,0.1707,0.0453,0.1338,0.0586,0.1862,0.0775,0.2178,0.105,0.3603,0.1499,0.054,0.0391,0.088,0.0563,0.4414,0.2132
4801,-117.745,34.065,0.1624,0.043,0.1353,0.06,0.1872,0.0779,0.2144,0.1037,0.351,0.1462,0.0543,0.0392,0.0872,0.0558,0.4527,0.2213
4802,-117.735,34.065,0.1594,0.0427,0.1316,0.0583,0.1888,0.0787,0.2118,0.1027,0.3429,0.1431,0.0549,0.0391,0.0867,0.0556,0.4604,0.2261
4803,-117.725,34.065,0.1581,0.0433,0.1277,0.0565,0.1904,0.0797,0.2094,0.1018,0.3357,0.1407,0.0556,0.0388,0.0862,0.0554,0.4689,0.2317
4804,-117.715,34.065,0.1569,0.0439,0.1237,0.0547,0.192,0.0806,0.2073,0.1009,0.3295,0.1387,0.0563,0.0384,0.0856,0.0551,0.478,0.2377
4805,-117.705,34.065,0.1554,0.0443,0.1201,0.0531,0.1933,0.0816,0.2057,0.1005,0.3237,0.1371,0.0565,0.0376,0.0851,0.0549,0.4872,0.2437
4806,-117.695,34.065,0.1534,0.0445,0.1167,0.0516,0.1946,0.0827,0.2047,0.1003,0.3173,0.135,0.0552,0.0361,0.0845,0.0546,0.4961,0.2493
4807,-117.685,34.065,0.1512,0.0446,0.1135,0.0502,0.1959,0.0838,0.2041,0.1004,0.3099,0.1319,0.0526,0.034,0.0839,0.0543,0.5026,0.2527
4808,-117.675,34.065,0.1488,0.0445,0.1108,0.049,0.1971,0.0851,0.2036,0.1005,0.3023,0.1286,0.0503,0.0322,0.0833,0.054,0.5089,0.256
4809,-117.665,34.065,0.1462,0.0443,0.1081,0.0479,0.1982,0.0864,0.203,0.1005,0.2952,0.1255,0.0484,0.0308,0.0827,0.0537,0.5154,0.2594
4810,-117.655,34.065,0.1439,0.0442,0.1056,0.0468,0.199,0.0877,0.2018,0.1,0.2884,0.1227,0.0479,0.0307,0.0821,0.0534,0.5221,0.2629
4811,-118.945,34.075,0.0766,0.0297,0.0883,0.0427,0.1908,0.0885,0.4338,0.1711,0.1319,0.0476,0.0209,0.016,0.1483,0.0772,0.1449,0.0623
4812,-118.935,34.075,0.0699,0.0263,0.0831,0.0393,0.1907,0.0879,0.4312,0.1722,0.1235,0.0432,0.0207,0.0158,0.1465,0.0759,0.1471,0.0635
4813,-118.925,34.075,0.0776,0.0298,0.0918,0.0445,0.1961,0.0907,0.4385,0.1795,0.1383,0.05,0.0212,0.0163,0.1487,0.0776,0.1516,0.0662
4814,-118.915,34.075,0.0823,0.0319,0.0997,0.0491,0.1999,0.0926,0.4429,0.1848,0.148,0.0545,0.0216,0.0166,0.1498,0.0785,0.1528,0.0668
4815,-118.905,34.075,0.0734,0.0273,0.09,0.0429,0.1908,0.0864,0.4234,0.1739,0.1354,0.0478,0.0203,0.0155,0.1412,0.0727,0.1483,0.0639
4816,-118.895,34.075,0.071,0.026,0.0859,0.0401,0.1869,0.0835,0.4134,0.1689,0.1329,0.0462,0.0196,0.0149,0.1364,0.0694,0.1442,0.0614
4817,-118.885,34.075,0.0721,0.0263,0.0871,0.0406,0.1882,0.0837,0.413,0.1696,0.1362,0.0474,0.0196,0.015,0.1355,0.0689,0.1444,0.0613
4818,-118.875,34.075,0.0734,0.0267,0.0895,0.0418,0.1901,0.0843,0.4133,0.1704,0.1398,0.0486,0.0195,0.0151,0.135,0.0686,0.1461,0.0622
4819,-118.865,34.075,0.0791,0.0292,0.0938,0.0442,0.1921,0.0849,0.4139,0.1713,0.1509,0.0535,0.0195,0.0152,0.1346,0.0684,0.1532,0.0663
4820,-118.855,34.075,0.0928,0.0355,0.1064,0.0517,0.1941,0.0854,0.4152,0.1719,0.1752,0.065,0.0194,0.0153,0.1341,0.068,0.1573,0.0685
4821,-118.845,34.075,0.0876,0.0327,0.1118,0.0548,0.1944,0.085,0.4128,0.1706,0.1676,0.0604,0.0191,0.0151,0.1324,0.0668,0.156,0.0674
4822,-118.835,34.075,0.0889,0.0331,0.11,0.0534,0.193,0.0838,0.4068,0.1674,0.1708,0.0612,0.0187,0.0148,0.1295,0.0651,0.1523,0.0651
4823,-118.825,34.075,0.0865,0.0317,0.1087,0.0523,0.1988,0.0868,0.4131,0.1725,0.1674,0.0587,0.0189,0.0153,0.1314,0.0666,0.151,0.0641
4824,-118.815,34.075,0.0907,0.0334,0.1095,0.0525,0.2073,0.0916,0.4243,0.1808,0.1751,0.0618,0.0195,0.016,0.1353,0.0694,0.1563,0.067
4825,-118.805,34.075,0.1017,0.0385,0.1202,0.0591,0.2228,0.1005,0.4472,0.1961,0.194,0.0706,0.0208,0.0174,0.1435,0.0752,0.1648,0.0719
4826,-118.795,34.075,0.1035,0.0391,0.1234,0.0608,0.229,0.1038,0.4556,0.2006,0.1979,0.0717,0.0211,0.0177,0.1455,0.0766,0.1687,0.0741
4827,-118.785,34.075,0.098,0.0361,0.119,0.0576,0.226,0.1013,0.4495,0.1943,0.1904,0.0668,0.0204,0.017,0.1413,0.0738,0.1592,0.0679
4828,-118.775,34.075,0.0869,0.0307,0.1132,0.0537,0.2134,0.0931,0.4279,0.1776,0.1731,0.0576,0.0191,0.0155,0.1311,0.067,0.1498,0.0622
4829,-118.765,34.075,0.0883,0.0311,0.1085,0.0505,0.2026,0.0861,0.4094,0.1628,0.1788,0.0594,0.018,0.0141,0.1221,0.0609,0.1446,0.0591
4830,-118.755,34.075,0.0906,0.0319,0.1115,0.0521,0.21,0.0899,0.422,0.1674,0.1868,0.0623,0.0189,0.0146,0.1248,0.0628,0.1472,0.0604
4831,-118.745,34.075,0.0991,0.0355,0.1205,0.0574,0.2225,0.097,0.4421,0.1769,0.2071,0.0711,0.0205,0.0157,0.1306,0.0669,0.1581,0.0664
4832,-118.735,34.075,0.1116,0.0411,0.1355,0.0664,0.2401,0.1073,0.4699,0.1911,0.2346,0.0842,0.0228,0.0173,0.1395,0.0732,0.1663,0.0711
4833,-118.725,34.075,0.1107,0.0403,0.1366,0.0668,0.2391,0.1063,0.4679,0.1848,0.2391,0.0851,0.0231,0.0169,0.1371,0.0717,0.1701,0.0733
4834,-118.715,34.075,0.1111,0.0401,0.1344,0.0649,0.2357,0.1038,0.4623,0.1756,0.2459,0.0871,0.0231,0.0162,0.1331,0.0692,0.1689,0.0723
4835,-118.705,34.075,0.1067,0.0377,0.1289,0.0611,0.2385,0.105,0.468,0.1725,0.2438,0.0842,0.0238,0.016,0.1329,0.0692,0.1665,0.0705
4836,-118.695,34.075,0.1021,0.0353,0.1256,0.0587,0.2411,0.106,0.4788,0.1709,0.24,0.0808,0.0244,0.0158,0.1326,0.0692,0.1643,0.0688
4837,-118.685,34.075,0.1028,0.0353,0.1244,0.0576,0.2435,0.1069,0.4945,0.171,0.2465,0.0824,0.025,0.0154,0.1322,0.069,0.1678,0.0707
4838,-118.675,34.075,0.1276,0.0466,0.1394,0.0667,0.2487,0.1095,0.5278,0.1784,0.2984,0.1088,0.0258,0.015,0.1334,0.0699,0.1754,0.075
4839,-118.665,34.075,0.1255,0.0452,0.1492,0.0727,0.2509,0.1106,0.5582,0.1839,0.2991,0.1069,0.0262,0.0144,0.133,0.0699,0.1677,0.0699
4840,-118.655,34.075,0.0987,0.0328,0.1171,0.0531,0.2363,0.1024,0.5571,0.1725,0.2488,0.0793,0.0245,0.0125,0.1236,0.0641,0.1482,0.0591
4841,-118.645,34.075,0.0848,0.0266,0.1013,0.0433,0.2155,0.0902,0.5447,0.1531,0.2194,0.0652,0.0222,0.011,0.1109,0.0559,0.1334,0.0511
4842,-118.635,34.075,0.0863,0.027,0.1017,0.0433,0.1886,0.0739,0.5211,0.1255,0.2255,0.0663,0.0193,0.0098,0.095,0.0454,0.1288,0.0484
4843,-118.625,34.075,0.1052,0.0345,0.1266,0.0575,0.207,0.0831,0.6064,0.1383,0.2739,0.0845,0.021,0.0114,0.1032,0.0506,0.1377,0.0524
4844,-118.615,34.075,0.134,0.0469,0.1527,0.0725,0.231,0.0957,0.7037,0.1561,0.3377,0.1139,0.0234,0.0134,0.1145,0.058,0.1551,0.0613
4845,-118.605,34.075,0.1465,0.0524,0.1611,0.0775,0.2367,0.0997,0.7512,0.158,0.3665,0.1276,0.0237,0.0141,0.1168,0.0601,0.159,0.0631
4846,-118.595,34.075,0.1282,0.0436,0.1534,0.0726,0.2305,0.096,0.7647,0.1571,0.3437,0.1113,0.023,0.014,0.1125,0.0575,0.1519,0.0591
4847,-118.585,34.075,0.1128,0.0365,0.1296,0.0577,0.2125,0.0844,0.7444,0.1534,0.3295,0.101,0.021,0.0131,0.1019,0.0503,0.1412,0.0535
4848,-118.575,34.075,0.1142,0.0368,0.1157,0.0497,0.2056,0.0799,0.7416,0.1595,0.356,0.1108,0.0205,0.0133,0.0976,0.0477,0.139,0.0526
4849,-118.565,34.075,0.0964,0.0295,0.1058,0.0441,0.1996,0.0762,0.736,0.1657,0.3262,0.0972,0.0201,0.0135,0.0939,0.0455,0.1371,0.0518
4850,-118.555,34.075,0.0978,0.0299,0.1059,0.044,0.1865,0.069,0.6988,0.1627,0.3541,0.1073,0.0188,0.0128,0.0866,0.0412,0.1364,0.0517
4851,-118.545,34.075,0.0993,0.0304,0.1096,0.0458,0.193,0.0712,0.7234,0.1832,0.3849,0.1184,0.0196,0.014,0.0887,0.0426,0.1384,0.0529
4852,-118.535,34.075,0.1101,0.0344,0.1171,0.0496,0.2192,0.0829,0.8096,0.2273,0.4545,0.1457,0.0226,0.0171,0.1001,0.0497,0.1538,0.0607
4853,-118.525,34.075,0.1191,0.0379,0.1239,0.0532,0.2144,0.0795,0.7796,0.2327,0.5235,0.1733,0.0221,0.0171,0.0968,0.0478,0.1622,0.0651
4854,-118.515,34.075,0.1249,0.0402,0.1282,0.0554,0.2066,0.0746,0.7357,0.2353,0.5844,0.1984,0.0212,0.0168,0.0921,0.0451,0.1661,0.0673
4855,-118.505,34.075,0.1188,0.0376,0.1205,0.0511,0.2156,0.0778,0.74,0.2633,0.6011,0.2008,0.0222,0.0183,0.0952,0.0473,0.1687,0.0686
4856,-118.495,34.075,0.1279,0.0414,0.1247,0.0534,0.2253,0.0813,0.7362,0.2918,0.6875,0.2385,0.0233,0.0199,0.0987,0.05,0.1804,0.0749
4857,-118.485,34.075,0.1436,0.0481,0.1407,0.0623,0.2356,0.085,0.7245,0.3208,0.8099,0.2968,0.0246,0.0216,0.1027,0.053,0.1866,0.0781
4858,-118.475,34.075,0.1182,0.0374,0.138,0.0606,0.2444,0.0863,0.7038,0.3249,0.7512,0.2514,0.0253,0.0224,0.1054,0.0548,0.1926,0.0811
4859,-118.465,34.075,0.1442,0.0487,0.1361,0.0596,0.2534,0.0873,0.6826,0.3242,0.9501,0.3538,0.026,0.0232,0.1083,0.0566,0.2025,0.0865
4860,-118.455,34.075,0.1722,0.0619,0.1564,0.0718,0.2655,0.0902,0.6673,0.3253,1.1318,0.4819,0.0272,0.0248,0.1135,0.0604,0.2246,0.0997
4861,-118.445,34.075,0.1792,0.066,0.1678,0.0789,0.2824,0.096,0.6629,0.3379,1.2276,0.5542,0.0288,0.0266,0.1206,0.0655,0.2419,0.1103
4862,-118.435,34.075,0.1799,0.0667,0.1704,0.0808,0.3041,0.1048,0.6694,0.3622,1.3252,0.6073,0.0306,0.0287,0.1294,0.0719,0.2541,0.1178
4863,-118.425,34.075,0.1809,0.0677,0.1789,0.0871,0.3195,0.1133,0.6787,0.3888,1.417,0.657,0.0313,0.0294,0.1347,0.076,0.2653,0.125
4864,-118.415,34.075,0.2051,0.0813,0.187,0.0933,0.3323,0.1224,0.6914,0.4174,1.4151,0.7506,0.032,0.0301,0.1394,0.0799,0.2827,0.1372
4865,-118.405,34.075,0.2181,0.0879,0.1871,0.0941,0.3392,0.135,0.7173,0.4532,1.402,0.7606,0.0336,0.0318,0.1455,0.085,0.2939,0.1448
4866,-118.395,34.075,0.2245,0.0901,0.1868,0.0952,0.3377,0.1466,0.7323,0.4764,1.4092,0.7463,0.0361,0.035,0.1476,0.087,0.3008,0.1497
4867,-118.385,34.075,0.2327,0.0937,0.1861,0.0965,0.3279,0.1571,0.7363,0.4872,1.3928,0.7453,0.0394,0.0397,0.1459,0.0859,0.3064,0.1541
4868,-118.375,34.075,0.241,0.0978,0.1855,0.0983,0.3263,0.1678,0.7263,0.4839,1.368,0.7449,0.042,0.0433,0.1418,0.0829,0.3133,0.16
4869,-118.365,34.075,0.2448,0.1008,0.1826,0.0984,0.3264,0.1779,0.7124,0.4727,1.3516,0.727,0.044,0.0461,0.1368,0.0792,0.3133,0.1596
4870,-118.355,34.075,0.2366,0.0963,0.1682,0.09,0.3266,0.185,0.6933,0.4366,1.3472,0.67,0.0441,0.0454,0.1295,0.0739,0.3081,0.1551
4871,-118.345,34.075,0.2365,0.0965,0.1605,0.0869,0.3295,0.1965,0.6802,0.4008,1.325,0.632,0.044,0.0445,0.1242,0.0701,0.3037,0.1512
4872,-118.335,34.075,0.2489,0.1033,0.1596,0.0891,0.3351,0.2124,0.6733,0.3653,1.3114,0.6334,0.0439,0.0435,0.1207,0.0677,0.3032,0.1504
4873,-118.325,34.075,0.2636,0.1098,0.1569,0.0903,0.3466,0.2302,0.6658,0.3317,1.302,0.6326,0.0436,0.0427,0.1186,0.0663,0.3041,0.1508
4874,-118.315,34.075,0.2794,0.1156,0.1539,0.0916,0.3597,0.2486,0.6577,0.2994,1.2924,0.6275,0.0433,0.042,0.117,0.0654,0.3046,0.1506
4875,-118.305,34.075,0.2977,0.1221,0.1517,0.0937,0.3755,0.2678,0.6477,0.2723,1.2832,0.627,0.0427,0.042,0.1161,0.065,0.3052,0.1504
4876,-118.295,34.075,0.3131,0.1261,0.1483,0.0949,0.3851,0.2845,0.6179,0.2542,1.2724,0.6181,0.0424,0.0417,0.1152,0.0645,0.3059,0.1503
4877,-118.285,34.075,0.3294,0.13,0.1438,0.0952,0.3885,0.2986,0.5685,0.2453,1.26,0.6111,0.0423,0.0411,0.1142,0.064,0.3062,0.1499
4878,-118.275,34.075,0.3454,0.1333,0.1399,0.0955,0.3861,0.2948,0.5261,0.2349,1.235,0.5963,0.0423,0.0393,0.1119,0.0626,0.3061,0.1492
4879,-118.265,34.075,0.3609,0.136,0.1364,0.0955,0.3823,0.2856,0.4895,0.2248,1.2023,0.5756,0.0425,0.0373,0.1095,0.061,0.3068,0.149
4880,-118.255,34.075,0.3768,0.1387,0.1343,0.0946,0.3773,0.2679,0.475,0.218,1.1693,0.5553,0.0434,0.0354,0.1081,0.0602,0.3084,0.1495
4881,-118.245,34.075,0.3921,0.141,0.1329,0.0925,0.3762,0.2574,0.4777,0.2179,1.1361,0.5326,0.0452,0.035,0.1095,0.0616,0.3114,0.1512
4882,-118.235,34.075,0.4066,0.1429,0.1323,0.0891,0.3792,0.2541,0.4976,0.2247,1.113,0.5141,0.0478,0.0361,0.1136,0.065,0.3248,0.1609
4883,-118.225,34.075,0.4726,0.181,0.1378,0.0894,0.3745,0.2441,0.5163,0.2232,1.131,0.6098,0.0485,0.0365,0.1145,0.0659,0.3318,0.1656
4884,-118.215,34.075,0.4575,0.1609,0.1429,0.089,0.364,0.2293,0.5298,0.217,1.1154,0.5338,0.048,0.0363,0.1131,0.065,0.3285,0.1623
4885,-118.205,34.075,0.4625,0.1568,0.1406,0.0818,0.3337,0.1975,0.5192,0.196,1.0998,0.498,0.044,0.0339,0.104,0.0585,0.3122,0.1487
4886,-118.195,34.075,0.4836,0.1632,0.1411,0.0772,0.318,0.179,0.5058,0.1824,1.0992,0.4954,0.0422,0.0332,0.0993,0.0552,0.3116,0.1475
4887,-118.185,34.075,0.5073,0.1713,0.1444,0.0751,0.3169,0.1738,0.4897,0.1762,1.1,0.495,0.0427,0.0341,0.0989,0.0551,0.313,0.1478
4888,-118.175,34.075,0.5327,0.1806,0.1469,0.0728,0.3182,0.1706,0.4601,0.1686,1.099,0.4935,0.0437,0.0345,0.0988,0.0552,0.315,0.1486
4889,-118.165,34.075,0.5573,0.1898,0.1496,0.0709,0.3201,0.168,0.4282,0.1612,1.0974,0.4893,0.0449,0.0347,0.0989,0.0555,0.317,0.1494
4890,-118.155,34.075,0.5836,0.2015,0.1551,0.0712,0.3232,0.1666,0.3979,0.1562,1.0998,0.4963,0.0469,0.0347,0.0996,0.0563,0.3224,0.1527
4891,-118.145,34.075,0.6087,0.214,0.1578,0.07,0.3224,0.1616,0.382,0.1514,1.1058,0.5091,0.0487,0.0343,0.0997,0.0566,0.3259,0.1546
4892,-118.135,34.075,0.6155,0.2148,0.1575,0.0674,0.3177,0.1529,0.3805,0.1468,1.1018,0.4991,0.0505,0.0335,0.0991,0.0564,0.3272,0.1548
4893,-118.125,34.075,0.6165,0.2137,0.1573,0.0657,0.3087,0.142,0.3807,0.1423,1.096,0.489,0.0513,0.0331,0.0982,0.0559,0.3267,0.1537
4894,-118.115,34.075,0.6147,0.2112,0.1589,0.0652,0.3002,0.1319,0.3821,0.1389,1.0784,0.4735,0.0521,0.033,0.0978,0.0559,0.3272,0.1533
4895,-118.105,34.075,0.6251,0.2189,0.1689,0.07,0.2989,0.1278,0.3875,0.141,1.064,0.4784,0.0535,0.0349,0.1008,0.0584,0.3418,0.1642
4896,-118.095,34.075,0.6539,0.2456,0.1796,0.0755,0.3047,0.1288,0.3971,0.1484,1.055,0.5201,0.0564,0.0382,0.107,0.0635,0.3626,0.1809
4897,-118.085,34.075,0.6601,0.2528,0.191,0.0817,0.3175,0.135,0.4111,0.1611,1.0362,0.5243,0.0606,0.0432,0.1164,0.0712,0.3816,0.1968
4898,-118.075,34.075,0.6561,0.2492,0.1948,0.0835,0.3166,0.1328,0.4032,0.1607,1.016,0.5103,0.0611,0.0442,0.1183,0.0729,0.3845,0.1985
4899,-118.065,34.075,0.6514,0.2459,0.1971,0.0844,0.3132,0.1293,0.3911,0.1574,0.9943,0.4974,0.0608,0.0443,0.1185,0.0734,0.3863,0.1991
4900,-118.055,34.075,0.6459,0.2426,0.1996,0.0856,0.3121,0.1282,0.381,0.1535,0.9671,0.4825,0.0611,0.0443,0.1187,0.0739,0.3874,0.1991
4901,-118.045,34.075,0.637,0.2365,0.2009,0.0861,0.3108,0.1274,0.3707,0.1485,0.9375,0.4639,0.0616,0.0443,0.1186,0.0741,0.3878,0.1985
4902,-118.035,34.075,0.6254,0.2283,0.2009,0.086,0.3094,0.1271,0.3603,0.1424,0.9093,0.4443,0.0623,0.0444,0.1182,0.074,0.3874,0.1972
4903,-118.025,34.075,0.6129,0.2194,0.2002,0.0856,0.3079,0.1271,0.3502,0.1362,0.8824,0.4253,0.0637,0.0448,0.1175,0.0737,0.3872,0.1959
4904,-118.015,34.075,0.5999,0.2114,0.1992,0.0851,0.3061,0.1272,0.3398,0.1301,0.8574,0.4099,0.065,0.045,0.1167,0.0733,0.3875,0.1952
4905,-118.005,34.075,0.5827,0.2024,0.1981,0.0847,0.3037,0.1272,0.3277,0.125,0.8344,0.3961,0.0658,0.0448,0.1156,0.0727,0.388,0.1947
4906,-117.995,34.075,0.5609,0.1915,0.1955,0.0834,0.2971,0.1247,0.3114,0.1179,0.8126,0.3823,0.0647,0.0432,0.1127,0.0706,0.3882,0.1938
4907,-117.985,34.075,0.5355,0.179,0.1914,0.0812,0.2864,0.1196,0.2909,0.1086,0.7919,0.3676,0.0618,0.0401,0.1079,0.067,0.3842,0.1893
4908,-117.975,34.075,0.5105,0.1684,0.1883,0.0798,0.2781,0.1164,0.2747,0.1024,0.7734,0.3577,0.0595,0.0379,0.1046,0.0646,0.3829,0.1873
4909,-117.965,34.075,0.4855,0.1582,0.1855,0.0784,0.2726,0.1149,0.2621,0.0983,0.7561,0.3493,0.058,0.0366,0.1027,0.0633,0.3852,0.1885
4910,-117.955,34.075,0.4628,0.1486,0.1822,0.0769,0.2781,0.1201,0.2628,0.1016,0.7396,0.3414,0.0595,0.0378,0.1058,0.066,0.3915,0.1934
4911,-117.945,34.075,0.4449,0.1406,0.18,0.0761,0.2808,0.1236,0.2632,0.1042,0.7236,0.336,0.0605,0.0386,0.1079,0.0679,0.4017,0.2018
4912,-117.935,34.075,0.4302,0.1334,0.1787,0.0759,0.2805,0.1254,0.2633,0.1062,0.7068,0.3306,0.0609,0.0391,0.1088,0.069,0.4096,0.2084
4913,-117.925,34.075,0.4159,0.1262,0.177,0.0754,0.2766,0.1246,0.2615,0.1065,0.6876,0.3221,0.0609,0.0389,0.1084,0.0689,0.4157,0.2132
4914,-117.915,34.075,0.4033,0.1207,0.1755,0.075,0.2718,0.1232,0.2596,0.1065,0.6677,0.3135,0.0608,0.0386,0.1078,0.0686,0.4204,0.2166
4915,-117.905,34.075,0.3924,0.1168,0.175,0.0753,0.2658,0.1206,0.2587,0.1062,0.6485,0.3056,0.0604,0.0382,0.107,0.0682,0.4246,0.2194
4916,-117.895,34.075,0.3817,0.1137,0.1681,0.0718,0.2529,0.1135,0.2515,0.1021,0.6289,0.297,0.0582,0.0367,0.1032,0.0653,0.4202,0.2137
4917,-117.885,34.075,0.3464,0.0978,0.1546,0.0643,0.2332,0.1018,0.2379,0.0944,0.5827,0.2569,0.0542,0.0341,0.0963,0.0599,0.4097,0.2024
4918,-117.875,34.075,0.325,0.09,0.1478,0.0609,0.219,0.0939,0.2308,0.0911,0.5507,0.235,0.052,0.0327,0.0923,0.0569,0.399,0.1911
4919,-117.865,34.075,0.3089,0.0854,0.1423,0.0584,0.2067,0.0872,0.2257,0.0894,0.5246,0.2206,0.0503,0.0317,0.0893,0.0547,0.3969,0.1879
4920,-117.855,34.075,0.2919,0.0805,0.1373,0.0561,0.1981,0.0828,0.2239,0.0908,0.4982,0.2059,0.0495,0.0313,0.0881,0.0539,0.3968,0.1866
4921,-117.845,34.075,0.2806,0.0781,0.1341,0.0548,0.1885,0.0779,0.2207,0.0915,0.4802,0.1982,0.0484,0.0307,0.0863,0.0526,0.398,0.1863
4922,-117.835,34.075,0.2692,0.0756,0.1326,0.0545,0.1778,0.0724,0.2161,0.0914,0.4637,0.1912,0.0471,0.0296,0.0839,0.0509,0.3988,0.1857
4923,-117.825,34.075,0.2574,0.0727,0.1319,0.0546,0.1716,0.0694,0.2148,0.0927,0.4479,0.1846,0.0469,0.0296,0.0834,0.0507,0.3983,0.1841
4924,-117.815,34.075,0.2413,0.0678,0.129,0.0535,0.1665,0.067,0.2133,0.0938,0.4279,0.1746,0.047,0.0297,0.083,0.0506,0.4017,0.1853
4925,-117.805,34.075,0.2075,0.0557,0.1156,0.0467,0.1625,0.0649,0.2083,0.0926,0.3806,0.1472,0.0467,0.0299,0.0813,0.0496,0.3961,0.1795
4926,-117.795,34.075,0.1921,0.0509,0.1125,0.0454,0.1609,0.064,0.2043,0.0918,0.3613,0.1382,0.0467,0.0303,0.0801,0.0489,0.395,0.1773
4927,-117.785,34.075,0.1891,0.0506,0.1196,0.0496,0.1617,0.0643,0.2013,0.0914,0.3629,0.1412,0.0469,0.031,0.0794,0.0486,0.4042,0.1829
4928,-117.775,34.075,0.1865,0.0506,0.1116,0.0457,0.1646,0.0654,0.2001,0.0918,0.3649,0.1455,0.0475,0.0321,0.0795,0.0489,0.4079,0.1841
4929,-117.765,34.075,0.1523,0.039,0.1059,0.0431,0.1695,0.0676,0.2011,0.0933,0.3107,0.1168,0.0488,0.0336,0.0807,0.05,0.4258,0.1972
4930,-117.755,34.075,0.1792,0.0494,0.1262,0.0551,0.182,0.0739,0.2108,0.1002,0.3661,0.1523,0.0525,0.0368,0.0856,0.054,0.4463,0.213
4931,-117.745,34.075,0.1708,0.0469,0.1344,0.0602,0.1891,0.0775,0.2141,0.1031,0.3552,0.1474,0.0544,0.0383,0.0877,0.0559,0.4636,0.2266
4932,-117.735,34.075,0.1655,0.0457,0.1305,0.0583,0.1908,0.0783,0.211,0.1019,0.3459,0.1436,0.0544,0.038,0.0871,0.0556,0.4706,0.2307
4933,-117.725,34.075,0.162,0.0453,0.1264,0.0564,0.1925,0.0792,0.2083,0.1008,0.3376,0.1405,0.0543,0.0374,0.0865,0.0554,0.4785,0.2356
4934,-117.715,34.075,0.1595,0.0452,0.1224,0.0546,0.1941,0.0801,0.2058,0.0998,0.3301,0.1378,0.0541,0.0367,0.086,0.0551,0.4868,0.2407
4935,-117.705,34.075,0.1571,0.0452,0.1187,0.0529,0.1955,0.0811,0.2044,0.0994,0.3232,0.1354,0.0533,0.0356,0.0854,0.0548,0.4951,0.2457
4936,-117.695,34.075,0.1547,0.0452,0.1152,0.0513,0.1969,0.0822,0.2036,0.0993,0.3161,0.1328,0.0518,0.034,0.0848,0.0546,0.5031,0.2504
4937,-117.685,34.075,0.1522,0.0451,0.1119,0.0498,0.1983,0.0833,0.2034,0.0996,0.3088,0.1299,0.0494,0.0319,0.0842,0.0543,0.5102,0.2543
4938,-117.675,34.075,0.1497,0.045,0.109,0.0485,0.1997,0.0847,0.2031,0.0998,0.3014,0.1269,0.0476,0.0303,0.0836,0.054,0.5171,0.2578
4939,-117.665,34.075,0.1471,0.0447,0.1062,0.0473,0.2009,0.086,0.2027,0.0998,0.2942,0.1239,0.0462,0.0291,0.083,0.0537,0.5239,0.2613
4940,-117.655,34.075,0.1445,0.0445,0.1035,0.0462,0.2016,0.0873,0.2015,0.0992,0.2874,0.1211,0.0463,0.0293,0.0824,0.0533,0.5308,0.2648
4941,-118.945,34.085,0.074,0.0285,0.0821,0.0391,0.1879,0.0862,0.4332,0.1702,0.1295,0.0465,0.0201,0.0149,0.1458,0.0748,0.1437,0.0612
4942,-118.935,34.085,0.0749,0.0287,0.0807,0.038,0.1892,0.0864,0.4332,0.1733,0.1329,0.0479,0.0202,0.0149,0.145,0.0743,0.1464,0.0627
4943,-118.925,34.085,0.0789,0.0305,0.0859,0.041,0.1945,0.0891,0.4407,0.1811,0.1413,0.0517,0.0207,0.0154,0.1472,0.076,0.1506,0.0651
4944,-118.915,34.085,0.0784,0.03,0.0906,0.0436,0.1969,0.0901,0.4429,0.1852,0.1425,0.0519,0.0209,0.0156,0.1472,0.0761,0.1486,0.0638
4945,-118.905,34.085,0.07,0.0258,0.0863,0.0408,0.1811,0.08,0.4111,0.1667,0.1303,0.0455,0.0189,0.0138,0.1335,0.0669,0.1445,0.0613
4946,-118.895,34.085,0.0712,0.0261,0.0849,0.0396,0.1742,0.0752,0.3958,0.1582,0.134,0.0468,0.018,0.013,0.1265,0.0621,0.1421,0.0598
4947,-118.885,34.085,0.0725,0.0265,0.0862,0.0402,0.176,0.0757,0.3968,0.1598,0.1376,0.048,0.018,0.0132,0.126,0.0619,0.1431,0.0603
4948,-118.875,34.085,0.0737,0.0269,0.088,0.041,0.1779,0.0763,0.3976,0.1609,0.1412,0.0493,0.018,0.0134,0.1256,0.0617,0.1444,0.0609
4949,-118.865,34.085,0.075,0.0273,0.0906,0.0424,0.1812,0.0778,0.4011,0.1635,0.1446,0.0504,0.0182,0.0137,0.1262,0.0622,0.1473,0.0624
4950,-118.855,34.085,0.0786,0.0287,0.0967,0.0459,0.1916,0.0832,0.4181,0.1742,0.152,0.0534,0.0191,0.0147,0.1316,0.0658,0.1516,0.0647
4951,-118.845,34.085,0.0861,0.032,0.0998,0.0476,0.1983,0.0866,0.428,0.1806,0.1661,0.0596,0.0196,0.0154,0.1344,0.0677,0.1559,0.0669
4952,-118.835,34.085,0.0862,0.0318,0.1,0.0474,0.2013,0.0879,0.4307,0.1825,0.1673,0.0595,0.0196,0.0156,0.1345,0.0678,0.1547,0.0661
4953,-118.825,34.085,0.0828,0.03,0.102,0.0483,0.2119,0.094,0.4457,0.1937,0.1622,0.0564,0.0205,0.0167,0.1396,0.0715,0.156,0.0666
4954,-118.815,34.085,0.0963,0.0362,0.1058,0.0504,0.2231,0.1004,0.4616,0.2055,0.1863,0.0677,0.0214,0.0178,0.145,0.0755,0.161,0.0694
4955,-118.805,34.085,0.0995,0.0375,0.1162,0.0567,0.2292,0.1036,0.4698,0.211,0.1928,0.0702,0.0218,0.0182,0.1468,0.0768,0.1682,0.0736
4956,-118.795,34.085,0.1041,0.0394,0.121,0.0594,0.2286,0.1025,0.4676,0.2079,0.202,0.074,0.0214,0.0179,0.1442,0.075,0.174,0.077
4957,-118.785,34.085,0.0997,0.0369,0.1203,0.0586,0.2213,0.0973,0.4551,0.1962,0.1964,0.07,0.0204,0.0167,0.137,0.0701,0.1658,0.0716
4958,-118.775,34.085,0.0907,0.0325,0.1195,0.0579,0.2135,0.0921,0.4405,0.1841,0.1831,0.0625,0.0195,0.0156,0.1298,0.0654,0.1596,0.0676
4959,-118.765,34.085,0.0948,0.0342,0.1184,0.057,0.2088,0.0888,0.4312,0.1753,0.1931,0.0666,0.019,0.0149,0.1247,0.0621,0.1574,0.0661
4960,-118.755,34.085,0.0979,0.0353,0.116,0.0551,0.2193,0.0944,0.4491,0.183,0.2022,0.07,0.0202,0.0156,0.1292,0.0652,0.1602,0.0675
4961,-118.745,34.085,0.1069,0.0393,0.1167,0.0552,0.2289,0.0996,0.4652,0.1896,0.2227,0.0792,0.0214,0.0163,0.133,0.0679,0.1663,0.0708
4962,-118.735,34.085,0.1061,0.0385,0.1204,0.0573,0.2377,0.1044,0.4796,0.1949,0.226,0.0796,0.0226,0.0169,0.1363,0.0702,0.1646,0.0696
4963,-118.725,34.085,0.0957,0.0334,0.1211,0.0574,0.2311,0.1001,0.4686,0.1832,0.2115,0.0711,0.0221,0.0158,0.1304,0.0665,0.1607,0.0671
4964,-118.715,34.085,0.0974,0.0339,0.121,0.057,0.2231,0.0948,0.4554,0.1695,0.2198,0.0738,0.0215,0.0146,0.1237,0.0621,0.1585,0.0656
4965,-118.705,34.085,0.0992,0.0344,0.1198,0.0558,0.2236,0.0944,0.4573,0.1638,0.2281,0.0765,0.0218,0.014,0.1222,0.0612,0.1587,0.0655
4966,-118.695,34.085,0.1011,0.0349,0.1195,0.0553,0.2254,0.0948,0.4665,0.1613,0.2367,0.0793,0.0221,0.0135,0.1214,0.0608,0.1589,0.0653
4967,-118.685,34.085,0.1031,0.0355,0.1202,0.0554,0.2284,0.0961,0.4828,0.162,0.2457,0.082,0.0226,0.013,0.1214,0.0609,0.1632,0.0675
4968,-118.675,34.085,0.117,0.0415,0.1311,0.0619,0.2523,0.1105,0.5462,0.1879,0.2777,0.0968,0.0255,0.0139,0.1334,0.0695,0.1721,0.0723
4969,-118.665,34.085,0.1296,0.0471,0.1406,0.0675,0.2762,0.1249,0.6134,0.2143,0.3051,0.11,0.0283,0.0147,0.1454,0.0781,0.1802,0.077
4970,-118.655,34.085,0.1335,0.0485,0.1329,0.0627,0.2791,0.1262,0.6519,0.2182,0.3169,0.1142,0.0282,0.0135,0.1453,0.0782,0.1774,0.075
4971,-118.645,34.085,0.1306,0.0467,0.1261,0.0583,0.2557,0.112,0.6372,0.1948,0.3161,0.1108,0.0254,0.0117,0.1309,0.0687,0.1649,0.0675
4972,-118.635,34.085,0.1025,0.0339,0.1201,0.0542,0.2057,0.0822,0.569,0.1442,0.2601,0.0814,0.0201,0.0095,0.1023,0.0497,0.1503,0.0588
4973,-118.625,34.085,0.1164,0.0393,0.1374,0.0643,0.2274,0.0933,0.6636,0.1587,0.2958,0.0944,0.0224,0.0116,0.1119,0.0559,0.1521,0.0594
4974,-118.615,34.085,0.1323,0.0461,0.1567,0.0757,0.2613,0.1119,0.7854,0.184,0.3296,0.1093,0.0259,0.0146,0.1282,0.0666,0.1681,0.068
4975,-118.605,34.085,0.1489,0.0535,0.1628,0.0792,0.2836,0.1256,0.8777,0.1967,0.3625,0.1251,0.0282,0.0168,0.139,0.0745,0.1757,0.072
4976,-118.595,34.085,0.1524,0.0547,0.1571,0.0753,0.28,0.123,0.9011,0.1987,0.3817,0.1325,0.0277,0.0171,0.1358,0.0726,0.1718,0.0695
4977,-118.585,34.085,0.1309,0.0444,0.1395,0.0641,0.2505,0.104,0.8557,0.19,0.3645,0.1182,0.0246,0.0154,0.1186,0.0608,0.1565,0.0608
4978,-118.575,34.085,0.0976,0.0302,0.1198,0.0525,0.2159,0.0848,0.7672,0.1696,0.3035,0.0888,0.0211,0.0133,0.1005,0.0494,0.1371,0.0512
4979,-118.565,34.085,0.0976,0.03,0.104,0.0435,0.1866,0.0688,0.6888,0.153,0.3251,0.0963,0.0182,0.0116,0.0853,0.0399,0.1325,0.049
4980,-118.555,34.085,0.1014,0.0313,0.1101,0.0466,0.1889,0.0693,0.7026,0.1664,0.3606,0.1093,0.0186,0.0123,0.0854,0.0401,0.1372,0.0515
4981,-118.545,34.085,0.1083,0.0339,0.1121,0.0475,0.1993,0.0734,0.7405,0.1903,0.4106,0.1284,0.0197,0.0137,0.0892,0.0425,0.1457,0.0557
4982,-118.535,34.085,0.1176,0.0375,0.11,0.0462,0.2178,0.0812,0.8025,0.2246,0.4737,0.1536,0.0217,0.0159,0.0966,0.0471,0.1505,0.0582
4983,-118.525,34.085,0.1026,0.0314,0.1108,0.0466,0.2044,0.0738,0.749,0.2178,0.4473,0.1395,0.0202,0.0149,0.0893,0.0429,0.1484,0.0573
4984,-118.515,34.085,0.1036,0.0318,0.1114,0.0468,0.1879,0.0649,0.6832,0.2074,0.4841,0.1523,0.0184,0.0136,0.0807,0.0377,0.1465,0.0564
4985,-118.505,34.085,0.1046,0.0321,0.1081,0.0449,0.1887,0.064,0.6725,0.2207,0.5238,0.1659,0.0183,0.0137,0.0797,0.0373,0.148,0.0571
4986,-118.495,34.085,0.1055,0.0324,0.1095,0.0456,0.1898,0.063,0.6602,0.2346,0.5673,0.1806,0.0182,0.0138,0.0789,0.0369,0.1508,0.0584
4987,-118.485,34.085,0.1065,0.0328,0.1155,0.0489,0.1911,0.0621,0.6462,0.2491,0.6163,0.1969,0.0181,0.0138,0.0783,0.0366,0.1564,0.061
4988,-118.475,34.085,0.1289,0.0419,0.116,0.049,0.2066,0.0667,0.6693,0.2686,0.7899,0.2709,0.0193,0.0149,0.0836,0.04,0.1635,0.0643
4989,-118.465,34.085,0.1224,0.0392,0.117,0.0495,0.2245,0.0722,0.6929,0.2866,0.8255,0.2757,0.0207,0.0164,0.0901,0.044,0.1717,0.0682
4990,-118.455,34.085,0.1254,0.0407,0.1263,0.055,0.2392,0.0766,0.6819,0.2929,0.92,0.3136,0.022,0.0177,0.0958,0.0478,0.1818,0.0733
4991,-118.445,34.085,0.158,0.0557,0.1341,0.0596,0.2653,0.0875,0.6848,0.3197,1.1446,0.4593,0.0246,0.0207,0.107,0.0556,0.2109,0.0895
4992,-118.435,34.085,0.1744,0.0639,0.1404,0.0633,0.3029,0.1049,0.7017,0.3671,1.2892,0.5619,0.0285,0.0254,0.1237,0.0675,0.2309,0.1008
4993,-118.425,34.085,0.1752,0.0645,0.1424,0.0651,0.3137,0.1125,0.7015,0.3866,1.3819,0.6073,0.0293,0.0266,0.1283,0.0711,0.2418,0.1072
4994,-118.415,34.085,0.1851,0.07,0.1436,0.0666,0.3183,0.1189,0.7007,0.403,1.4507,0.6706,0.0298,0.0275,0.1309,0.0734,0.2508,0.1126
4995,-118.405,34.085,0.1983,0.077,0.1456,0.0683,0.3193,0.1295,0.7135,0.4316,1.4816,0.7188,0.0315,0.0299,0.1354,0.0772,0.2624,0.12
4996,-118.395,34.085,0.2054,0.0804,0.1444,0.0685,0.3153,0.1397,0.7156,0.4506,1.4849,0.7236,0.0337,0.0332,0.1369,0.0786,0.2685,0.1239
4997,-118.385,34.085,0.2121,0.0838,0.14,0.067,0.3062,0.1497,0.707,0.4599,1.4754,0.7271,0.0364,0.0375,0.1354,0.0778,0.2735,0.1274
4998,-118.375,34.085,0.2177,0.0874,0.1472,0.0729,0.3159,0.1623,0.6919,0.4669,1.4506,0.7256,0.0396,0.0422,0.1339,0.0769,0.2832,0.1346
4999,-118.365,34.085,0.2338,0.0978,0.1561,0.0799,0.3302,0.1757,0.6793,0.4704,1.4618,0.7616,0.0427,0.0464,0.1323,0.0759,0.3083,0.1541
5000,-118.355,34.085,0.2443,0.1065,0.1614,0.0856,0.3488,0.1903,0.6863,0.4592,1.4302,0.7693,0.0448,0.0481,0.1304,0.0743,0.3169,0.1606
5001,-118.345,34.085,0.2382,0.1047,0.1629,0.0889,0.3628,0.205,0.6915,0.4356,1.4266,0.7231,0.0455,0.0483,0.1273,0.072,0.3164,0.1598
5002,-118.335,34.085,0.2468,0.11,0.1605,0.0897,0.372,0.2198,0.695,0.3996,1.4203,0.7129,0.0449,0.0469,0.1232,0.0691,0.312,0.1558
5003,-118.325,34.085,0.2642,0.1176,0.1578,0.0905,0.3849,0.2415,0.6993,0.3653,1.4114,0.7086,0.044,0.046,0.1209,0.0676,0.3123,0.1555
5004,-118.315,34.085,0.2834,0.1256,0.1545,0.091,0.3994,0.2652,0.704,0.3321,1.4022,0.7044,0.0432,0.0452,0.1192,0.0666,0.3119,0.1545
5005,-118.305,34.085,0.3021,0.1325,0.149,0.0898,0.4178,0.291,0.7097,0.3025,1.3933,0.6992,0.0429,0.045,0.1186,0.0664,0.3108,0.153
5006,-118.295,34.085,0.32,0.1379,0.144,0.0888,0.4293,0.3093,0.6826,0.2822,1.3838,0.693,0.0428,0.0444,0.1175,0.0658,0.3093,0.1512
5007,-118.285,34.085,0.3362,0.1414,0.1394,0.0881,0.4339,0.3201,0.6226,0.2712,1.3692,0.6833,0.0427,0.0435,0.1158,0.0648,0.3087,0.1501
5008,-118.275,34.085,0.3461,0.1398,0.1356,0.0874,0.4262,0.3128,0.5713,0.2563,1.338,0.6503,0.0426,0.0416,0.1129,0.0629,0.3072,0.1484
5009,-118.265,34.085,0.359,0.14,0.1322,0.0866,0.4164,0.3014,0.5261,0.2414,1.3017,0.6247,0.0426,0.0397,0.1101,0.0611,0.3069,0.1474
5010,-118.255,34.085,0.3722,0.1405,0.1302,0.0854,0.4087,0.2873,0.5017,0.23,1.2661,0.6003,0.0435,0.0384,0.1091,0.0606,0.3085,0.148
5011,-118.245,34.085,0.3884,0.1431,0.1325,0.0866,0.4011,0.2733,0.4851,0.2192,1.2314,0.583,0.0442,0.037,0.1085,0.0604,0.3134,0.151
5012,-118.235,34.085,0.4128,0.1515,0.1391,0.0903,0.3935,0.2594,0.4763,0.2091,1.2169,0.593,0.0448,0.0356,0.1083,0.0605,0.3273,0.1611
5013,-118.225,34.085,0.4604,0.1764,0.1383,0.0863,0.3962,0.257,0.4869,0.2091,1.221,0.6563,0.0469,0.0368,0.1123,0.0638,0.3347,0.1662
5014,-118.215,34.085,0.4635,0.1699,0.1364,0.0809,0.395,0.2512,0.495,0.207,1.2174,0.6174,0.0482,0.0377,0.1147,0.0659,0.3325,0.1637
5015,-118.205,34.085,0.4573,0.1575,0.136,0.0765,0.3647,0.2174,0.4714,0.1844,1.2037,0.5582,0.0442,0.0352,0.1053,0.0591,0.3189,0.1523
5016,-118.195,34.085,0.4749,0.1616,0.1366,0.073,0.348,0.197,0.4538,0.1705,1.2007,0.5481,0.0425,0.0345,0.1004,0.0556,0.3166,0.1498
5017,-118.185,34.085,0.4971,0.1688,0.1383,0.0705,0.3449,0.1899,0.4423,0.1653,1.2008,0.5466,0.0429,0.0356,0.0999,0.0555,0.3175,0.1497
5018,-118.175,34.085,0.5205,0.1769,0.1405,0.0686,0.3448,0.186,0.422,0.1602,1.2008,0.5452,0.044,0.0361,0.0998,0.0557,0.3202,0.151
5019,-118.165,34.085,0.5497,0.1893,0.1431,0.0671,0.3456,0.183,0.4006,0.1553,1.2028,0.5509,0.0454,0.0364,0.1,0.056,0.3238,0.153
5020,-118.155,34.085,0.5759,0.2006,0.1474,0.067,0.3473,0.1811,0.3823,0.1521,1.2047,0.5566,0.0472,0.0361,0.1006,0.0567,0.3291,0.1563
5021,-118.145,34.085,0.5952,0.2084,0.15,0.0662,0.3451,0.1749,0.3706,0.1485,1.205,0.5569,0.0489,0.0355,0.1007,0.057,0.3326,0.1581
5022,-118.135,34.085,0.6067,0.2124,0.1508,0.0646,0.3391,0.1647,0.3654,0.1447,1.2042,0.5535,0.0505,0.0346,0.1003,0.0569,0.3347,0.159
5023,-118.125,34.085,0.611,0.2135,0.1513,0.0633,0.3293,0.1528,0.3645,0.1416,1.2,0.5478,0.0513,0.0339,0.0998,0.0568,0.3361,0.1592
5024,-118.115,34.085,0.6103,0.212,0.1524,0.0626,0.319,0.1411,0.3641,0.1387,1.18,0.5337,0.0518,0.0334,0.0995,0.0567,0.3378,0.1596
5025,-118.105,34.085,0.609,0.2103,0.1572,0.0645,0.3102,0.1323,0.3624,0.1368,1.159,0.5218,0.0518,0.0334,0.0999,0.0573,0.3472,0.1662
5026,-118.095,34.085,0.6338,0.2331,0.1671,0.0695,0.3143,0.1326,0.3729,0.1438,1.14,0.5608,0.0546,0.0362,0.1058,0.0622,0.3669,0.1821
5027,-118.085,34.085,0.6492,0.2479,0.1822,0.0778,0.3314,0.1419,0.3956,0.1598,1.1183,0.5821,0.0602,0.0416,0.1172,0.0714,0.3887,0.2001
5028,-118.075,34.085,0.6446,0.2441,0.1864,0.0798,0.3298,0.1395,0.3914,0.1592,1.0974,0.5665,0.0605,0.0425,0.1189,0.0731,0.3918,0.2019
5029,-118.065,34.085,0.6386,0.2395,0.1883,0.0804,0.3249,0.1352,0.3821,0.1552,1.0728,0.5479,0.06,0.0424,0.1187,0.0732,0.3929,0.2017
5030,-118.055,34.085,0.6316,0.2348,0.19,0.0811,0.3229,0.1336,0.3752,0.1506,1.0415,0.5265,0.06,0.0423,0.1187,0.0735,0.3937,0.2014
5031,-118.045,34.085,0.6229,0.2294,0.1911,0.0815,0.3211,0.1326,0.3686,0.1452,1.0088,0.5056,0.0604,0.0425,0.1187,0.0737,0.3945,0.2011
5032,-118.035,34.085,0.6125,0.223,0.1917,0.0817,0.3196,0.1322,0.3622,0.139,0.9772,0.4854,0.0613,0.0429,0.1185,0.0739,0.3951,0.2007
5033,-118.025,34.085,0.6004,0.2154,0.1916,0.0817,0.3174,0.1316,0.3544,0.1324,0.9472,0.4644,0.0626,0.0435,0.118,0.0737,0.3954,0.1999
5034,-118.015,34.085,0.5881,0.2083,0.1911,0.0814,0.3147,0.131,0.3454,0.1259,0.9188,0.4459,0.0639,0.0441,0.1172,0.0733,0.3951,0.1986
5035,-118.005,34.085,0.5706,0.1984,0.1889,0.0803,0.3104,0.1295,0.3313,0.12,0.8924,0.4254,0.0644,0.0438,0.1156,0.0723,0.3942,0.1966
5036,-117.995,34.085,0.5491,0.1875,0.1832,0.0771,0.2991,0.1239,0.3101,0.1104,0.8671,0.4064,0.0621,0.0414,0.1109,0.0687,0.3917,0.1931
5037,-117.985,34.085,0.5075,0.1621,0.1739,0.072,0.2809,0.1141,0.2818,0.0971,0.8312,0.3612,0.0572,0.0368,0.1031,0.0626,0.3766,0.1788
5038,-117.975,34.085,0.46,0.1374,0.1679,0.0689,0.2668,0.1074,0.2599,0.0883,0.7864,0.3174,0.0535,0.0338,0.0975,0.0584,0.3675,0.1704
5039,-117.965,34.085,0.4397,0.1309,0.1631,0.0665,0.2582,0.1041,0.2446,0.0832,0.7688,0.314,0.0514,0.0322,0.0946,0.0564,0.3682,0.1704
5040,-117.955,34.085,0.4328,0.1319,0.1608,0.0656,0.2728,0.115,0.2549,0.0924,0.7626,0.3269,0.0555,0.0355,0.102,0.0626,0.3801,0.1797
5041,-117.945,34.085,0.4342,0.137,0.1629,0.0672,0.2798,0.1212,0.2595,0.0981,0.7603,0.3474,0.0576,0.0374,0.1063,0.0663,0.3998,0.1964
5042,-117.935,34.085,0.4254,0.1343,0.1694,0.0714,0.2794,0.1228,0.2583,0.1004,0.745,0.3493,0.058,0.0377,0.1073,0.0673,0.4142,0.2089
5043,-117.925,34.085,0.4118,0.1283,0.1693,0.0718,0.2759,0.1223,0.2563,0.1014,0.723,0.3407,0.0578,0.0377,0.1071,0.0675,0.4233,0.2167
5044,-117.915,34.085,0.3977,0.1221,0.1681,0.0716,0.272,0.1214,0.2547,0.1022,0.6987,0.3285,0.0576,0.0376,0.1069,0.0675,0.4288,0.2209
5045,-117.905,34.085,0.3873,0.1187,0.1686,0.0725,0.2685,0.1207,0.2565,0.1036,0.6768,0.3201,0.0581,0.0381,0.1075,0.0682,0.4349,0.2257
5046,-117.895,34.085,0.3779,0.1162,0.1653,0.0711,0.2598,0.1164,0.2536,0.1021,0.6554,0.3117,0.0573,0.0377,0.1058,0.0671,0.4377,0.227
5047,-117.885,34.085,0.3562,0.1069,0.1583,0.0674,0.2458,0.1084,0.2462,0.0977,0.6217,0.2863,0.0552,0.0365,0.1018,0.064,0.4294,0.2174
5048,-117.875,34.085,0.3203,0.0911,0.1479,0.0619,0.2284,0.0985,0.2364,0.0928,0.5699,0.2437,0.0522,0.0342,0.0965,0.0599,0.4167,0.2035
5049,-117.865,34.085,0.3091,0.0884,0.138,0.0568,0.2115,0.089,0.2273,0.0887,0.5476,0.2334,0.0494,0.032,0.0915,0.0561,0.4119,0.1976
5050,-117.855,34.085,0.2947,0.0842,0.134,0.055,0.2008,0.0835,0.224,0.0893,0.5226,0.2203,0.0484,0.0313,0.0896,0.0548,0.4122,0.1964
5051,-117.845,34.085,0.2815,0.0805,0.1304,0.0535,0.1885,0.0771,0.218,0.0884,0.5005,0.2095,0.0469,0.0299,0.0867,0.0527,0.4112,0.1941
5052,-117.835,34.085,0.2593,0.0729,0.1272,0.0523,0.1743,0.0698,0.2092,0.0859,0.467,0.1898,0.0448,0.028,0.0826,0.0497,0.4052,0.188
5053,-117.825,34.085,0.2316,0.0633,0.1204,0.0491,0.1678,0.0668,0.2092,0.0881,0.4248,0.166,0.0452,0.028,0.0825,0.0498,0.3922,0.1765
5054,-117.815,34.085,0.2351,0.0664,0.114,0.046,0.1616,0.0639,0.2081,0.0895,0.4324,0.1762,0.0454,0.0279,0.082,0.0496,0.4051,0.1849
5055,-117.805,34.085,0.2262,0.0645,0.113,0.0459,0.149,0.0572,0.1924,0.0821,0.4204,0.173,0.0426,0.0259,0.0754,0.0447,0.4017,0.1812
5056,-117.795,34.085,0.1904,0.0512,0.1157,0.0477,0.1432,0.0539,0.1828,0.078,0.3646,0.1394,0.0413,0.0251,0.0716,0.0421,0.3968,0.1764
5057,-117.785,34.085,0.179,0.0479,0.122,0.0516,0.1443,0.0541,0.1793,0.0772,0.347,0.1316,0.0414,0.0255,0.0706,0.0415,0.3993,0.1769
5058,-117.775,34.085,0.1729,0.0466,0.123,0.0528,0.1489,0.056,0.1799,0.0786,0.3386,0.1295,0.0425,0.0268,0.0714,0.0422,0.4109,0.1834
5059,-117.765,34.085,0.1737,0.0476,0.124,0.054,0.1571,0.0598,0.1846,0.0824,0.3437,0.1346,0.0448,0.0289,0.074,0.0444,0.4369,0.2029
5060,-117.755,34.085,0.1876,0.0536,0.1302,0.058,0.1794,0.0711,0.2054,0.0964,0.3713,0.1542,0.0515,0.0347,0.0837,0.0522,0.4598,0.2205
5061,-117.745,34.085,0.1782,0.0506,0.1315,0.0592,0.1914,0.0772,0.2141,0.1027,0.3577,0.1476,0.0545,0.0373,0.0882,0.0559,0.474,0.2314
5062,-117.735,34.085,0.1717,0.0488,0.128,0.0575,0.1932,0.0779,0.2108,0.1013,0.3471,0.143,0.054,0.0368,0.0875,0.0556,0.4803,0.2347
5063,-117.725,34.085,0.1669,0.0477,0.1242,0.0558,0.1949,0.0787,0.2076,0.1,0.3378,0.1392,0.0531,0.036,0.0869,0.0553,0.4876,0.2389
5064,-117.715,34.085,0.1631,0.0471,0.1204,0.054,0.1965,0.0796,0.2049,0.0989,0.3295,0.1361,0.0519,0.0351,0.0863,0.0551,0.4952,0.2432
5065,-117.705,34.085,0.1598,0.0466,0.1168,0.0524,0.198,0.0805,0.2036,0.0986,0.3218,0.1332,0.0503,0.0338,0.0857,0.0548,0.5029,0.2476
5066,-117.695,34.085,0.1567,0.0463,0.1134,0.0508,0.1994,0.0816,0.2031,0.0987,0.3143,0.1304,0.0485,0.0321,0.0851,0.0545,0.5106,0.2518
5067,-117.685,34.085,0.1537,0.0459,0.11,0.0493,0.2009,0.0827,0.2034,0.0991,0.3069,0.1276,0.0465,0.0303,0.0845,0.0542,0.518,0.2557
5068,-117.675,34.085,0.1508,0.0456,0.107,0.0479,0.2022,0.084,0.2033,0.0994,0.2996,0.1247,0.0452,0.0289,0.0839,0.0539,0.5252,0.2593
5069,-117.665,34.085,0.148,0.0452,0.104,0.0466,0.2035,0.0853,0.203,0.0994,0.2924,0.1219,0.0443,0.0278,0.0833,0.0536,0.5324,0.263
5070,-117.655,34.085,0.1451,0.0448,0.101,0.0453,0.2041,0.0866,0.2016,0.0986,0.2856,0.1192,0.0448,0.0283,0.0827,0.0533,0.5396,0.2667
5071,-118.945,34.095,0.0657,0.0245,0.0778,0.0366,0.1756,0.0783,0.4122,0.1581,0.118,0.0411,0.0184,0.0129,0.1361,0.0677,0.1406,0.0592
5072,-118.935,34.095,0.0668,0.0249,0.0789,0.037,0.1772,0.0787,0.4131,0.1616,0.1213,0.0424,0.0185,0.0129,0.1356,0.0674,0.1426,0.0603
5073,-118.925,34.095,0.0683,0.0254,0.0815,0.0383,0.1801,0.0799,0.4169,0.1667,0.1253,0.0439,0.0188,0.0132,0.136,0.0678,0.1453,0.0617
5074,-118.915,34.095,0.0705,0.0262,0.0837,0.0395,0.1821,0.0806,0.4191,0.1706,0.1307,0.0461,0.019,0.0133,0.1357,0.0677,0.1458,0.0619
5075,-118.905,34.095,0.0703,0.0259,0.0834,0.0391,0.178,0.0775,0.4104,0.1671,0.132,0.0463,0.0184,0.0129,0.1308,0.0645,0.1453,0.0615
5076,-118.895,34.095,0.0716,0.0263,0.0839,0.0392,0.1769,0.0763,0.4066,0.1661,0.1356,0.0476,0.0182,0.0128,0.1281,0.0627,0.1454,0.0614
5077,-118.885,34.095,0.0729,0.0267,0.0852,0.0398,0.1788,0.0768,0.4077,0.1675,0.1392,0.0489,0.0183,0.0131,0.1277,0.0625,0.1466,0.062
5078,-118.875,34.095,0.0742,0.0271,0.0867,0.0404,0.1807,0.0774,0.4088,0.1686,0.1428,0.0502,0.0183,0.0133,0.1272,0.0623,0.1477,0.0625
5079,-118.865,34.095,0.0755,0.0275,0.0881,0.041,0.1831,0.0783,0.4109,0.1702,0.1463,0.0513,0.0185,0.0136,0.1271,0.0623,0.1491,0.0631
5080,-118.855,34.095,0.0769,0.028,0.0898,0.0418,0.188,0.0806,0.4179,0.1747,0.15,0.0525,0.0188,0.0142,0.1286,0.0633,0.151,0.0641
5081,-118.845,34.095,0.079,0.0287,0.0913,0.0425,0.1916,0.0822,0.4226,0.1778,0.1548,0.0543,0.019,0.0146,0.1292,0.0638,0.1531,0.0651
5082,-118.835,34.095,0.0799,0.029,0.0928,0.0431,0.1941,0.0831,0.4252,0.1795,0.1575,0.055,0.019,0.0149,0.1289,0.0637,0.153,0.0649
5083,-118.825,34.095,0.0811,0.0293,0.0964,0.0451,0.1992,0.0857,0.4322,0.1844,0.1606,0.0558,0.0193,0.0154,0.1303,0.0648,0.1542,0.0653
5084,-118.815,34.095,0.0851,0.0309,0.1013,0.0479,0.2062,0.0894,0.4426,0.1916,0.169,0.0591,0.0198,0.016,0.1329,0.0667,0.1575,0.067
5085,-118.805,34.095,0.0908,0.0333,0.1102,0.0531,0.2197,0.0968,0.4655,0.2067,0.1802,0.064,0.021,0.0173,0.1394,0.0711,0.1636,0.0704
5086,-118.795,34.095,0.1029,0.0389,0.1152,0.056,0.2249,0.0992,0.4742,0.2111,0.2029,0.0747,0.0213,0.0177,0.1405,0.0719,0.1736,0.0762
5087,-118.785,34.095,0.1021,0.0382,0.1165,0.0565,0.2219,0.0967,0.4686,0.2049,0.2035,0.0739,0.0208,0.017,0.1361,0.0689,0.1683,0.0726
5088,-118.775,34.095,0.0949,0.0345,0.1198,0.0584,0.2159,0.0926,0.4568,0.1943,0.1934,0.0677,0.02,0.0161,0.1301,0.0651,0.1644,0.07
5089,-118.765,34.095,0.103,0.0381,0.1222,0.0596,0.2112,0.0894,0.4473,0.185,0.21,0.0754,0.0195,0.0154,0.1249,0.0618,0.1631,0.069
5090,-118.755,34.095,0.1022,0.0374,0.1176,0.0563,0.2158,0.0916,0.4553,0.1864,0.2119,0.0752,0.02,0.0155,0.1256,0.0624,0.1641,0.0694
5091,-118.745,34.095,0.0986,0.0354,0.1147,0.0542,0.2249,0.0964,0.4717,0.193,0.2094,0.0725,0.0211,0.0161,0.129,0.0647,0.1664,0.0705
5092,-118.735,34.095,0.1,0.0357,0.1135,0.0532,0.2384,0.1038,0.4965,0.2045,0.2159,0.0746,0.0227,0.017,0.1349,0.0688,0.17,0.0724
5093,-118.725,34.095,0.1061,0.0384,0.1147,0.0537,0.248,0.1094,0.5131,0.212,0.2309,0.0814,0.0241,0.0176,0.1386,0.0716,0.1732,0.0741
5094,-118.715,34.095,0.1075,0.0387,0.1164,0.0544,0.2528,0.112,0.5224,0.2138,0.2384,0.0837,0.025,0.0176,0.1395,0.0725,0.1744,0.0747
5095,-118.705,34.095,0.1046,0.037,0.1176,0.0549,0.2382,0.1021,0.504,0.1923,0.238,0.0817,0.0234,0.0154,0.1289,0.0653,0.1693,0.0712
5096,-118.695,34.095,0.1031,0.0359,0.1189,0.0554,0.232,0.0976,0.5032,0.1821,0.2398,0.0809,0.0228,0.014,0.1234,0.0617,0.1665,0.0692
5097,-118.685,34.095,0.1048,0.0363,0.1202,0.0558,0.2343,0.0983,0.5199,0.1833,0.2479,0.0833,0.0231,0.0133,0.1229,0.0615,0.167,0.0692
5098,-118.675,34.095,0.1074,0.0371,0.1276,0.06,0.2451,0.1043,0.5593,0.1942,0.2577,0.0863,0.0243,0.0133,0.1272,0.0646,0.1709,0.0711
5099,-118.665,34.095,0.1168,0.041,0.1357,0.0647,0.2558,0.1103,0.6016,0.2052,0.2806,0.0961,0.0255,0.0132,0.1316,0.0678,0.1756,0.0736
5100,-118.655,34.095,0.1224,0.0432,0.1411,0.0678,0.2584,0.1113,0.6351,0.2073,0.2954,0.1019,0.0256,0.0125,0.1312,0.0677,0.1753,0.073
5101,-118.645,34.095,0.1281,0.0456,0.1394,0.0664,0.2516,0.1068,0.6515,0.1996,0.31,0.1077,0.0247,0.0119,0.1258,0.0643,0.1696,0.0694
5102,-118.635,34.095,0.1201,0.0413,0.1305,0.0605,0.2356,0.0969,0.6508,0.1821,0.299,0.0987,0.023,0.0114,0.1154,0.0575,0.1626,0.065
5103,-118.625,34.095,0.1188,0.0403,0.1433,0.0682,0.2591,0.1104,0.7359,0.2019,0.3006,0.0967,0.0257,0.0137,0.1262,0.0649,0.1645,0.0656
5104,-118.615,34.095,0.1456,0.0523,0.1582,0.0772,0.2872,0.1268,0.8312,0.226,0.3555,0.1242,0.0288,0.0164,0.1394,0.0741,0.1794,0.074
5105,-118.605,34.095,0.1507,0.0543,0.1622,0.0794,0.2977,0.133,0.8902,0.2343,0.3711,0.1299,0.0299,0.0179,0.1434,0.0772,0.1868,0.078
5106,-118.595,34.095,0.1534,0.0551,0.1582,0.0766,0.2985,0.1329,0.9229,0.2417,0.3894,0.1368,0.0299,0.0187,0.1422,0.0766,0.1845,0.0764
5107,-118.585,34.095,0.1457,0.0511,0.1463,0.0686,0.2895,0.1265,0.9292,0.2484,0.3967,0.136,0.0291,0.0188,0.1358,0.0723,0.1737,0.0697
5108,-118.575,34.095,0.1075,0.034,0.1224,0.0546,0.2407,0.0985,0.8177,0.2065,0.3309,0.0995,0.0238,0.0152,0.1106,0.0559,0.1455,0.0551
5109,-118.565,34.095,0.0997,0.0308,0.1019,0.0427,0.1958,0.0727,0.715,0.1681,0.3288,0.0977,0.0189,0.0119,0.0874,0.0409,0.1376,0.051
5110,-118.555,34.095,0.1114,0.0353,0.1098,0.0468,0.2103,0.079,0.7723,0.1946,0.3894,0.1208,0.0204,0.0137,0.0928,0.0443,0.141,0.0527
5111,-118.545,34.095,0.1159,0.037,0.1103,0.0469,0.2141,0.08,0.7901,0.2085,0.4297,0.1365,0.0208,0.0144,0.0935,0.0448,0.147,0.0557
5112,-118.535,34.095,0.1064,0.0331,0.1034,0.0431,0.2073,0.0757,0.7684,0.2099,0.4239,0.1317,0.0201,0.0143,0.0894,0.0425,0.145,0.0548
5113,-118.525,34.095,0.1035,0.0318,0.1008,0.0416,0.2013,0.0718,0.7453,0.2124,0.4414,0.1366,0.0194,0.0139,0.0854,0.0402,0.1435,0.0542
5114,-118.515,34.095,0.1047,0.0322,0.0993,0.0407,0.1967,0.0684,0.7259,0.217,0.4772,0.149,0.0187,0.0136,0.082,0.0382,0.1436,0.0542
5115,-118.505,34.095,0.1059,0.0326,0.0989,0.0404,0.1982,0.0677,0.7261,0.2314,0.5156,0.162,0.0186,0.0137,0.0811,0.0379,0.1452,0.0549
5116,-118.495,34.095,0.107,0.033,0.0984,0.04,0.2003,0.0671,0.73,0.2467,0.5577,0.1762,0.0184,0.0137,0.0804,0.0376,0.1466,0.0555
5117,-118.485,34.095,0.108,0.0334,0.0979,0.0397,0.2028,0.0666,0.7376,0.2629,0.6036,0.1914,0.0183,0.0136,0.0798,0.0373,0.1491,0.0566
5118,-118.475,34.095,0.1093,0.0339,0.1014,0.0415,0.211,0.0684,0.756,0.276,0.656,0.2087,0.0186,0.0137,0.0816,0.0385,0.1535,0.0585
5119,-118.465,34.095,0.1142,0.0359,0.1056,0.0436,0.2201,0.0705,0.7672,0.2863,0.7367,0.2373,0.019,0.0141,0.0839,0.04,0.1597,0.0612
5120,-118.455,34.095,0.1157,0.0365,0.1088,0.0453,0.2279,0.0721,0.7322,0.2857,0.8086,0.2618,0.0195,0.0146,0.0864,0.0417,0.1669,0.0645
5121,-118.445,34.095,0.1261,0.0409,0.1127,0.0474,0.2383,0.0757,0.6971,0.2894,0.9519,0.3203,0.0205,0.016,0.0905,0.0446,0.1833,0.0733
5122,-118.435,34.095,0.1332,0.0441,0.117,0.0499,0.2513,0.0814,0.662,0.2973,1.0777,0.3743,0.022,0.0181,0.0962,0.0487,0.1937,0.079
5123,-118.425,34.095,0.1315,0.0434,0.1137,0.0482,0.2523,0.0835,0.6334,0.2958,1.1409,0.3929,0.0222,0.0189,0.0968,0.0494,0.1987,0.0819
5124,-118.415,34.095,0.1321,0.0436,0.11,0.0464,0.2503,0.0853,0.6084,0.2935,1.1928,0.4102,0.0224,0.0196,0.0964,0.0495,0.2028,0.0844
5125,-118.405,34.095,0.1353,0.0451,0.112,0.048,0.2458,0.0888,0.5945,0.2977,1.2475,0.4339,0.023,0.0209,0.0962,0.0499,0.2086,0.0881
5126,-118.395,34.095,0.1378,0.0463,0.1099,0.0473,0.2403,0.0925,0.5742,0.2985,1.2888,0.4521,0.024,0.0226,0.095,0.0494,0.2114,0.09
5127,-118.385,34.095,0.138,0.0466,0.1035,0.0444,0.2337,0.0965,0.5476,0.2959,1.3058,0.4573,0.0252,0.0248,0.0926,0.0481,0.2136,0.0917
5128,-118.375,34.095,0.1403,0.0482,0.1131,0.0512,0.2435,0.1052,0.5369,0.3031,1.2838,0.4562,0.0276,0.0281,0.0927,0.0482,0.2193,0.0956
5129,-118.365,34.095,0.1831,0.0711,0.1265,0.0606,0.2661,0.1206,0.5475,0.3241,1.4547,0.6161,0.0312,0.0327,0.0963,0.0506,0.2508,0.1148
5130,-118.355,34.095,0.2323,0.1012,0.1423,0.0734,0.3343,0.1633,0.646,0.4028,1.5357,0.7826,0.0394,0.0428,0.1148,0.0628,0.2818,0.1342
5131,-118.345,34.095,0.2475,0.114,0.1511,0.0812,0.3823,0.2003,0.7092,0.4453,1.5193,0.8133,0.0446,0.0492,0.1261,0.0706,0.3055,0.1498
5132,-118.335,34.095,0.2652,0.1264,0.153,0.084,0.4101,0.2316,0.7373,0.4519,1.5027,0.8293,0.0467,0.0518,0.1303,0.0741,0.3183,0.1592
5133,-118.325,34.095,0.2854,0.1374,0.1521,0.0856,0.4353,0.2679,0.7462,0.4317,1.495,0.827,0.0466,0.0517,0.1298,0.074,0.3209,0.1607
5134,-118.315,34.095,0.3061,0.1483,0.1493,0.0859,0.4602,0.305,0.7492,0.4059,1.4889,0.822,0.0461,0.051,0.1284,0.0732,0.313,0.1538
5135,-118.305,34.095,0.3208,0.1535,0.14,0.0811,0.4853,0.3406,0.7424,0.3792,1.4872,0.8008,0.0459,0.0506,0.1272,0.0726,0.3079,0.1491
5136,-118.295,34.095,0.3276,0.151,0.1347,0.0792,0.4923,0.3542,0.7061,0.3452,1.4844,0.7607,0.0447,0.0485,0.123,0.0696,0.3079,0.1484
5137,-118.285,34.095,0.3356,0.1477,0.1334,0.08,0.4811,0.3458,0.64,0.3038,1.4703,0.727,0.0427,0.0447,0.1157,0.0644,0.3063,0.1466
5138,-118.275,34.095,0.3451,0.1449,0.1313,0.0798,0.4664,0.3343,0.5893,0.2781,1.436,0.6944,0.0424,0.0429,0.1124,0.0622,0.3059,0.1456
5139,-118.265,34.095,0.3565,0.143,0.1295,0.0795,0.4541,0.3245,0.547,0.2586,1.3989,0.669,0.043,0.0418,0.1109,0.0614,0.3091,0.1474
5140,-118.255,34.095,0.3725,0.145,0.13,0.0801,0.4569,0.3263,0.531,0.2539,1.3627,0.6566,0.0458,0.0429,0.1146,0.0644,0.317,0.1529
5141,-118.245,34.095,0.4049,0.1587,0.1337,0.0827,0.4531,0.3187,0.5136,0.2434,1.3271,0.684,0.0474,0.0425,0.1161,0.0657,0.3316,0.1639
5142,-118.235,34.095,0.4297,0.1674,0.1405,0.0873,0.4425,0.3017,0.495,0.2272,1.316,0.7017,0.0478,0.0408,0.1155,0.0655,0.3336,0.1645
5143,-118.225,34.095,0.4287,0.1585,0.1355,0.0806,0.4213,0.2735,0.4718,0.2047,1.3126,0.6589,0.0462,0.0382,0.1111,0.0625,0.3289,0.16
5144,-118.215,34.095,0.43,0.151,0.1294,0.0728,0.4009,0.2463,0.4509,0.1836,1.3102,0.6188,0.0445,0.036,0.1067,0.0595,0.3231,0.1547
5145,-118.205,34.095,0.4552,0.16,0.1305,0.0706,0.3952,0.2351,0.4462,0.1761,1.3121,0.6293,0.0445,0.0369,0.106,0.0592,0.3224,0.1533
5146,-118.195,34.095,0.4703,0.1624,0.1321,0.0687,0.3876,0.2224,0.4353,0.1674,1.3089,0.6142,0.0444,0.0373,0.1044,0.0582,0.3233,0.1534
5147,-118.185,34.095,0.4889,0.1673,0.134,0.067,0.3779,0.2081,0.4182,0.1576,1.3065,0.6039,0.044,0.0371,0.1018,0.0565,0.3253,0.1542
5148,-118.175,34.095,0.5114,0.175,0.1354,0.0651,0.3736,0.2,0.4016,0.1518,1.306,0.6004,0.0446,0.0369,0.1007,0.056,0.3274,0.155
5149,-118.165,34.095,0.5359,0.1842,0.137,0.0635,0.371,0.1936,0.3862,0.1475,1.3058,0.6003,0.0455,0.0367,0.1001,0.0558,0.3292,0.1556
5150,-118.155,34.095,0.5619,0.1951,0.1404,0.0632,0.3709,0.19,0.3751,0.1461,1.3075,0.6066,0.0472,0.0364,0.1008,0.0565,0.3342,0.1586
5151,-118.145,34.095,0.5851,0.2054,0.1429,0.0627,0.3678,0.1833,0.367,0.1443,1.3096,0.6143,0.049,0.0358,0.1012,0.057,0.339,0.1615
5152,-118.135,34.095,0.5995,0.2111,0.1446,0.0619,0.3617,0.1734,0.362,0.1421,1.31,0.6154,0.051,0.0348,0.1014,0.0574,0.3429,0.1637
5153,-118.125,34.095,0.6052,0.2129,0.1455,0.0611,0.3513,0.1617,0.3599,0.1403,1.306,0.6111,0.0515,0.034,0.1013,0.0575,0.3459,0.165
5154,-118.115,34.095,0.6047,0.2117,0.1464,0.0603,0.3401,0.15,0.3584,0.1386,1.2843,0.5981,0.0517,0.0331,0.1012,0.0577,0.3486,0.1662
5155,-118.105,34.095,0.6006,0.2081,0.1477,0.0601,0.3286,0.1404,0.3561,0.1371,1.2622,0.5846,0.0515,0.0326,0.1014,0.0581,0.3555,0.1706
5156,-118.095,34.095,0.6188,0.2235,0.157,0.0648,0.3318,0.1406,0.3667,0.1447,1.2381,0.6121,0.0541,0.035,0.1073,0.063,0.3729,0.1844
5157,-118.085,34.095,0.6376,0.2421,0.1743,0.0744,0.3499,0.1507,0.3901,0.1613,1.2057,0.6428,0.0596,0.0404,0.1188,0.0722,0.3942,0.2019
5158,-118.075,34.095,0.6342,0.2401,0.1787,0.0764,0.3472,0.1478,0.3872,0.1611,1.1826,0.6292,0.0599,0.0412,0.1203,0.0738,0.4007,0.2068
5159,-118.065,34.095,0.6265,0.2345,0.1803,0.0769,0.3407,0.1427,0.3792,0.1572,1.1548,0.6048,0.0592,0.041,0.1199,0.0737,0.4013,0.206
5160,-118.055,34.095,0.6173,0.2284,0.1813,0.0771,0.3365,0.1398,0.3734,0.1519,1.1214,0.5782,0.059,0.0407,0.1194,0.0735,0.4015,0.205
5161,-118.045,34.095,0.6065,0.2217,0.1822,0.0774,0.3326,0.1375,0.368,0.1457,1.0863,0.5525,0.0592,0.0406,0.1188,0.0734,0.4017,0.2042
5162,-118.035,34.095,0.595,0.2151,0.1829,0.0776,0.3292,0.1358,0.3629,0.1385,1.0517,0.5288,0.0598,0.0408,0.1181,0.0731,0.4021,0.2035
5163,-118.025,34.095,0.5833,0.2088,0.1831,0.0777,0.3259,0.1345,0.3569,0.1316,1.0175,0.5064,0.0609,0.0415,0.1176,0.0729,0.4025,0.2028
5164,-118.015,34.095,0.571,0.2021,0.1827,0.0776,0.3223,0.1332,0.3494,0.1248,0.9858,0.4843,0.062,0.0421,0.1169,0.0727,0.4019,0.2012
5165,-118.005,34.095,0.5547,0.1928,0.18,0.0761,0.3172,0.1312,0.3352,0.1184,0.9564,0.4594,0.0622,0.0417,0.1155,0.0717,0.4004,0.1985
5166,-117.995,34.095,0.5349,0.1829,0.1727,0.072,0.3067,0.126,0.3153,0.109,0.9274,0.4361,0.0604,0.0398,0.1116,0.0689,0.3971,0.1943
5167,-117.985,34.095,0.4977,0.1608,0.1607,0.0653,0.291,0.1178,0.29,0.0968,0.8914,0.3902,0.0567,0.0362,0.1054,0.0641,0.3808,0.1787
5168,-117.975,34.095,0.4499,0.1355,0.1528,0.0611,0.2736,0.1091,0.2652,0.0859,0.8436,0.3392,0.0527,0.033,0.0988,0.0591,0.3693,0.1684
5169,-117.965,34.095,0.4308,0.1292,0.1465,0.058,0.2589,0.1022,0.2442,0.0776,0.8228,0.3351,0.0495,0.0305,0.0935,0.0552,0.367,0.1662
5170,-117.955,34.095,0.4115,0.1223,0.1445,0.0572,0.2595,0.1045,0.2412,0.0808,0.7988,0.3281,0.0501,0.0312,0.095,0.0566,0.3752,0.1727
5171,-117.945,34.095,0.3999,0.1192,0.1481,0.0597,0.2618,0.1077,0.2411,0.0846,0.779,0.3277,0.051,0.0322,0.0972,0.0586,0.389,0.1837
5172,-117.935,34.095,0.4066,0.1263,0.1571,0.0652,0.2658,0.1119,0.2438,0.089,0.7742,0.3507,0.0523,0.0334,0.1002,0.0612,0.4088,0.2005
5173,-117.925,34.095,0.4081,0.13,0.16,0.0674,0.2714,0.1173,0.2502,0.0949,0.7612,0.3631,0.0543,0.0353,0.1042,0.0646,0.4268,0.2162
5174,-117.915,34.095,0.3953,0.1249,0.1616,0.0687,0.2757,0.1218,0.2563,0.1002,0.734,0.3506,0.0561,0.0371,0.1077,0.0678,0.4402,0.2282
5175,-117.905,34.095,0.3851,0.1216,0.1628,0.0699,0.2716,0.1207,0.2568,0.1012,0.7083,0.34,0.0564,0.0376,0.1081,0.0683,0.4476,0.2343
5176,-117.895,34.095,0.3757,0.1189,0.1613,0.0696,0.2651,0.1178,0.2556,0.1009,0.6832,0.3292,0.0562,0.0378,0.1075,0.0681,0.452,0.2372
5177,-117.885,34.095,0.363,0.1145,0.1574,0.0678,0.2562,0.1133,0.2527,0.0996,0.6556,0.3131,0.0555,0.0376,0.106,0.0671,0.4456,0.2291
5178,-117.875,34.095,0.3241,0.096,0.1459,0.0617,0.2369,0.1022,0.2405,0.0937,0.5988,0.2624,0.0521,0.035,0.0998,0.0622,0.4343,0.216
5179,-117.865,34.095,0.3109,0.092,0.1346,0.0557,0.2173,0.091,0.2284,0.0883,0.5714,0.2478,0.0488,0.0324,0.0936,0.0574,0.4291,0.2094
5180,-117.855,34.095,0.2991,0.0885,0.1315,0.0544,0.206,0.0856,0.2266,0.0896,0.5476,0.2361,0.0482,0.0319,0.0924,0.0566,0.4305,0.2089
5181,-117.845,34.095,0.2853,0.0842,0.128,0.0529,0.1955,0.0803,0.2227,0.0898,0.5228,0.2232,0.0474,0.0309,0.0903,0.0552,0.4303,0.207
5182,-117.835,34.095,0.2681,0.0784,0.1241,0.0512,0.1859,0.0753,0.2167,0.0889,0.4947,0.2075,0.0464,0.0295,0.0874,0.0531,0.4261,0.2018
5183,-117.825,34.095,0.236,0.0667,0.115,0.0468,0.1784,0.0717,0.2151,0.0903,0.4431,0.1776,0.0464,0.029,0.0864,0.0525,0.4168,0.1926
5184,-117.815,34.095,0.224,0.0632,0.1076,0.0433,0.1697,0.0675,0.2112,0.0903,0.4246,0.1697,0.0461,0.0282,0.0845,0.0512,0.4231,0.1959
5185,-117.805,34.095,0.218,0.0618,0.1138,0.0469,0.1533,0.0586,0.1919,0.0809,0.4163,0.1669,0.0425,0.0254,0.0761,0.045,0.4168,0.1898
5186,-117.795,34.095,0.2024,0.0566,0.1195,0.0505,0.1531,0.0582,0.1899,0.0816,0.389,0.1524,0.0432,0.0261,0.0753,0.0447,0.4169,0.1885
5187,-117.785,34.095,0.2095,0.0606,0.1247,0.0538,0.1692,0.066,0.2053,0.0922,0.3988,0.1621,0.0483,0.0301,0.0822,0.0502,0.4325,0.1995
5188,-117.775,34.095,0.2148,0.0641,0.1306,0.0578,0.176,0.0689,0.2081,0.095,0.4056,0.1705,0.0503,0.0319,0.084,0.0518,0.4518,0.2143
5189,-117.765,34.095,0.2046,0.0607,0.135,0.0609,0.1815,0.0711,0.2092,0.0968,0.3891,0.1621,0.0519,0.0333,0.0851,0.0529,0.4661,0.2244
5190,-117.755,34.095,0.1937,0.0569,0.1318,0.0595,0.1898,0.0749,0.2142,0.101,0.3731,0.1539,0.054,0.0352,0.0876,0.055,0.4764,0.2311
5191,-117.745,34.095,0.1841,0.0537,0.1286,0.0581,0.1949,0.0771,0.2151,0.1024,0.3583,0.1465,0.0547,0.0359,0.0885,0.0559,0.4836,0.2352
5192,-117.735,34.095,0.1771,0.0516,0.1253,0.0566,0.1968,0.0778,0.2118,0.1011,0.3469,0.1414,0.0539,0.0355,0.0879,0.0556,0.4895,0.2381
5193,-117.725,34.095,0.1714,0.0501,0.1219,0.055,0.1984,0.0784,0.2084,0.0997,0.3369,0.1373,0.0524,0.0348,0.0873,0.0553,0.4964,0.2417
5194,-117.715,34.095,0.1667,0.049,0.1183,0.0534,0.1999,0.0791,0.2055,0.0985,0.3282,0.1339,0.0507,0.034,0.0867,0.0551,0.5036,0.2456
5195,-117.705,34.095,0.1625,0.0481,0.1149,0.0518,0.2012,0.0799,0.2047,0.0984,0.3201,0.131,0.0487,0.0328,0.0861,0.0548,0.5111,0.2496
5196,-117.695,34.095,0.1587,0.0474,0.1115,0.0503,0.2026,0.0807,0.2046,0.0986,0.3123,0.1281,0.0468,0.0314,0.0855,0.0545,0.5186,0.2535
5197,-117.685,34.095,0.1552,0.0468,0.1082,0.0488,0.2039,0.0816,0.2051,0.0992,0.3048,0.1253,0.045,0.03,0.0848,0.0541,0.5261,0.2572
5198,-117.675,34.095,0.1519,0.0462,0.1051,0.0473,0.2052,0.0828,0.2051,0.0994,0.2974,0.1224,0.0441,0.0289,0.0842,0.0538,0.5335,0.2609
5199,-117.665,34.095,0.1487,0.0457,0.1019,0.0459,0.2063,0.084,0.2046,0.0992,0.2903,0.1197,0.0436,0.028,0.0836,0.0535,0.541,0.2645
5200,-117.655,34.095,0.1456,0.0451,0.0989,0.0445,0.2068,0.0854,0.2026,0.0978,0.2834,0.117,0.0442,0.028,0.0829,0.0532,0.5486,0.2682
5201,-118.945,34.105,0.0659,0.0247,0.0772,0.0363,0.1708,0.0749,0.4051,0.1546,0.1207,0.0425,0.0174,0.0116,0.1322,0.0646,0.1424,0.0601
5202,-118.935,34.105,0.0671,0.025,0.0783,0.0368,0.1725,0.0754,0.4064,0.1583,0.1237,0.0436,0.0176,0.0117,0.1318,0.0643,0.1439,0.0608
5203,-118.925,34.105,0.0683,0.0254,0.0797,0.0374,0.1743,0.0758,0.4085,0.162,0.1269,0.0448,0.0178,0.0119,0.1313,0.0641,0.1456,0.0617
5204,-118.915,34.105,0.0695,0.0258,0.0811,0.0381,0.1761,0.0763,0.4108,0.1658,0.1304,0.0461,0.018,0.012,0.1308,0.0638,0.1473,0.0625
5205,-118.905,34.105,0.0707,0.0261,0.082,0.0384,0.1778,0.0768,0.4136,0.1697,0.1339,0.0474,0.0182,0.0123,0.1303,0.0636,0.1486,0.0631
5206,-118.895,34.105,0.072,0.0265,0.083,0.0388,0.1797,0.0774,0.4158,0.1725,0.1375,0.0487,0.0184,0.0126,0.1298,0.0633,0.1498,0.0636
5207,-118.885,34.105,0.0732,0.0269,0.0843,0.0393,0.1816,0.0779,0.4173,0.1742,0.1411,0.0499,0.0185,0.0129,0.1293,0.0631,0.151,0.0642
5208,-118.875,34.105,0.0746,0.0274,0.0856,0.0399,0.1835,0.0785,0.419,0.1755,0.1447,0.0512,0.0187,0.0133,0.1288,0.0628,0.152,0.0646
5209,-118.865,34.105,0.0759,0.0278,0.087,0.0405,0.1855,0.0791,0.4208,0.1769,0.1483,0.0524,0.0188,0.0136,0.1283,0.0626,0.1529,0.065
5210,-118.855,34.105,0.0773,0.0282,0.0884,0.0411,0.1876,0.0797,0.4231,0.1786,0.1519,0.0536,0.0189,0.014,0.1278,0.0623,0.1537,0.0653
5211,-118.845,34.105,0.0787,0.0287,0.0898,0.0417,0.1897,0.0804,0.4257,0.1804,0.1556,0.0548,0.0189,0.0144,0.1273,0.0621,0.1544,0.0655
5212,-118.835,34.105,0.0802,0.0291,0.0912,0.0423,0.1919,0.0812,0.4287,0.1822,0.1594,0.056,0.019,0.0147,0.1268,0.0618,0.1548,0.0656
5213,-118.825,34.105,0.0817,0.0296,0.0931,0.0433,0.1944,0.082,0.4319,0.1841,0.1632,0.0573,0.019,0.015,0.1263,0.0616,0.1556,0.0658
5214,-118.815,34.105,0.0832,0.0301,0.0956,0.0446,0.1986,0.084,0.4386,0.1881,0.1674,0.0586,0.0192,0.0154,0.127,0.0621,0.1574,0.0666
5215,-118.805,34.105,0.0873,0.0317,0.1004,0.0473,0.2116,0.091,0.4617,0.203,0.1763,0.0622,0.0204,0.0167,0.1332,0.0663,0.1614,0.0687
5216,-118.795,34.105,0.0933,0.0343,0.1027,0.0484,0.2195,0.0951,0.4759,0.2112,0.1885,0.0676,0.021,0.0174,0.136,0.0682,0.1692,0.0731
5217,-118.785,34.105,0.0922,0.0335,0.1024,0.048,0.2225,0.0962,0.4811,0.2127,0.1886,0.0666,0.0211,0.0175,0.1354,0.0679,0.1675,0.0718
5218,-118.775,34.105,0.0919,0.0332,0.108,0.0512,0.2182,0.0932,0.4723,0.2039,0.1902,0.0665,0.0206,0.0167,0.1303,0.0647,0.1666,0.071
5219,-118.765,34.105,0.0978,0.0356,0.1136,0.0543,0.2152,0.091,0.4659,0.1967,0.2036,0.0721,0.0202,0.0161,0.126,0.0621,0.1676,0.0714
5220,-118.755,34.105,0.0983,0.0356,0.113,0.0537,0.2265,0.0974,0.4857,0.208,0.2072,0.0729,0.0215,0.017,0.1307,0.0654,0.1709,0.0731
5221,-118.745,34.105,0.1032,0.0377,0.1162,0.0554,0.2379,0.1036,0.5072,0.2186,0.2192,0.0779,0.0228,0.0178,0.1352,0.0685,0.1763,0.0762
5222,-118.735,34.105,0.1129,0.042,0.1232,0.0596,0.2492,0.1095,0.5303,0.2285,0.2403,0.0877,0.0242,0.0185,0.1397,0.0715,0.183,0.0801
5223,-118.725,34.105,0.1212,0.0456,0.1268,0.0616,0.2626,0.1173,0.5555,0.2413,0.259,0.0964,0.0259,0.0193,0.1454,0.0757,0.1887,0.0833
5224,-118.715,34.105,0.1239,0.0466,0.1293,0.0629,0.2716,0.1224,0.5742,0.249,0.2684,0.1001,0.0272,0.0197,0.1486,0.0782,0.1913,0.0846
5225,-118.705,34.105,0.1201,0.0444,0.1298,0.0629,0.2572,0.1126,0.559,0.2292,0.2666,0.0972,0.0257,0.0174,0.138,0.071,0.1867,0.0814
5226,-118.695,34.105,0.1175,0.0427,0.1296,0.0624,0.2511,0.1081,0.5603,0.2201,0.2665,0.0953,0.0251,0.016,0.1324,0.0673,0.1833,0.079
5227,-118.685,34.105,0.1172,0.0421,0.1287,0.0615,0.2535,0.1088,0.5782,0.2218,0.271,0.0957,0.0254,0.0153,0.1318,0.0671,0.1821,0.0779
5228,-118.675,34.105,0.1211,0.0436,0.1337,0.0643,0.2575,0.1105,0.6045,0.2248,0.2831,0.1003,0.0259,0.0147,0.1321,0.0674,0.1825,0.0777
5229,-118.665,34.105,0.1226,0.0438,0.138,0.0667,0.2615,0.1122,0.633,0.2277,0.2907,0.1021,0.0263,0.0142,0.1324,0.0678,0.1804,0.0759
5230,-118.655,34.105,0.1171,0.0408,0.1338,0.0637,0.2637,0.1128,0.6627,0.2284,0.2856,0.0965,0.0264,0.0139,0.1317,0.0674,0.178,0.074
5231,-118.645,34.105,0.1168,0.0403,0.1294,0.0606,0.2622,0.1112,0.6884,0.2243,0.2894,0.0962,0.0261,0.0135,0.129,0.0657,0.1738,0.0712
5232,-118.635,34.105,0.1168,0.0399,0.1248,0.0574,0.2572,0.1074,0.71,0.2154,0.2938,0.0961,0.0254,0.0132,0.1243,0.0627,0.1709,0.0692
5233,-118.625,34.105,0.1262,0.0437,0.1391,0.0661,0.2804,0.1215,0.7853,0.238,0.318,0.106,0.0282,0.0155,0.1348,0.0702,0.178,0.0729
5234,-118.615,34.105,0.1476,0.0533,0.1547,0.0756,0.3052,0.1367,0.864,0.2632,0.3638,0.1293,0.0311,0.0181,0.1462,0.0783,0.1902,0.0799
5235,-118.605,34.105,0.1513,0.0546,0.157,0.0767,0.3095,0.1389,0.9045,0.2691,0.3796,0.135,0.0314,0.0191,0.1465,0.0788,0.196,0.0831
5236,-118.595,34.105,0.1541,0.0555,0.1544,0.0747,0.3102,0.1385,0.9376,0.2756,0.3983,0.1421,0.0314,0.0198,0.1449,0.0779,0.1937,0.0813
5237,-118.585,34.105,0.151,0.0536,0.1469,0.0696,0.3071,0.1356,0.9633,0.2826,0.4117,0.145,0.031,0.0203,0.1415,0.0756,0.1835,0.0746
5238,-118.575,34.105,0.1101,0.0351,0.1223,0.055,0.258,0.107,0.8603,0.2353,0.3388,0.1031,0.0255,0.0165,0.1161,0.0591,0.153,0.0584
5239,-118.565,34.105,0.1016,0.0316,0.0991,0.0415,0.2119,0.0799,0.7632,0.191,0.3326,0.0994,0.0203,0.013,0.0923,0.0435,0.1452,0.0542
5240,-118.555,34.105,0.1085,0.0342,0.1002,0.0419,0.2265,0.0863,0.8239,0.2161,0.3751,0.115,0.0218,0.0147,0.0977,0.0469,0.1467,0.055
5241,-118.545,34.105,0.1044,0.0324,0.0998,0.0416,0.2245,0.0846,0.8248,0.2211,0.3839,0.1171,0.0215,0.0149,0.0957,0.0458,0.1458,0.0545
5242,-118.535,34.105,0.103,0.0317,0.0979,0.0405,0.206,0.0748,0.7659,0.206,0.4033,0.1231,0.0196,0.0136,0.0864,0.0404,0.1426,0.053
5243,-118.525,34.105,0.1045,0.0322,0.0971,0.0399,0.2039,0.0727,0.7601,0.2124,0.4345,0.1338,0.0192,0.0136,0.0841,0.0391,0.1428,0.0532
5244,-118.515,34.105,0.1059,0.0326,0.0965,0.0395,0.2053,0.0721,0.7658,0.2238,0.4683,0.1454,0.0191,0.0138,0.0833,0.0388,0.1444,0.054
5245,-118.505,34.105,0.1071,0.0331,0.0962,0.0393,0.2076,0.0717,0.7742,0.2385,0.5045,0.1578,0.0189,0.0139,0.0825,0.0384,0.1463,0.0548
5246,-118.495,34.105,0.1085,0.0335,0.0959,0.039,0.2106,0.0713,0.7878,0.2547,0.5441,0.1712,0.0188,0.0139,0.0819,0.0382,0.1479,0.0555
5247,-118.485,34.105,0.11,0.0341,0.0956,0.0388,0.2141,0.0711,0.8065,0.2724,0.5872,0.1857,0.0187,0.0137,0.0813,0.038,0.1502,0.0564
5248,-118.475,34.105,0.1117,0.0348,0.1019,0.042,0.2399,0.0818,0.8752,0.325,0.635,0.2017,0.0205,0.0154,0.0894,0.0434,0.1597,0.061
5249,-118.465,34.105,0.1268,0.041,0.1096,0.046,0.266,0.0926,0.9334,0.375,0.7547,0.2505,0.0225,0.0172,0.0977,0.049,0.1752,0.0687
5250,-118.455,34.105,0.1386,0.0461,0.1172,0.0503,0.2711,0.0929,0.8908,0.377,0.8601,0.2987,0.0227,0.0176,0.0986,0.0497,0.188,0.0755
5251,-118.445,34.105,0.142,0.0477,0.1163,0.0499,0.2739,0.0929,0.8384,0.3706,0.9465,0.3351,0.0229,0.0183,0.099,0.0501,0.1966,0.0801
5252,-118.435,34.105,0.1297,0.0423,0.1068,0.0447,0.2744,0.0925,0.776,0.356,0.9541,0.3241,0.0232,0.0194,0.0989,0.0502,0.1949,0.079
5253,-118.425,34.105,0.1225,0.0394,0.1008,0.0417,0.2536,0.0832,0.694,0.3062,0.9653,0.3224,0.0215,0.0182,0.0907,0.0448,0.1879,0.0752
5254,-118.415,34.105,0.1227,0.0396,0.0962,0.0395,0.2313,0.0737,0.6165,0.2564,1.0072,0.3388,0.0197,0.017,0.082,0.0392,0.186,0.0745
5255,-118.405,34.105,0.1227,0.0397,0.0944,0.0389,0.2229,0.0727,0.5804,0.2414,1.0406,0.3529,0.0196,0.0176,0.0788,0.0374,0.1874,0.0758
5256,-118.395,34.105,0.1221,0.0398,0.0912,0.0376,0.2151,0.0721,0.5375,0.2273,1.0619,0.3636,0.0198,0.0184,0.0755,0.0356,0.1878,0.0765
5257,-118.385,34.105,0.1213,0.0398,0.0865,0.0356,0.208,0.0718,0.4879,0.2141,1.0699,0.3701,0.02,0.0193,0.0719,0.0336,0.1881,0.0772
5258,-118.375,34.105,0.1218,0.0406,0.0875,0.0369,0.2217,0.0799,0.4837,0.2248,1.0766,0.3753,0.0222,0.022,0.0737,0.0348,0.1904,0.0787
5259,-118.365,34.105,0.1347,0.0474,0.0906,0.0395,0.2492,0.0958,0.5063,0.2536,1.1645,0.4214,0.0257,0.0264,0.0798,0.0387,0.214,0.0912
5260,-118.355,34.105,0.1672,0.065,0.098,0.045,0.3232,0.1409,0.6149,0.3474,1.3187,0.5343,0.0344,0.0372,0.1013,0.053,0.2437,0.1085
5261,-118.345,34.105,0.2073,0.0883,0.1105,0.0537,0.3825,0.1847,0.6933,0.4127,1.4561,0.6554,0.0407,0.0452,0.1169,0.0637,0.2748,0.128
5262,-118.335,34.105,0.2476,0.1126,0.1281,0.0655,0.4272,0.2271,0.7418,0.4495,1.5553,0.758,0.0447,0.0502,0.1266,0.071,0.3024,0.1461
5263,-118.325,34.105,0.2754,0.131,0.133,0.0702,0.4604,0.271,0.7531,0.4446,1.5782,0.7997,0.0452,0.0508,0.1275,0.0719,0.3106,0.1513
5264,-118.315,34.105,0.2841,0.1372,0.1324,0.0715,0.4847,0.3098,0.7461,0.4247,1.5337,0.7666,0.0446,0.0499,0.1252,0.0706,0.2921,0.1379
5265,-118.305,34.105,0.265,0.1235,0.118,0.063,0.477,0.3217,0.6866,0.3732,1.4107,0.6444,0.0416,0.0458,0.1158,0.0647,0.2753,0.1262
5266,-118.295,34.105,0.3192,0.1532,0.1152,0.0624,0.4735,0.3275,0.6378,0.3291,1.5483,0.7601,0.0397,0.0426,0.109,0.0601,0.2709,0.1233
5267,-118.285,34.105,0.3349,0.1538,0.1239,0.0698,0.4743,0.327,0.5998,0.2922,1.568,0.7566,0.0388,0.0403,0.1049,0.0567,0.2834,0.1297
5268,-118.275,34.105,0.3408,0.1471,0.1269,0.0731,0.4901,0.35,0.5887,0.2893,1.5252,0.7177,0.0422,0.0431,0.1106,0.0609,0.3014,0.1412
5269,-118.265,34.105,0.3646,0.1533,0.1298,0.0761,0.506,0.3734,0.5809,0.2909,1.4858,0.7346,0.0462,0.0466,0.1178,0.0662,0.3182,0.1529
5270,-118.255,34.105,0.3934,0.1643,0.1376,0.0825,0.508,0.3759,0.5616,0.2815,1.4368,0.7605,0.0493,0.0478,0.1221,0.0697,0.3328,0.1639
5271,-118.245,34.105,0.4209,0.1746,0.1381,0.0824,0.4981,0.3612,0.5348,0.2623,1.3972,0.7836,0.0502,0.0466,0.1221,0.0699,0.346,0.174
5272,-118.235,34.105,0.4127,0.1589,0.1313,0.076,0.4764,0.3294,0.5006,0.2334,1.4082,0.7288,0.049,0.0429,0.1179,0.0669,0.3357,0.1645
5273,-118.225,34.105,0.3919,0.137,0.1256,0.0698,0.4458,0.2894,0.4624,0.2006,1.4054,0.6439,0.0459,0.0387,0.1101,0.0614,0.3243,0.1547
5274,-118.215,34.105,0.4102,0.1416,0.1214,0.0645,0.4194,0.254,0.4297,0.1721,1.4038,0.6432,0.0433,0.0353,0.1035,0.0567,0.3183,0.1493
5275,-118.205,34.105,0.4345,0.1499,0.1231,0.0635,0.4225,0.2493,0.428,0.168,1.4065,0.6545,0.0448,0.0371,0.1058,0.0587,0.323,0.1523
5276,-118.195,34.105,0.4617,0.1603,0.1271,0.064,0.4192,0.239,0.4184,0.1606,1.4101,0.6693,0.0453,0.0379,0.1057,0.0588,0.328,0.1553
5277,-118.185,34.105,0.4916,0.1731,0.1334,0.066,0.4094,0.2229,0.4009,0.1497,1.4106,0.6868,0.0449,0.0375,0.103,0.0571,0.3332,0.1586
5278,-118.175,34.105,0.52,0.1852,0.1327,0.0632,0.4092,0.2171,0.3932,0.1472,1.409,0.6976,0.046,0.038,0.1034,0.0576,0.3371,0.1609
5279,-118.165,34.105,0.5253,0.181,0.1315,0.0601,0.4092,0.212,0.3863,0.1458,1.4082,0.6548,0.0473,0.0382,0.104,0.0583,0.3388,0.1614
5280,-118.155,34.105,0.5501,0.1913,0.1347,0.0601,0.4007,0.2009,0.3739,0.1418,1.41,0.6613,0.0477,0.037,0.1024,0.0573,0.3411,0.1623
5281,-118.145,34.105,0.5738,0.2017,0.1373,0.06,0.3929,0.1904,0.3654,0.1392,1.412,0.6709,0.0488,0.036,0.1018,0.0571,0.3461,0.1654
5282,-118.135,34.105,0.5892,0.2081,0.1392,0.0596,0.3858,0.1807,0.3605,0.138,1.4124,0.6766,0.0505,0.0352,0.1023,0.0577,0.3513,0.1685
5283,-118.125,34.105,0.595,0.2098,0.1405,0.0591,0.3743,0.1692,0.3586,0.1375,1.4072,0.6758,0.051,0.0342,0.1025,0.0581,0.3557,0.171
5284,-118.115,34.105,0.5938,0.2082,0.1416,0.0586,0.3617,0.1577,0.3571,0.1371,1.3862,0.6641,0.0511,0.0332,0.1025,0.0583,0.3591,0.1725
5285,-118.105,34.105,0.5906,0.2051,0.1428,0.0584,0.3486,0.1478,0.3549,0.1367,1.3651,0.6507,0.0509,0.0324,0.1027,0.0587,0.364,0.1753
5286,-118.095,34.105,0.5968,0.2099,0.1517,0.0629,0.3507,0.148,0.3652,0.1451,1.3421,0.6548,0.0533,0.0345,0.1084,0.0634,0.3784,0.1863
5287,-118.085,34.105,0.6222,0.2343,0.1682,0.072,0.3679,0.1582,0.3879,0.1623,1.2945,0.7031,0.0585,0.0394,0.1195,0.0724,0.3982,0.2024
5288,-118.075,34.105,0.6225,0.2359,0.1725,0.0739,0.3652,0.1556,0.3864,0.1639,1.267,0.696,0.059,0.0401,0.1216,0.0743,0.4104,0.2125
5289,-118.065,34.105,0.6129,0.2295,0.1741,0.0743,0.3585,0.1506,0.3801,0.1616,1.2373,0.6672,0.0585,0.0398,0.1215,0.0746,0.4114,0.2119
5290,-118.055,34.105,0.6013,0.2221,0.1747,0.0742,0.3518,0.1463,0.3752,0.1558,1.205,0.6375,0.0579,0.039,0.1205,0.074,0.411,0.2104
5291,-118.045,34.105,0.5882,0.214,0.175,0.0741,0.3455,0.1424,0.3705,0.1489,1.1681,0.6074,0.0577,0.0385,0.1194,0.0734,0.4105,0.2088
5292,-118.035,34.105,0.5749,0.2063,0.1749,0.0738,0.3395,0.1391,0.3661,0.1409,1.1316,0.5788,0.0578,0.0384,0.118,0.0726,0.41,0.2073
5293,-118.025,34.105,0.562,0.1994,0.1746,0.0737,0.3346,0.1368,0.3603,0.1335,1.0954,0.552,0.0587,0.039,0.1173,0.0722,0.4101,0.2063
5294,-118.015,34.105,0.5493,0.1927,0.1739,0.0734,0.3297,0.1345,0.3527,0.1262,1.0607,0.526,0.0596,0.0397,0.1164,0.0718,0.4093,0.2044
5295,-118.005,34.105,0.5348,0.1852,0.172,0.0724,0.3232,0.1316,0.3382,0.119,1.0281,0.4991,0.0597,0.0394,0.1149,0.0709,0.4075,0.2015
5296,-117.995,34.105,0.5177,0.177,0.1662,0.0692,0.3111,0.1256,0.3177,0.1087,0.9958,0.4734,0.058,0.0377,0.1109,0.0679,0.4037,0.1966
5297,-117.985,34.105,0.4859,0.1587,0.1564,0.0638,0.2936,0.1165,0.2913,0.0955,0.9608,0.4271,0.0546,0.0344,0.1045,0.063,0.3876,0.1811
5298,-117.975,34.105,0.4436,0.1362,0.1485,0.0596,0.2777,0.1088,0.2683,0.0851,0.9156,0.3763,0.0514,0.0318,0.0989,0.0588,0.3776,0.1722
5299,-117.965,34.105,0.4227,0.1282,0.1417,0.0562,0.2635,0.1022,0.248,0.0769,0.8871,0.3658,0.0486,0.0296,0.0941,0.0553,0.3755,0.1701
5300,-117.955,34.105,0.4031,0.1209,0.1386,0.0548,0.2565,0.0999,0.2374,0.0759,0.8552,0.3541,0.0474,0.0289,0.0924,0.0542,0.3809,0.1744
5301,-117.945,34.105,0.3867,0.1151,0.1376,0.0547,0.2545,0.1007,0.2328,0.0772,0.8229,0.3437,0.0473,0.0291,0.0929,0.0548,0.3896,0.1811
5302,-117.935,34.105,0.3804,0.1144,0.1387,0.0557,0.2576,0.1044,0.2342,0.0808,0.7996,0.3447,0.0483,0.0303,0.0955,0.0571,0.4068,0.1952
5303,-117.925,34.105,0.3869,0.1208,0.1477,0.0612,0.2659,0.1115,0.2427,0.0878,0.7866,0.3619,0.0508,0.0327,0.1007,0.0614,0.4278,0.2135
5304,-117.915,34.105,0.393,0.1272,0.1568,0.0668,0.2735,0.1181,0.2516,0.0945,0.7708,0.376,0.0533,0.0352,0.1058,0.0657,0.4486,0.2323
5305,-117.905,34.105,0.3837,0.1244,0.158,0.068,0.2727,0.1191,0.2551,0.097,0.7412,0.3632,0.0543,0.0365,0.1077,0.0676,0.461,0.2436
5306,-117.895,34.105,0.3737,0.1213,0.1547,0.0666,0.2668,0.1167,0.2541,0.097,0.7112,0.348,0.0542,0.0369,0.1074,0.0676,0.4618,0.2426
5307,-117.885,34.105,0.3531,0.1121,0.147,0.0625,0.2557,0.1109,0.2486,0.0947,0.6714,0.317,0.0531,0.0363,0.1048,0.0657,0.455,0.2338
5308,-117.875,34.105,0.3238,0.0986,0.1397,0.0588,0.2388,0.1014,0.2378,0.0901,0.6217,0.2759,0.0504,0.0342,0.0995,0.0616,0.4463,0.223
5309,-117.865,34.105,0.3133,0.0956,0.1332,0.0556,0.2219,0.0921,0.2276,0.0861,0.5948,0.2627,0.0479,0.0322,0.0944,0.0577,0.4437,0.2187
5310,-117.855,34.105,0.3024,0.0923,0.1306,0.0546,0.2115,0.0872,0.2261,0.0876,0.5697,0.2503,0.0476,0.0318,0.0934,0.0571,0.4456,0.2185
5311,-117.845,34.105,0.2895,0.0881,0.1281,0.0537,0.2035,0.0834,0.2244,0.0892,0.5438,0.2367,0.0475,0.0313,0.0923,0.0564,0.4471,0.218
5312,-117.835,34.105,0.2751,0.0832,0.1256,0.0528,0.1979,0.0807,0.2225,0.0908,0.5174,0.2222,0.0476,0.0306,0.0911,0.0557,0.4468,0.2159
5313,-117.825,34.105,0.26,0.0779,0.1219,0.0512,0.1909,0.0773,0.2203,0.0921,0.4908,0.2075,0.0477,0.03,0.0898,0.0549,0.4436,0.2113
5314,-117.815,34.105,0.2491,0.0747,0.1189,0.05,0.1824,0.0731,0.2158,0.0918,0.4709,0.1982,0.0473,0.0291,0.0875,0.0533,0.4458,0.2113
5315,-117.805,34.105,0.2342,0.0697,0.1213,0.0518,0.1677,0.065,0.1998,0.0844,0.4437,0.1841,0.0445,0.0267,0.0803,0.048,0.4418,0.2066
5316,-117.795,34.105,0.2153,0.063,0.1244,0.0539,0.1688,0.065,0.2008,0.0868,0.4106,0.1657,0.046,0.0277,0.0806,0.0484,0.4449,0.2075
5317,-117.785,34.105,0.221,0.0664,0.128,0.0565,0.1858,0.0732,0.2188,0.099,0.4166,0.1731,0.0518,0.0321,0.0884,0.0547,0.4609,0.2189
5318,-117.775,34.105,0.2183,0.0664,0.1304,0.0584,0.1925,0.0759,0.2223,0.1024,0.4089,0.1713,0.0541,0.0339,0.0903,0.0564,0.478,0.2326
5319,-117.765,34.105,0.2084,0.0631,0.1317,0.0596,0.1963,0.0771,0.222,0.1034,0.3908,0.1617,0.0554,0.0348,0.0907,0.0569,0.484,0.2357
5320,-117.755,34.105,0.1978,0.0593,0.1286,0.0582,0.1961,0.0762,0.2177,0.1018,0.373,0.1524,0.055,0.0343,0.0889,0.0557,0.4872,0.236
5321,-117.745,34.105,0.1886,0.0562,0.1255,0.0569,0.1977,0.0763,0.215,0.101,0.3575,0.1446,0.0547,0.0341,0.0881,0.0552,0.491,0.2368
5322,-117.735,34.105,0.1813,0.0539,0.1225,0.0556,0.2011,0.0775,0.2137,0.101,0.3453,0.139,0.0544,0.034,0.0882,0.0555,0.4981,0.2408
5323,-117.725,34.105,0.175,0.0521,0.1193,0.0541,0.2029,0.0782,0.2109,0.1,0.3351,0.1349,0.0525,0.0335,0.0877,0.0553,0.5051,0.2445
5324,-117.715,34.105,0.1698,0.0507,0.116,0.0526,0.2044,0.0787,0.2083,0.099,0.3263,0.1316,0.0502,0.0329,0.0871,0.055,0.5124,0.2482
5325,-117.705,34.105,0.165,0.0495,0.1128,0.0512,0.2056,0.0793,0.2075,0.0988,0.3181,0.1287,0.0479,0.0319,0.0864,0.0547,0.5197,0.2519
5326,-117.695,34.105,0.1606,0.0485,0.1097,0.0497,0.2068,0.0798,0.2072,0.0989,0.3102,0.1258,0.0459,0.0308,0.0858,0.0544,0.5272,0.2556
5327,-117.685,34.105,0.1567,0.0477,0.1065,0.0483,0.2078,0.0804,0.2074,0.0991,0.3025,0.123,0.044,0.0297,0.0852,0.0541,0.5347,0.2592
5328,-117.675,34.105,0.1529,0.0469,0.1034,0.0469,0.2088,0.0814,0.2071,0.099,0.2951,0.1202,0.0434,0.0288,0.0845,0.0538,0.5424,0.2627
5329,-117.665,34.105,0.1493,0.0461,0.1003,0.0455,0.2096,0.0824,0.2063,0.0985,0.2879,0.1174,0.0433,0.028,0.0839,0.0535,0.5501,0.2663
5330,-117.655,34.105,0.1458,0.0454,0.0974,0.0441,0.2096,0.0836,0.2041,0.0968,0.281,0.1148,0.0439,0.0277,0.0832,0.0531,0.558,0.27
5331,-118.945,34.115,0.0662,0.0249,0.0765,0.0361,0.1733,0.076,0.4117,0.1597,0.1233,0.0438,0.0174,0.0111,0.1341,0.0652,0.1483,0.0632
5332,-118.935,34.115,0.0674,0.0252,0.0776,0.0365,0.1751,0.0764,0.4133,0.1635,0.1261,0.0449,0.0176,0.0112,0.1337,0.065,0.1493,0.0637
5333,-118.925,34.115,0.0685,0.0256,0.0787,0.0369,0.1769,0.0769,0.4155,0.1672,0.1293,0.046,0.0179,0.0114,0.1331,0.0647,0.1507,0.0643
5334,-118.915,34.115,0.0698,0.026,0.0798,0.0374,0.1787,0.0774,0.4179,0.1709,0.1326,0.0473,0.0182,0.0117,0.1326,0.0644,0.1521,0.065
5335,-118.905,34.115,0.071,0.0263,0.0809,0.0379,0.1805,0.0779,0.4207,0.1745,0.136,0.0485,0.0184,0.012,0.1321,0.0642,0.1534,0.0656
5336,-118.895,34.115,0.0723,0.0267,0.0822,0.0385,0.1824,0.0784,0.4233,0.1774,0.1396,0.0498,0.0186,0.0124,0.1315,0.0639,0.1548,0.0663
5337,-118.885,34.115,0.0736,0.0272,0.0837,0.0391,0.1843,0.079,0.4256,0.1797,0.1431,0.0511,0.0189,0.0128,0.131,0.0636,0.1565,0.067
5338,-118.875,34.115,0.075,0.0276,0.0848,0.0395,0.1863,0.0795,0.4281,0.1817,0.1467,0.0523,0.019,0.0133,0.1305,0.0634,0.1573,0.0674
5339,-118.865,34.115,0.0764,0.028,0.0859,0.04,0.1883,0.0801,0.4307,0.1837,0.1504,0.0536,0.0192,0.0137,0.1299,0.0631,0.1578,0.0675
5340,-118.855,34.115,0.0778,0.0285,0.0871,0.0405,0.1904,0.0807,0.4338,0.1859,0.1541,0.0548,0.0193,0.0142,0.1293,0.0628,0.1584,0.0676
5341,-118.845,34.115,0.0793,0.0289,0.0884,0.0411,0.1925,0.0814,0.4373,0.1882,0.1579,0.0561,0.0194,0.0146,0.1288,0.0625,0.1591,0.0678
5342,-118.835,34.115,0.0807,0.0294,0.0897,0.0416,0.1947,0.0821,0.441,0.1906,0.1617,0.0574,0.0195,0.0151,0.1282,0.0622,0.1599,0.0681
5343,-118.825,34.115,0.0823,0.0299,0.091,0.0421,0.1973,0.083,0.445,0.1927,0.1659,0.0588,0.0196,0.0155,0.1276,0.062,0.1607,0.0684
5344,-118.815,34.115,0.0838,0.0304,0.0925,0.0428,0.2002,0.0841,0.4498,0.1952,0.1702,0.0602,0.0197,0.0159,0.1273,0.0619,0.1616,0.0687
5345,-118.805,34.115,0.0858,0.0311,0.0953,0.0443,0.2049,0.0864,0.4584,0.2001,0.1755,0.0621,0.02,0.0163,0.1281,0.0625,0.163,0.0693
5346,-118.795,34.115,0.0885,0.0321,0.0966,0.0449,0.2126,0.0902,0.4726,0.2081,0.1822,0.0646,0.0206,0.017,0.1305,0.0641,0.166,0.0709
5347,-118.785,34.115,0.0937,0.0343,0.0964,0.0446,0.2232,0.0958,0.4924,0.2195,0.1938,0.0695,0.0215,0.018,0.1347,0.0669,0.1669,0.0712
5348,-118.775,34.115,0.0913,0.0329,0.1005,0.0468,0.2204,0.0936,0.4869,0.2128,0.1912,0.0674,0.0211,0.0174,0.1304,0.0643,0.1682,0.0717
5349,-118.765,34.115,0.0951,0.0345,0.1056,0.0497,0.221,0.0937,0.4871,0.2105,0.2004,0.071,0.021,0.0171,0.1281,0.063,0.1717,0.0735
5350,-118.755,34.115,0.1053,0.0391,0.1111,0.0528,0.2515,0.1119,0.5404,0.2477,0.2212,0.0808,0.0245,0.0202,0.1442,0.0741,0.1794,0.0777
5351,-118.745,34.115,0.1179,0.0449,0.1175,0.0565,0.2679,0.1213,0.5717,0.2665,0.2465,0.093,0.0264,0.0216,0.1517,0.0793,0.191,0.0848
5352,-118.735,34.115,0.1208,0.0459,0.1247,0.0609,0.2703,0.1218,0.5811,0.2669,0.2548,0.096,0.0268,0.0213,0.1504,0.0785,0.1979,0.0889
5353,-118.725,34.115,0.123,0.0466,0.1282,0.0628,0.275,0.124,0.5958,0.271,0.2626,0.0987,0.0275,0.0211,0.1508,0.0789,0.2019,0.0912
5354,-118.715,34.115,0.1263,0.0478,0.1305,0.064,0.2794,0.126,0.6108,0.275,0.2728,0.1028,0.0283,0.0209,0.1511,0.0793,0.2043,0.0924
5355,-118.705,34.115,0.1298,0.0492,0.1315,0.0643,0.2805,0.1259,0.6222,0.2743,0.2837,0.1072,0.0286,0.0202,0.1494,0.0783,0.2043,0.092
5356,-118.695,34.115,0.1282,0.0479,0.1318,0.0641,0.2826,0.1264,0.6378,0.2752,0.2863,0.1065,0.029,0.0195,0.1484,0.0778,0.2021,0.0902
5357,-118.685,34.115,0.1295,0.048,0.1314,0.0636,0.2859,0.1277,0.6574,0.2775,0.2938,0.1086,0.0296,0.0189,0.1481,0.0777,0.2008,0.0889
5358,-118.675,34.115,0.1323,0.0489,0.1346,0.0653,0.2895,0.1291,0.6818,0.2798,0.3039,0.1122,0.0301,0.0183,0.148,0.0779,0.2001,0.088
5359,-118.665,34.115,0.1302,0.0475,0.137,0.0665,0.293,0.1305,0.7075,0.2817,0.3052,0.1106,0.0305,0.0178,0.1477,0.0779,0.193,0.0831
5360,-118.655,34.115,0.1218,0.0431,0.1318,0.0629,0.295,0.1309,0.7349,0.2815,0.2944,0.1021,0.0307,0.0175,0.1466,0.0773,0.1883,0.0797
5361,-118.645,34.115,0.1242,0.0437,0.1294,0.0611,0.2875,0.1253,0.7479,0.2689,0.3043,0.1049,0.0296,0.0165,0.1404,0.0731,0.1834,0.0764
5362,-118.635,34.115,0.1204,0.0415,0.1299,0.0612,0.2705,0.1137,0.7465,0.2439,0.303,0.1012,0.0273,0.0149,0.129,0.0653,0.1817,0.0751
5363,-118.625,34.115,0.1431,0.0517,0.1399,0.0671,0.2913,0.1265,0.8119,0.2672,0.3524,0.1263,0.0298,0.017,0.1378,0.0717,0.1929,0.0813
5364,-118.615,34.115,0.149,0.054,0.1501,0.0732,0.3155,0.1415,0.8838,0.2957,0.371,0.1339,0.0327,0.0196,0.1485,0.0794,0.2006,0.0857
5365,-118.605,34.115,0.1518,0.0549,0.1517,0.074,0.3191,0.1432,0.9205,0.3014,0.3866,0.1395,0.0329,0.0204,0.1481,0.0793,0.2043,0.0876
5366,-118.595,34.115,0.1547,0.0558,0.1505,0.0729,0.315,0.1398,0.9452,0.3003,0.4052,0.1466,0.0322,0.0205,0.1438,0.0765,0.2018,0.0856
5367,-118.585,34.115,0.1461,0.0513,0.1465,0.07,0.3034,0.1313,0.9579,0.2926,0.4068,0.1417,0.0305,0.0199,0.1356,0.0708,0.1908,0.0783
5368,-118.575,34.115,0.1052,0.0332,0.1264,0.0578,0.2679,0.1102,0.8948,0.2558,0.325,0.0982,0.0263,0.0172,0.1171,0.0588,0.1639,0.0636
5369,-118.565,34.115,0.1142,0.0366,0.1069,0.0461,0.2349,0.0907,0.8336,0.2218,0.3683,0.1148,0.0225,0.0147,0.1,0.0478,0.1581,0.0602
5370,-118.555,34.115,0.1215,0.0395,0.106,0.0455,0.2375,0.0913,0.8576,0.231,0.4091,0.1308,0.0227,0.0154,0.1,0.0479,0.1574,0.0597
5371,-118.545,34.115,0.1071,0.0334,0.1022,0.0433,0.2305,0.0872,0.8447,0.228,0.386,0.1182,0.0218,0.0151,0.0958,0.0455,0.1485,0.0553
5372,-118.535,34.115,0.1041,0.0321,0.0956,0.0395,0.2138,0.0784,0.795,0.213,0.3978,0.1212,0.02,0.014,0.0875,0.0407,0.1446,0.0534
5373,-118.525,34.115,0.1056,0.0326,0.0942,0.0387,0.2122,0.0765,0.7936,0.2179,0.4267,0.1311,0.0196,0.014,0.0854,0.0396,0.145,0.0536
5374,-118.515,34.115,0.107,0.033,0.0951,0.0391,0.2139,0.0761,0.803,0.2277,0.458,0.1419,0.0195,0.0142,0.0846,0.0393,0.1476,0.0549
5375,-118.505,34.115,0.1085,0.0335,0.1018,0.0427,0.2168,0.0758,0.8169,0.2419,0.4918,0.1536,0.0194,0.0143,0.084,0.039,0.1515,0.0568
5376,-118.495,34.115,0.11,0.0341,0.1051,0.0443,0.2205,0.0755,0.8335,0.2585,0.5282,0.1661,0.0193,0.0143,0.0834,0.0388,0.1582,0.0601
5377,-118.485,34.115,0.1117,0.0347,0.1049,0.0442,0.225,0.0754,0.853,0.2775,0.5672,0.1795,0.0191,0.0142,0.0828,0.0386,0.1648,0.0634
5378,-118.475,34.115,0.1262,0.0404,0.1152,0.05,0.2934,0.1069,1.0268,0.4155,0.6712,0.2209,0.0251,0.02,0.1071,0.0547,0.1835,0.0732
5379,-118.465,34.115,0.1793,0.0649,0.1265,0.0564,0.3621,0.1386,1.1916,0.5527,0.8815,0.3611,0.0311,0.0259,0.1316,0.071,0.2113,0.088
5380,-118.455,34.115,0.1865,0.0684,0.1323,0.0597,0.3688,0.1391,1.1578,0.5667,0.9534,0.4016,0.0314,0.0265,0.1324,0.0719,0.2299,0.0987
5381,-118.445,34.115,0.1905,0.0705,0.1309,0.059,0.3721,0.139,1.1085,0.5635,1.0219,0.4414,0.0317,0.0277,0.1326,0.0722,0.2375,0.1033
5382,-118.435,34.115,0.1881,0.0697,0.1223,0.0544,0.372,0.1383,1.0436,0.543,1.0638,0.4639,0.0321,0.0293,0.132,0.072,0.2296,0.0989
5383,-118.425,34.115,0.1414,0.0471,0.1165,0.0513,0.3176,0.1114,0.8833,0.418,0.9812,0.3468,0.027,0.0246,0.1102,0.0574,0.2146,0.0905
5384,-118.415,34.115,0.1355,0.0447,0.1107,0.0482,0.2614,0.0841,0.7249,0.2917,0.9893,0.3467,0.0218,0.0196,0.0877,0.0424,0.2082,0.0873
5385,-118.405,34.115,0.1323,0.0435,0.1024,0.0437,0.2505,0.0813,0.6711,0.2628,1.0042,0.3531,0.0215,0.02,0.0832,0.0398,0.2058,0.0864
5386,-118.395,34.115,0.1285,0.0423,0.0968,0.0408,0.2398,0.0784,0.6055,0.237,1.008,0.3564,0.0211,0.0204,0.0784,0.0371,0.2044,0.0861
5387,-118.385,34.115,0.126,0.0417,0.0938,0.0396,0.2293,0.0756,0.528,0.2144,1.0129,0.3622,0.0208,0.0208,0.0733,0.0342,0.2039,0.0864
5388,-118.375,34.115,0.1249,0.0418,0.0926,0.0395,0.2504,0.0863,0.5321,0.2318,1.0093,0.3614,0.0232,0.0238,0.077,0.0365,0.2051,0.0874
5389,-118.365,34.115,0.1524,0.0548,0.0925,0.04,0.2795,0.1012,0.5557,0.2588,1.1971,0.45,0.0263,0.0275,0.0828,0.0401,0.2155,0.0924
5390,-118.355,34.115,0.1699,0.0643,0.0962,0.0428,0.3154,0.1231,0.5929,0.293,1.2854,0.4946,0.0297,0.0313,0.0899,0.0448,0.2293,0.0993
5391,-118.345,34.115,0.191,0.0763,0.1055,0.0491,0.3634,0.1582,0.6439,0.3376,1.3591,0.5396,0.0339,0.0362,0.0997,0.0514,0.2517,0.1118
5392,-118.335,34.115,0.2377,0.1044,0.1201,0.059,0.4234,0.2064,0.7085,0.3927,1.4969,0.6642,0.0388,0.0422,0.1121,0.0599,0.282,0.1296
5393,-118.325,34.115,0.2656,0.1235,0.124,0.0627,0.4602,0.2508,0.7201,0.4041,1.535,0.7087,0.04,0.0434,0.114,0.0614,0.2932,0.1363
5394,-118.315,34.115,0.2798,0.1352,0.1219,0.0627,0.4731,0.2794,0.6947,0.3885,1.5203,0.6963,0.0389,0.0417,0.1095,0.0588,0.2689,0.1201
5395,-118.305,34.115,0.245,0.1154,0.1017,0.0506,0.3927,0.2343,0.5422,0.2845,1.3181,0.5444,0.0302,0.0305,0.0842,0.0428,0.2387,0.1013
5396,-118.295,34.115,0.2207,0.0979,0.0979,0.0492,0.3728,0.2291,0.4779,0.2339,1.1501,0.449,0.0276,0.0267,0.0755,0.0371,0.2224,0.0916
5397,-118.285,34.115,0.2617,0.113,0.1104,0.0583,0.4134,0.2637,0.5018,0.2365,1.3119,0.5282,0.0312,0.0303,0.0833,0.0418,0.254,0.1091
5398,-118.275,34.115,0.3414,0.1512,0.1221,0.0671,0.4972,0.3599,0.5697,0.2899,1.5394,0.7151,0.0419,0.0425,0.1077,0.0591,0.2981,0.138
5399,-118.265,34.115,0.3949,0.1805,0.1322,0.075,0.5723,0.448,0.6278,0.3385,1.5113,0.8395,0.0523,0.0539,0.1308,0.0756,0.3308,0.1613
5400,-118.255,34.115,0.4116,0.1817,0.136,0.0781,0.5618,0.4359,0.5935,0.3128,1.5032,0.8563,0.0539,0.0532,0.1316,0.0765,0.3481,0.1747
5401,-118.245,34.115,0.4197,0.1769,0.1326,0.0752,0.5361,0.4007,0.5486,0.2759,1.4658,0.8296,0.0527,0.0492,0.1265,0.0729,0.3507,0.176
5402,-118.235,34.115,0.4006,0.1534,0.1222,0.0662,0.4952,0.3424,0.4931,0.2276,1.492,0.7505,0.0485,0.042,0.1156,0.0648,0.333,0.1608
5403,-118.225,34.115,0.3881,0.1371,0.1189,0.0624,0.4697,0.3045,0.4587,0.197,1.4954,0.685,0.0462,0.0381,0.1094,0.0604,0.3225,0.1516
5404,-118.215,34.115,0.4051,0.141,0.1175,0.0598,0.4505,0.2741,0.4312,0.1724,1.4962,0.688,0.0447,0.0355,0.105,0.0575,0.3197,0.1489
5405,-118.205,34.115,0.4239,0.1461,0.1178,0.0584,0.4466,0.26,0.4167,0.1603,1.4976,0.6909,0.045,0.0359,0.1047,0.0575,0.3233,0.1509
5406,-118.195,34.115,0.4478,0.1546,0.1206,0.0586,0.4429,0.2467,0.4031,0.1501,1.5008,0.7023,0.0453,0.0363,0.1042,0.0574,0.3304,0.1555
5407,-118.185,34.115,0.4737,0.1647,0.1259,0.0604,0.4393,0.2343,0.3905,0.1418,1.5035,0.7136,0.0456,0.0367,0.1035,0.0571,0.3379,0.1606
5408,-118.175,34.115,0.4973,0.1736,0.1266,0.059,0.4515,0.2373,0.3966,0.1464,1.5042,0.7173,0.0484,0.0392,0.1079,0.0606,0.3446,0.1651
5409,-118.165,34.115,0.5361,0.1937,0.1269,0.0573,0.4603,0.2382,0.4011,0.1505,1.502,0.7611,0.0507,0.0411,0.1115,0.0635,0.349,0.1677
5410,-118.155,34.115,0.5386,0.1883,0.1297,0.0574,0.4367,0.2136,0.379,0.1392,1.5071,0.7183,0.0486,0.0379,0.1053,0.0592,0.3491,0.1668
5411,-118.145,34.115,0.5573,0.1954,0.132,0.0573,0.4205,0.1964,0.3656,0.1332,1.5084,0.7228,0.048,0.0361,0.1026,0.0573,0.3539,0.1698
5412,-118.135,34.115,0.5715,0.2008,0.1338,0.0571,0.4116,0.1864,0.3612,0.1326,1.5094,0.7322,0.0492,0.0356,0.1032,0.058,0.3601,0.1737
5413,-118.125,34.115,0.5766,0.2019,0.1349,0.0567,0.3981,0.1752,0.3605,0.1333,1.4996,0.7314,0.0497,0.0346,0.1034,0.0584,0.3657,0.1771
5414,-118.115,34.115,0.5756,0.2002,0.1361,0.0563,0.3838,0.164,0.3604,0.1344,1.4784,0.7201,0.0501,0.0336,0.1036,0.0588,0.3693,0.1786
5415,-118.105,34.115,0.5741,0.1981,0.1375,0.0564,0.3704,0.1546,0.3589,0.1357,1.4584,0.708,0.05,0.0329,0.1039,0.0592,0.3726,0.18
5416,-118.095,34.115,0.572,0.1958,0.1445,0.0597,0.371,0.1547,0.3685,0.1451,1.4387,0.6946,0.0523,0.0346,0.1092,0.0636,0.3833,0.1878
5417,-118.085,34.115,0.6008,0.2211,0.1568,0.0663,0.3857,0.1643,0.3891,0.1626,1.3853,0.7533,0.0569,0.0388,0.1195,0.072,0.4004,0.2013
5418,-118.075,34.115,0.6077,0.2294,0.162,0.0688,0.384,0.163,0.389,0.1675,1.3403,0.7604,0.0578,0.0393,0.1226,0.0747,0.4176,0.216
5419,-118.065,34.115,0.5977,0.2235,0.1655,0.0703,0.3783,0.1591,0.3847,0.1685,1.3094,0.7326,0.0576,0.0389,0.1237,0.0759,0.4202,0.217
5420,-118.055,34.115,0.5844,0.2154,0.1683,0.0715,0.3689,0.153,0.3804,0.1625,1.2796,0.7018,0.0568,0.0373,0.1222,0.0749,0.421,0.2164
5421,-118.045,34.115,0.5685,0.2056,0.1689,0.0715,0.3596,0.1474,0.3761,0.155,1.248,0.6671,0.0561,0.0362,0.1204,0.0737,0.4205,0.2149
5422,-118.035,34.115,0.553,0.1966,0.1673,0.0703,0.3505,0.1421,0.3719,0.1461,1.2138,0.6338,0.0555,0.0355,0.1182,0.0723,0.4183,0.2117
5423,-118.025,34.115,0.5389,0.1892,0.167,0.0702,0.3435,0.1384,0.3644,0.1382,1.1778,0.6031,0.0561,0.0361,0.117,0.0715,0.4171,0.2095
5424,-118.015,34.115,0.5268,0.1835,0.166,0.0697,0.3367,0.1349,0.3551,0.1303,1.1409,0.576,0.0568,0.0369,0.1158,0.0709,0.4156,0.2069
5425,-118.005,34.115,0.5134,0.1769,0.1606,0.0668,0.3283,0.1309,0.3403,0.1217,1.1058,0.5472,0.0569,0.037,0.1139,0.0696,0.4125,0.2027
5426,-117.995,34.115,0.4962,0.1683,0.1544,0.0634,0.3123,0.1226,0.3171,0.1094,1.0727,0.5163,0.0549,0.0352,0.1088,0.0658,0.4062,0.1957
5427,-117.985,34.115,0.4585,0.1466,0.1473,0.0595,0.2887,0.1102,0.2857,0.0933,1.0329,0.4542,0.0509,0.0314,0.1004,0.0594,0.393,0.1829
5428,-117.975,34.115,0.4346,0.1355,0.1427,0.0572,0.2791,0.1064,0.2692,0.086,0.9972,0.4254,0.0497,0.0301,0.0979,0.0577,0.3883,0.1782
5429,-117.965,34.115,0.4175,0.1291,0.1388,0.0554,0.272,0.1042,0.256,0.0809,0.962,0.4116,0.0489,0.0294,0.0964,0.0568,0.3896,0.1788
5430,-117.955,34.115,0.3988,0.1218,0.1357,0.054,0.2637,0.1013,0.2434,0.0774,0.9215,0.3934,0.0474,0.0285,0.0944,0.0554,0.3947,0.1827
5431,-117.945,34.115,0.3826,0.1159,0.1332,0.0529,0.2579,0.1,0.2346,0.0757,0.8804,0.3772,0.0465,0.0282,0.0934,0.0548,0.4007,0.1873
5432,-117.935,34.115,0.3708,0.1122,0.1313,0.0523,0.2549,0.1003,0.2296,0.0758,0.8427,0.3657,0.046,0.0283,0.0934,0.0551,0.4107,0.1953
5433,-117.925,34.115,0.3619,0.1098,0.1377,0.0563,0.2593,0.1048,0.2338,0.0799,0.8075,0.3562,0.0472,0.0299,0.0967,0.0579,0.4288,0.2108
5434,-117.915,34.115,0.3749,0.1196,0.1451,0.0608,0.2654,0.1103,0.2407,0.085,0.7946,0.3783,0.049,0.0319,0.101,0.0615,0.4521,0.2317
5435,-117.905,34.115,0.3805,0.1257,0.1481,0.063,0.2719,0.1159,0.2512,0.0911,0.7724,0.3859,0.0518,0.0349,0.1064,0.0661,0.4707,0.249
5436,-117.895,34.115,0.3573,0.1148,0.1462,0.0623,0.2649,0.113,0.249,0.0904,0.7239,0.3457,0.0515,0.0351,0.1055,0.0656,0.4668,0.2429
5437,-117.885,34.115,0.3339,0.1041,0.1393,0.0588,0.2444,0.1014,0.2338,0.083,0.6756,0.3067,0.048,0.0325,0.0981,0.0599,0.46,0.2338
5438,-117.875,34.115,0.3212,0.0997,0.1347,0.0566,0.2339,0.0962,0.2282,0.0818,0.64,0.2859,0.0471,0.0318,0.0956,0.0581,0.4551,0.2268
5439,-117.865,34.115,0.309,0.0956,0.1304,0.0546,0.2255,0.0922,0.2248,0.0821,0.6079,0.2684,0.0466,0.0315,0.0941,0.0571,0.4559,0.2256
5440,-117.855,34.115,0.2974,0.0917,0.1248,0.052,0.2173,0.0884,0.2225,0.0836,0.5791,0.2534,0.0465,0.031,0.0927,0.0563,0.4557,0.2234
5441,-117.845,34.115,0.2856,0.0878,0.1226,0.0513,0.2122,0.0863,0.223,0.0868,0.5521,0.2394,0.0471,0.031,0.0926,0.0563,0.4584,0.224
5442,-117.835,34.115,0.2779,0.0859,0.1239,0.0524,0.2103,0.0859,0.2264,0.0915,0.5321,0.2313,0.0486,0.0314,0.0936,0.0574,0.4623,0.2255
5443,-117.825,34.115,0.2669,0.0824,0.1227,0.0522,0.2055,0.0837,0.225,0.0933,0.5088,0.2196,0.049,0.0311,0.0926,0.0568,0.4654,0.2263
5444,-117.815,34.115,0.2535,0.0777,0.1217,0.0521,0.1998,0.0808,0.222,0.094,0.4829,0.2053,0.0492,0.0305,0.0909,0.0557,0.4664,0.2251
5445,-117.805,34.115,0.2409,0.0734,0.1233,0.0535,0.1922,0.0762,0.216,0.0923,0.4582,0.192,0.0488,0.0297,0.088,0.0536,0.4675,0.2241
5446,-117.795,34.115,0.229,0.0693,0.1245,0.0546,0.1904,0.0745,0.2153,0.0936,0.4352,0.1799,0.0497,0.0301,0.0874,0.0534,0.4711,0.2254
5447,-117.785,34.115,0.2227,0.0677,0.1254,0.0555,0.1944,0.0757,0.2198,0.0977,0.4204,0.1737,0.052,0.0315,0.0891,0.0549,0.4783,0.2299
5448,-117.775,34.115,0.2198,0.0676,0.1233,0.0548,0.1986,0.077,0.2224,0.1006,0.4108,0.1711,0.054,0.0327,0.0903,0.056,0.4858,0.2348
5449,-117.765,34.115,0.2093,0.0639,0.1198,0.0533,0.2016,0.0776,0.223,0.1023,0.3905,0.1601,0.0555,0.0334,0.0906,0.0566,0.4796,0.2283
5450,-117.755,34.115,0.1971,0.0595,0.1117,0.0492,0.1982,0.0749,0.216,0.0989,0.368,0.1476,0.0546,0.0321,0.0876,0.0543,0.4754,0.223
5451,-117.745,34.115,0.1888,0.0567,0.1104,0.0489,0.1997,0.0748,0.2138,0.0985,0.3515,0.1393,0.0546,0.0318,0.0869,0.0539,0.4794,0.2239
5452,-117.735,34.115,0.1842,0.0556,0.1161,0.0523,0.2059,0.0773,0.2165,0.1011,0.3424,0.136,0.0554,0.0324,0.0884,0.0554,0.4942,0.2331
5453,-117.725,34.115,0.1778,0.0537,0.1157,0.0525,0.2083,0.0779,0.2151,0.1009,0.333,0.1326,0.0533,0.0322,0.0881,0.0554,0.5072,0.2411
5454,-117.715,34.115,0.1721,0.0521,0.1138,0.0519,0.2099,0.0783,0.2131,0.1003,0.3245,0.1296,0.0506,0.0319,0.0875,0.055,0.5188,0.2484
5455,-117.705,34.115,0.167,0.0507,0.1109,0.0506,0.2111,0.0787,0.2119,0.0998,0.3164,0.1267,0.048,0.0311,0.0868,0.0547,0.5288,0.2544
5456,-117.695,34.115,0.1623,0.0495,0.1079,0.0492,0.2121,0.0789,0.211,0.0993,0.3083,0.1239,0.0457,0.0303,0.0861,0.0544,0.5365,0.2582
5457,-117.685,34.115,0.1579,0.0485,0.105,0.0479,0.2128,0.0791,0.2103,0.0989,0.3004,0.1209,0.0435,0.0295,0.0855,0.0541,0.5441,0.2616
5458,-117.675,34.115,0.1538,0.0475,0.1021,0.0466,0.2131,0.0797,0.2094,0.0981,0.2927,0.118,0.0432,0.0287,0.0848,0.0537,0.5518,0.265
5459,-117.665,34.115,0.1497,0.0465,0.0992,0.0453,0.2131,0.0804,0.2081,0.0972,0.2853,0.1152,0.0433,0.0279,0.0842,0.0534,0.5597,0.2685
5460,-117.655,34.115,0.1458,0.0456,0.0966,0.0441,0.2124,0.0813,0.2061,0.0955,0.2783,0.1125,0.0439,0.0273,0.0835,0.0531,0.5679,0.2721
5461,-118.945,34.125,0.0665,0.0251,0.0759,0.0358,0.1775,0.078,0.4203,0.1667,0.1257,0.0451,0.0175,0.0107,0.1374,0.0668,0.155,0.0668
5462,-118.935,34.125,0.0676,0.0254,0.0769,0.0362,0.178,0.0777,0.4192,0.1687,0.1285,0.0461,0.0177,0.0107,0.1358,0.0658,0.1551,0.0668
5463,-118.925,34.125,0.0688,0.0258,0.0779,0.0366,0.1796,0.0781,0.4211,0.172,0.1316,0.0473,0.018,0.0109,0.135,0.0654,0.1563,0.0673
5464,-118.915,34.125,0.0701,0.0262,0.079,0.0371,0.1815,0.0786,0.4236,0.1755,0.1349,0.0485,0.0183,0.0112,0.1345,0.0651,0.1575,0.0679
5465,-118.905,34.125,0.0714,0.0266,0.0801,0.0375,0.1833,0.0791,0.4265,0.1788,0.1383,0.0497,0.0187,0.0116,0.1339,0.0648,0.1587,0.0684
5466,-118.895,34.125,0.0727,0.027,0.0815,0.0382,0.1893,0.082,0.4373,0.1873,0.1417,0.051,0.0194,0.0125,0.1363,0.0665,0.1609,0.0695
5467,-118.885,34.125,0.0748,0.0277,0.0833,0.039,0.1994,0.0874,0.4558,0.201,0.1466,0.053,0.0207,0.0138,0.1416,0.0701,0.1641,0.0712
5468,-118.875,34.125,0.0754,0.0278,0.0841,0.0393,0.1969,0.0852,0.4505,0.1972,0.1488,0.0536,0.0204,0.014,0.1378,0.0676,0.1644,0.0712
5469,-118.865,34.125,0.0769,0.0283,0.0847,0.0394,0.1929,0.0821,0.4422,0.1913,0.1525,0.0548,0.0198,0.014,0.1328,0.0644,0.1638,0.0706
5470,-118.855,34.125,0.0783,0.0287,0.0859,0.0399,0.1938,0.082,0.4437,0.1923,0.1562,0.0561,0.0199,0.0145,0.1313,0.0635,0.1636,0.0703
5471,-118.845,34.125,0.0798,0.0292,0.0871,0.0404,0.1957,0.0825,0.4474,0.1947,0.16,0.0574,0.02,0.015,0.1305,0.0631,0.1643,0.0705
5472,-118.835,34.125,0.0813,0.0297,0.0883,0.0409,0.1986,0.0836,0.4533,0.1985,0.164,0.0587,0.0202,0.0157,0.1303,0.0631,0.1661,0.0714
5473,-118.825,34.125,0.0828,0.0302,0.0894,0.0413,0.2015,0.0847,0.4587,0.2013,0.1682,0.0602,0.0203,0.0163,0.13,0.063,0.1681,0.0723
5474,-118.815,34.125,0.0844,0.0307,0.0906,0.0419,0.2044,0.0858,0.4638,0.2037,0.1728,0.0618,0.0205,0.0168,0.1296,0.0628,0.1682,0.0722
5475,-118.805,34.125,0.0866,0.0315,0.0925,0.0428,0.2065,0.0865,0.4681,0.2055,0.1786,0.0639,0.0205,0.017,0.1285,0.0622,0.1683,0.0721
5476,-118.795,34.125,0.0929,0.0342,0.0938,0.0434,0.2115,0.0888,0.478,0.2106,0.1924,0.07,0.0207,0.0174,0.129,0.0627,0.1727,0.0745
5477,-118.785,34.125,0.0917,0.0334,0.0944,0.0436,0.2194,0.0928,0.4935,0.2189,0.1922,0.0691,0.0213,0.0181,0.1313,0.0642,0.1725,0.0741
5478,-118.775,34.125,0.0918,0.0332,0.0952,0.0439,0.2202,0.0927,0.4959,0.2174,0.1944,0.0694,0.0212,0.0178,0.129,0.0629,0.172,0.0736
5479,-118.765,34.125,0.0947,0.0343,0.0981,0.0454,0.2233,0.0941,0.5025,0.219,0.2016,0.072,0.0214,0.0178,0.1281,0.0625,0.1748,0.075
5480,-118.755,34.125,0.1059,0.0394,0.1106,0.0529,0.245,0.1067,0.5431,0.2454,0.2241,0.0825,0.0238,0.0198,0.1386,0.0697,0.1844,0.0804
5481,-118.745,34.125,0.1189,0.0455,0.1187,0.0576,0.2622,0.1165,0.5777,0.2672,0.2494,0.0949,0.0258,0.0214,0.1462,0.0749,0.1976,0.0884
5482,-118.735,34.125,0.1228,0.047,0.1222,0.0596,0.2749,0.1235,0.6064,0.2842,0.2587,0.0986,0.0274,0.0223,0.1511,0.0783,0.2046,0.0927
5483,-118.725,34.125,0.1248,0.0476,0.1242,0.0606,0.2811,0.1266,0.6263,0.293,0.2658,0.1009,0.0284,0.0224,0.1522,0.0793,0.2084,0.0948
5484,-118.715,34.125,0.1281,0.0489,0.1259,0.0614,0.286,0.1289,0.6446,0.3,0.276,0.1051,0.0292,0.0224,0.1527,0.0798,0.2112,0.0963
5485,-118.705,34.125,0.1333,0.051,0.128,0.0625,0.2919,0.1318,0.6642,0.306,0.2897,0.1112,0.0302,0.0222,0.1537,0.0807,0.2132,0.0973
5486,-118.695,34.125,0.13,0.0488,0.1298,0.0633,0.2955,0.1331,0.6825,0.3086,0.2897,0.1088,0.0309,0.0217,0.1534,0.0807,0.2112,0.0954
5487,-118.685,34.125,0.1316,0.0491,0.1311,0.0638,0.2968,0.1329,0.6995,0.3079,0.2977,0.1112,0.0313,0.0208,0.1518,0.0798,0.2095,0.0939
5488,-118.675,34.125,0.1336,0.0496,0.133,0.0647,0.3001,0.1341,0.7225,0.3099,0.3069,0.1142,0.0319,0.0203,0.1514,0.0797,0.209,0.0931
5489,-118.665,34.125,0.1336,0.0491,0.1343,0.0652,0.3036,0.1354,0.7473,0.3123,0.3124,0.1149,0.0325,0.0199,0.1511,0.0797,0.2039,0.0893
5490,-118.655,34.125,0.1288,0.0463,0.1324,0.0637,0.3065,0.1364,0.7741,0.3138,0.3097,0.1105,0.0328,0.0197,0.1504,0.0794,0.2023,0.0878
5491,-118.645,34.125,0.1378,0.0502,0.1345,0.0647,0.3044,0.1342,0.7936,0.3086,0.3321,0.1209,0.0325,0.0192,0.1469,0.0771,0.2025,0.0875
5492,-118.635,34.125,0.1435,0.0525,0.1404,0.0682,0.2972,0.1289,0.8059,0.2968,0.3489,0.128,0.0313,0.0184,0.1406,0.0729,0.2046,0.0884
5493,-118.625,34.125,0.1466,0.0534,0.143,0.0696,0.31,0.1366,0.8547,0.3105,0.3618,0.1325,0.0327,0.0197,0.1447,0.076,0.2091,0.0909
5494,-118.615,34.125,0.1495,0.0543,0.145,0.0705,0.3248,0.1456,0.9074,0.3273,0.376,0.1375,0.0342,0.0212,0.1499,0.0798,0.2111,0.0916
5495,-118.605,34.125,0.1524,0.0552,0.1465,0.0712,0.329,0.1479,0.9427,0.3332,0.392,0.1433,0.0344,0.022,0.1494,0.0797,0.2125,0.0921
5496,-118.595,34.125,0.1553,0.0562,0.1468,0.0711,0.3289,0.1473,0.9711,0.3355,0.4104,0.1504,0.0341,0.0224,0.1468,0.0781,0.2117,0.091
5497,-118.585,34.125,0.1551,0.0556,0.1457,0.0701,0.3243,0.1437,0.9927,0.3343,0.4258,0.1549,0.0332,0.0225,0.1421,0.0749,0.206,0.0868
5498,-118.575,34.125,0.1299,0.0435,0.1327,0.0618,0.3093,0.1345,0.9798,0.3207,0.3905,0.1288,0.0313,0.0217,0.1332,0.0692,0.1888,0.0764
5499,-118.565,34.125,0.1306,0.0436,0.1198,0.0537,0.2928,0.1245,0.9636,0.3048,0.4106,0.1354,0.0292,0.0206,0.1237,0.0632,0.183,0.0726
5500,-118.555,34.125,0.1321,0.0439,0.1195,0.0533,0.2805,0.1155,0.9659,0.2901,0.4347,0.1438,0.0273,0.0195,0.1163,0.0582,0.1781,0.0698
5501,-118.545,34.125,0.1186,0.0381,0.1111,0.0486,0.258,0.1021,0.9225,0.2626,0.4145,0.1318,0.0245,0.0176,0.1051,0.0511,0.1654,0.0629
5502,-118.535,34.125,0.1061,0.0329,0.0947,0.0394,0.2254,0.0844,0.8334,0.2223,0.3952,0.1208,0.0209,0.0149,0.0901,0.0421,0.1518,0.0563
5503,-118.525,34.125,0.1067,0.033,0.0917,0.0377,0.2212,0.0812,0.8261,0.22,0.4181,0.1284,0.0202,0.0146,0.0871,0.0403,0.149,0.055
5504,-118.515,34.125,0.1081,0.0334,0.0944,0.039,0.2245,0.0817,0.8418,0.2288,0.4464,0.1383,0.0202,0.0151,0.087,0.0404,0.1534,0.0571
5505,-118.505,34.125,0.1237,0.0397,0.1115,0.0483,0.2364,0.0856,0.8875,0.2538,0.5297,0.1744,0.0209,0.0161,0.0898,0.0422,0.1644,0.0625
5506,-118.495,34.125,0.146,0.0488,0.12,0.0528,0.2605,0.0959,0.9537,0.3049,0.6444,0.2256,0.0229,0.0184,0.0972,0.0472,0.1889,0.0751
5507,-118.485,34.125,0.149,0.05,0.1198,0.0526,0.2968,0.1125,1.0404,0.382,0.6898,0.2445,0.0261,0.022,0.1092,0.0554,0.2057,0.0843
5508,-118.475,34.125,0.186,0.0675,0.1347,0.0616,0.3466,0.1325,1.1551,0.4909,0.8217,0.3396,0.03,0.026,0.1246,0.0658,0.228,0.0976
5509,-118.465,34.125,0.1923,0.0706,0.1497,0.0707,0.3917,0.1498,1.2503,0.5915,0.8744,0.3723,0.0334,0.0296,0.1382,0.0749,0.2533,0.1135
5510,-118.455,34.125,0.197,0.073,0.1506,0.0713,0.4011,0.1509,1.2224,0.6201,0.9264,0.4041,0.0337,0.0305,0.1389,0.0757,0.264,0.1207
5511,-118.445,34.125,0.202,0.0757,0.1509,0.0715,0.4066,0.1519,1.182,0.6277,0.9804,0.4399,0.0342,0.0318,0.1392,0.0762,0.2737,0.1273
5512,-118.435,34.125,0.2053,0.0774,0.1506,0.0715,0.4082,0.1528,1.129,0.6144,1.0324,0.4727,0.0348,0.0335,0.1391,0.0764,0.2767,0.1291
5513,-118.425,34.125,0.2065,0.0781,0.1461,0.0688,0.3768,0.1376,1.0172,0.5138,1.086,0.5022,0.032,0.0314,0.1259,0.0675,0.2746,0.127
5514,-118.415,34.125,0.2011,0.0753,0.139,0.0646,0.344,0.122,0.9076,0.4091,1.1385,0.5139,0.0292,0.0292,0.112,0.0583,0.2711,0.1242
5515,-118.405,34.125,0.1882,0.0688,0.1231,0.0553,0.3378,0.1202,0.8673,0.3715,1.1609,0.4962,0.0291,0.03,0.1082,0.0561,0.2623,0.1187
5516,-118.395,34.125,0.1762,0.0631,0.1145,0.0504,0.3307,0.1173,0.8058,0.3386,1.1717,0.4758,0.0288,0.0303,0.1034,0.0531,0.2578,0.1162
5517,-118.385,34.125,0.1807,0.0657,0.113,0.05,0.3229,0.1134,0.7232,0.3105,1.2251,0.5058,0.0283,0.0303,0.0976,0.0495,0.2575,0.1161
5518,-118.375,34.125,0.1907,0.0714,0.1126,0.0504,0.3356,0.1183,0.6933,0.3097,1.291,0.5461,0.0296,0.0317,0.0973,0.0492,0.2606,0.118
5519,-118.365,34.125,0.1963,0.0752,0.113,0.0512,0.3532,0.1265,0.6771,0.3152,1.318,0.5554,0.0312,0.0333,0.0982,0.0497,0.2673,0.1216
5520,-118.355,34.125,0.2086,0.083,0.1155,0.0535,0.3744,0.1419,0.675,0.3247,1.3463,0.574,0.0328,0.0346,0.0997,0.0508,0.2742,0.1252
5521,-118.345,34.125,0.2316,0.0974,0.118,0.0558,0.4065,0.1695,0.689,0.3454,1.3897,0.6161,0.0351,0.037,0.1039,0.0537,0.2827,0.1299
5522,-118.335,34.125,0.2498,0.11,0.1205,0.0583,0.4496,0.2094,0.7189,0.3773,1.4068,0.6333,0.0383,0.0405,0.1107,0.0585,0.2922,0.1353
5523,-118.325,34.125,0.2669,0.1227,0.12,0.059,0.4805,0.2504,0.7192,0.3852,1.414,0.6385,0.0394,0.0414,0.1118,0.0594,0.2943,0.1358
5524,-118.315,34.125,0.2851,0.1374,0.1146,0.0566,0.4973,0.283,0.6979,0.3768,1.4168,0.6396,0.0392,0.0406,0.1091,0.0579,0.2813,0.1265
5525,-118.305,34.125,0.2607,0.1246,0.0882,0.0412,0.4579,0.2727,0.6006,0.3127,1.2625,0.5312,0.0345,0.0343,0.0942,0.0485,0.2474,0.106
5526,-118.295,34.125,0.2007,0.0855,0.0817,0.0376,0.4563,0.2897,0.5599,0.2827,0.9869,0.3525,0.0342,0.0333,0.0909,0.0466,0.2113,0.0851
5527,-118.285,34.125,0.2654,0.1148,0.0951,0.046,0.4927,0.3339,0.5756,0.2868,1.2428,0.4877,0.0383,0.0375,0.0992,0.0522,0.2462,0.1036
5528,-118.275,34.125,0.3444,0.1542,0.117,0.0616,0.5489,0.41,0.6127,0.3165,1.449,0.6727,0.0468,0.0468,0.1171,0.0652,0.3037,0.1413
5529,-118.265,34.125,0.396,0.1824,0.1357,0.075,0.5968,0.4768,0.6413,0.3408,1.4286,0.7882,0.0548,0.0551,0.1336,0.0772,0.3399,0.1667
5530,-118.255,34.125,0.3991,0.1734,0.1299,0.0704,0.5843,0.4654,0.6066,0.3123,1.4477,0.7818,0.0559,0.0537,0.1334,0.0774,0.3501,0.1744
5531,-118.245,34.125,0.3832,0.1517,0.1223,0.0645,0.5559,0.4257,0.5592,0.2725,1.4808,0.7245,0.0539,0.0488,0.127,0.0728,0.3403,0.1653
5532,-118.235,34.125,0.3752,0.1383,0.113,0.0572,0.5117,0.3577,0.4992,0.2213,1.482,0.6767,0.0488,0.0405,0.1144,0.0635,0.3265,0.1538
5533,-118.225,34.125,0.3838,0.1367,0.1137,0.0567,0.4962,0.3251,0.4701,0.1959,1.479,0.6689,0.0478,0.0371,0.1107,0.061,0.3235,0.1507
5534,-118.215,34.125,0.4099,0.1464,0.1156,0.057,0.4866,0.2999,0.4474,0.1764,1.4824,0.7035,0.0475,0.0349,0.1087,0.0598,0.3261,0.152
5535,-118.205,34.125,0.4156,0.1437,0.1133,0.0542,0.4771,0.2757,0.4245,0.1596,1.4804,0.6763,0.0465,0.0339,0.1062,0.0582,0.3269,0.152
5536,-118.195,34.125,0.4355,0.1499,0.1131,0.0528,0.4707,0.256,0.4056,0.1464,1.4822,0.6819,0.046,0.0338,0.1044,0.0571,0.331,0.1543
5537,-118.185,34.125,0.4556,0.1566,0.115,0.0527,0.4673,0.2408,0.3909,0.1369,1.483,0.6846,0.0457,0.0344,0.1034,0.0566,0.3352,0.1568
5538,-118.175,34.125,0.475,0.1631,0.1189,0.0537,0.4764,0.2389,0.393,0.1382,1.48,0.6837,0.0475,0.0368,0.1066,0.0592,0.342,0.1613
5539,-118.165,34.125,0.5052,0.1766,0.1228,0.0548,0.483,0.2362,0.3953,0.1398,1.4856,0.7103,0.0492,0.0387,0.1092,0.0615,0.3522,0.1684
5540,-118.155,34.125,0.5217,0.1819,0.125,0.0548,0.4646,0.2159,0.3818,0.1326,1.4836,0.7092,0.0479,0.037,0.1053,0.0588,0.3559,0.1704
5541,-118.145,34.125,0.5382,0.1878,0.1268,0.0547,0.4509,0.201,0.3758,0.1289,1.483,0.7172,0.0477,0.0361,0.1037,0.0578,0.3625,0.1747
5542,-118.135,34.125,0.5497,0.1914,0.1283,0.0545,0.4421,0.1916,0.3773,0.1288,1.4822,0.7262,0.0488,0.0359,0.1046,0.0587,0.3699,0.1796
5543,-118.125,34.125,0.5542,0.1916,0.1292,0.0541,0.4249,0.1808,0.377,0.1305,1.492,0.7366,0.0493,0.035,0.1048,0.0591,0.3764,0.1837
5544,-118.115,34.125,0.5525,0.189,0.1302,0.0539,0.4066,0.1699,0.376,0.1326,1.5133,0.7436,0.0496,0.0341,0.1049,0.0594,0.3792,0.1846
5545,-118.105,34.125,0.5531,0.1879,0.1321,0.0542,0.3917,0.1606,0.3735,0.1348,1.5459,0.7553,0.0496,0.0335,0.1052,0.0599,0.3818,0.1853
5546,-118.095,34.125,0.5517,0.1858,0.1363,0.056,0.3858,0.1571,0.3767,0.1413,1.5423,0.7496,0.0508,0.0342,0.1082,0.0625,0.3885,0.1894
5547,-118.085,34.125,0.5629,0.1938,0.143,0.0592,0.389,0.1594,0.3858,0.1522,1.4969,0.7632,0.0534,0.036,0.1141,0.0673,0.4003,0.1982
5548,-118.075,34.125,0.5884,0.2181,0.1495,0.0624,0.3822,0.1551,0.3805,0.1555,1.409,0.8145,0.0531,0.0352,0.1154,0.0686,0.4173,0.2124
5549,-118.065,34.125,0.5693,0.2044,0.1559,0.0657,0.3752,0.1506,0.3751,0.1574,1.399,0.7698,0.0525,0.0339,0.1163,0.0696,0.4234,0.2168
5550,-118.055,34.125,0.5694,0.2104,0.1619,0.0688,0.3769,0.1519,0.3844,0.1609,1.3372,0.7716,0.0535,0.0334,0.1199,0.0727,0.4286,0.2206
5551,-118.045,34.125,0.548,0.1963,0.1633,0.0692,0.3704,0.1482,0.3851,0.1574,1.324,0.7284,0.0531,0.0323,0.1197,0.0728,0.4306,0.2214
5552,-118.035,34.125,0.5281,0.1846,0.16,0.067,0.3558,0.1394,0.3773,0.1468,1.3005,0.6881,0.0514,0.0306,0.1158,0.0699,0.4255,0.2153
5553,-118.025,34.125,0.5139,0.1778,0.1598,0.067,0.3403,0.131,0.3603,0.1352,1.265,0.6576,0.0505,0.0306,0.1115,0.0669,0.4217,0.2105
5554,-118.015,34.125,0.5029,0.1734,0.1584,0.0663,0.3256,0.1232,0.342,0.1239,1.2265,0.6311,0.0499,0.031,0.1076,0.0641,0.4177,0.2055
5555,-118.005,34.125,0.4773,0.1585,0.1475,0.0601,0.3156,0.1187,0.3262,0.1155,1.1939,0.5754,0.0504,0.032,0.1055,0.0627,0.4099,0.1971
5556,-117.995,34.125,0.4401,0.1375,0.14,0.056,0.3024,0.1126,0.3066,0.1054,1.1523,0.502,0.0498,0.0315,0.1021,0.0602,0.3961,0.184
5557,-117.985,34.125,0.4237,0.1308,0.1359,0.054,0.2861,0.1049,0.2834,0.0936,1.1129,0.4757,0.048,0.0294,0.0973,0.0567,0.3925,0.1801
5558,-117.975,34.125,0.414,0.1283,0.1363,0.0545,0.2782,0.1024,0.2687,0.0868,1.076,0.4648,0.0477,0.0284,0.096,0.0559,0.3965,0.1825
5559,-117.965,34.125,0.407,0.1272,0.1369,0.0551,0.2725,0.1012,0.2564,0.0814,1.0361,0.4571,0.0477,0.0278,0.0954,0.0557,0.4036,0.1878
5560,-117.955,34.125,0.393,0.1221,0.1342,0.0539,0.269,0.1011,0.2467,0.0782,0.9878,0.4363,0.0472,0.0278,0.0954,0.0559,0.4111,0.1935
5561,-117.945,34.125,0.3758,0.1153,0.1317,0.0528,0.2637,0.1001,0.2371,0.0752,0.9355,0.41,0.0463,0.0276,0.0946,0.0555,0.4154,0.1966
5562,-117.935,34.125,0.3624,0.1105,0.1292,0.0518,0.2565,0.0981,0.2278,0.0726,0.8869,0.3897,0.0448,0.0272,0.0931,0.0545,0.4219,0.2018
5563,-117.925,34.125,0.3498,0.1061,0.1289,0.0519,0.2555,0.0995,0.2275,0.0742,0.8401,0.3707,0.0448,0.0278,0.0942,0.0556,0.4333,0.2112
5564,-117.915,34.125,0.3468,0.1068,0.1299,0.0528,0.2566,0.102,0.2304,0.077,0.8057,0.3661,0.0454,0.029,0.0964,0.0575,0.4497,0.2251
5565,-117.905,34.125,0.3563,0.1142,0.1358,0.0565,0.2615,0.1066,0.2395,0.0818,0.7852,0.3762,0.0477,0.0315,0.1007,0.0612,0.4696,0.2427
5566,-117.895,34.125,0.3394,0.1072,0.1368,0.0575,0.2577,0.1057,0.2403,0.0821,0.7342,0.3398,0.048,0.0322,0.1009,0.0615,0.4675,0.2383
5567,-117.885,34.125,0.3281,0.1034,0.133,0.0558,0.2451,0.0993,0.2328,0.0779,0.6921,0.3141,0.0465,0.0312,0.0969,0.0586,0.4657,0.2344
5568,-117.875,34.125,0.3193,0.1009,0.1304,0.0549,0.2388,0.0967,0.2289,0.0785,0.6566,0.2953,0.0465,0.0313,0.096,0.058,0.4663,0.2327
5569,-117.865,34.125,0.3059,0.0959,0.1268,0.0533,0.2337,0.0948,0.2262,0.0802,0.6204,0.2745,0.0469,0.0315,0.0956,0.058,0.4673,0.2316
5570,-117.855,34.125,0.2822,0.0861,0.1165,0.048,0.2276,0.0921,0.2257,0.0832,0.5716,0.2427,0.0472,0.0314,0.0948,0.0576,0.4592,0.222
5571,-117.845,34.125,0.2609,0.0776,0.1144,0.0472,0.2232,0.0903,0.2269,0.087,0.5282,0.2156,0.048,0.0315,0.0947,0.0577,0.4605,0.2212
5572,-117.835,34.125,0.2662,0.0816,0.1205,0.051,0.2204,0.0892,0.2298,0.0917,0.5257,0.2223,0.0492,0.0318,0.0952,0.0583,0.4678,0.2258
5573,-117.825,34.125,0.2593,0.0798,0.1207,0.0516,0.2133,0.0855,0.2259,0.0921,0.5061,0.2144,0.0491,0.0309,0.0929,0.0567,0.4765,0.2317
5574,-117.815,34.125,0.2484,0.0762,0.1202,0.0518,0.2054,0.0813,0.2207,0.0914,0.4816,0.2019,0.0486,0.0299,0.0902,0.0548,0.4755,0.2286
5575,-117.805,34.125,0.2422,0.0748,0.1225,0.0536,0.1986,0.0771,0.2156,0.0902,0.4649,0.1953,0.0484,0.0292,0.0876,0.053,0.4778,0.2287
5576,-117.795,34.125,0.2344,0.0725,0.1224,0.054,0.1969,0.0754,0.2152,0.0916,0.4463,0.1867,0.0493,0.0294,0.0871,0.0528,0.4815,0.2299
5577,-117.785,34.125,0.2204,0.0673,0.1198,0.0529,0.2002,0.0763,0.2194,0.0954,0.4192,0.1714,0.0514,0.0305,0.0887,0.0542,0.4846,0.2307
5578,-117.775,34.125,0.2191,0.0679,0.1129,0.0493,0.1868,0.0693,0.2041,0.0884,0.4108,0.1698,0.0487,0.0283,0.0822,0.0496,0.4815,0.2255
5579,-117.765,34.125,0.1758,0.0504,0.1037,0.0444,0.1718,0.0616,0.1865,0.08,0.3363,0.1253,0.0453,0.0256,0.0748,0.0444,0.4412,0.1943
5580,-117.755,34.125,0.1377,0.0368,0.0881,0.0363,0.1655,0.058,0.1776,0.076,0.2652,0.0902,0.0438,0.0241,0.071,0.0418,0.415,0.1738
5581,-117.745,34.125,0.1614,0.0464,0.0894,0.0375,0.1633,0.0565,0.1728,0.0742,0.3029,0.1112,0.043,0.0233,0.0691,0.0406,0.4203,0.1757
5582,-117.735,34.125,0.1775,0.0532,0.1078,0.048,0.1652,0.057,0.172,0.0747,0.3287,0.1263,0.0429,0.0233,0.069,0.0409,0.4576,0.1981
5583,-117.725,34.125,0.1798,0.055,0.1115,0.0506,0.1852,0.0646,0.1895,0.0844,0.3324,0.1315,0.0458,0.0261,0.0761,0.0461,0.4908,0.2211
5584,-117.715,34.125,0.174,0.0533,0.1116,0.0511,0.2061,0.0726,0.2079,0.0946,0.3236,0.1284,0.0485,0.0291,0.0836,0.0517,0.5184,0.2419
5585,-117.705,34.125,0.1686,0.0518,0.1089,0.0499,0.2139,0.0757,0.2131,0.098,0.3151,0.1254,0.048,0.0298,0.0858,0.0536,0.5381,0.2571
5586,-117.695,34.125,0.1636,0.0504,0.1063,0.0487,0.218,0.0771,0.215,0.0992,0.3067,0.1222,0.0468,0.0299,0.0865,0.0544,0.5466,0.2614
5587,-117.685,34.125,0.1589,0.0492,0.1036,0.0475,0.2185,0.0771,0.2138,0.0982,0.2984,0.1191,0.0451,0.0292,0.0858,0.054,0.5542,0.2646
5588,-117.675,34.125,0.1544,0.048,0.1009,0.0463,0.2182,0.0775,0.2124,0.0971,0.2903,0.116,0.0446,0.0286,0.0851,0.0537,0.5619,0.2677
5589,-117.665,34.125,0.1501,0.0469,0.0983,0.0452,0.2175,0.078,0.2109,0.0959,0.2826,0.113,0.0446,0.028,0.0845,0.0533,0.5699,0.271
5590,-117.655,34.125,0.1459,0.0458,0.096,0.0441,0.216,0.0787,0.2089,0.0941,0.2754,0.1103,0.0451,0.0275,0.0838,0.053,0.5783,0.2746
5591,-118.945,34.135,0.0697,0.0267,0.0845,0.0414,0.1848,0.082,0.4341,0.1779,0.1329,0.0488,0.0179,0.0104,0.143,0.0699,0.1722,0.0769
5592,-118.935,34.135,0.0702,0.0267,0.084,0.0408,0.1847,0.0814,0.4317,0.179,0.1347,0.0494,0.0181,0.0104,0.1409,0.0686,0.1712,0.0761
5593,-118.925,34.135,0.0716,0.0272,0.085,0.0412,0.1871,0.0822,0.4346,0.1831,0.1382,0.0508,0.0186,0.0107,0.1406,0.0686,0.1732,0.0771
5594,-118.915,34.135,0.073,0.0276,0.0863,0.0418,0.1898,0.0832,0.4385,0.1876,0.1417,0.0521,0.0192,0.0112,0.1405,0.0687,0.175,0.0781
5595,-118.905,34.135,0.0743,0.028,0.0875,0.0423,0.1919,0.0838,0.4418,0.191,0.1452,0.0535,0.0196,0.0118,0.14,0.0684,0.1761,0.0785
5596,-118.895,34.135,0.0757,0.0285,0.0901,0.0436,0.2005,0.0883,0.4582,0.2031,0.1487,0.0548,0.0208,0.013,0.1442,0.0712,0.1789,0.08
5597,-118.885,34.135,0.0857,0.0331,0.0941,0.0459,0.2159,0.0966,0.4877,0.2238,0.1675,0.0639,0.0227,0.015,0.1532,0.0772,0.1838,0.083
5598,-118.875,34.135,0.0837,0.0318,0.0912,0.0438,0.2078,0.0911,0.4726,0.2127,0.1653,0.062,0.0217,0.0147,0.1452,0.0719,0.1809,0.0808
5599,-118.865,34.135,0.08,0.0298,0.0881,0.0416,0.1971,0.084,0.4526,0.1981,0.1595,0.0585,0.0205,0.0143,0.1354,0.0655,0.1778,0.0786
5600,-118.855,34.135,0.0814,0.0302,0.091,0.0431,0.1974,0.0835,0.4532,0.1984,0.1629,0.0597,0.0205,0.0148,0.1335,0.0644,0.1763,0.0775
5601,-118.845,34.135,0.082,0.0303,0.0945,0.0451,0.2009,0.0849,0.46,0.2032,0.1653,0.0602,0.0208,0.0157,0.1337,0.0647,0.178,0.0783
5602,-118.835,34.135,0.086,0.032,0.0987,0.0475,0.2076,0.0883,0.4731,0.2126,0.1736,0.0639,0.0215,0.017,0.1361,0.0664,0.186,0.083
5603,-118.825,34.135,0.1039,0.0404,0.1008,0.0485,0.2115,0.0899,0.4807,0.2168,0.2071,0.081,0.0218,0.0178,0.1363,0.0666,0.1923,0.0869
5604,-118.815,34.135,0.0902,0.0335,0.1016,0.0488,0.2142,0.0909,0.4864,0.2192,0.1846,0.0681,0.022,0.0185,0.1356,0.0663,0.1905,0.0855
5605,-118.805,34.135,0.0893,0.0328,0.0986,0.0467,0.2143,0.0903,0.4879,0.2185,0.1851,0.0676,0.0217,0.0185,0.1329,0.0646,0.1836,0.0808
5606,-118.795,34.135,0.0893,0.0326,0.0957,0.0447,0.2167,0.0912,0.4939,0.2208,0.1874,0.068,0.0217,0.0187,0.1316,0.0639,0.1802,0.0786
5607,-118.785,34.135,0.0905,0.0329,0.0929,0.0429,0.2214,0.0934,0.5044,0.2261,0.1919,0.0694,0.0219,0.019,0.1317,0.0641,0.1798,0.0781
5608,-118.775,34.135,0.0931,0.0339,0.0957,0.0444,0.2244,0.0945,0.5128,0.2282,0.1994,0.0724,0.0219,0.0189,0.1305,0.0634,0.1819,0.0792
5609,-118.765,34.135,0.0968,0.0354,0.1003,0.047,0.2282,0.096,0.5232,0.2312,0.208,0.0758,0.0221,0.0189,0.1297,0.063,0.1863,0.0815
5610,-118.755,34.135,0.1015,0.0374,0.1083,0.0517,0.2375,0.1008,0.5448,0.2422,0.2175,0.0795,0.023,0.0194,0.1323,0.0647,0.1923,0.0848
5611,-118.745,34.135,0.1084,0.0404,0.114,0.055,0.2541,0.1103,0.5802,0.265,0.2308,0.0851,0.025,0.0209,0.1393,0.0696,0.2009,0.0898
5612,-118.735,34.135,0.1207,0.0461,0.1174,0.0569,0.2782,0.1244,0.6293,0.2998,0.2546,0.0967,0.028,0.0233,0.1509,0.0776,0.2085,0.0945
5613,-118.725,34.135,0.1264,0.0485,0.1207,0.0587,0.2866,0.1288,0.6553,0.3138,0.2682,0.1028,0.0292,0.0238,0.1532,0.0794,0.214,0.0978
5614,-118.715,34.135,0.1296,0.0497,0.1238,0.0604,0.2923,0.1315,0.6768,0.3235,0.2786,0.1069,0.0302,0.0238,0.154,0.0801,0.217,0.0994
5615,-118.705,34.135,0.135,0.052,0.1262,0.0617,0.3001,0.1356,0.6999,0.3329,0.2929,0.1136,0.0315,0.024,0.156,0.0817,0.2193,0.1005
5616,-118.695,34.135,0.1319,0.0499,0.1274,0.0622,0.3037,0.1369,0.7188,0.336,0.2933,0.1115,0.0323,0.0235,0.1556,0.0817,0.2175,0.0988
5617,-118.685,34.135,0.1321,0.0494,0.1275,0.0619,0.3033,0.1354,0.7334,0.3327,0.2992,0.1126,0.0325,0.0225,0.1529,0.0799,0.2159,0.0973
5618,-118.675,34.135,0.1341,0.0499,0.129,0.0626,0.3063,0.1363,0.7557,0.335,0.3084,0.1157,0.0332,0.022,0.1523,0.0797,0.2158,0.0968
5619,-118.665,34.135,0.1363,0.0505,0.1306,0.0633,0.31,0.1377,0.78,0.3384,0.3182,0.119,0.0339,0.0217,0.1521,0.0797,0.2149,0.0958
5620,-118.655,34.135,0.1387,0.0512,0.1309,0.0633,0.314,0.1392,0.8069,0.342,0.3286,0.1225,0.0346,0.0216,0.152,0.0799,0.215,0.0954
5621,-118.645,34.135,0.1412,0.0519,0.1335,0.0646,0.3192,0.1418,0.836,0.3474,0.3397,0.1263,0.0352,0.0218,0.1523,0.0803,0.2162,0.0957
5622,-118.635,34.135,0.1447,0.0531,0.1384,0.0675,0.3257,0.1455,0.8673,0.3544,0.353,0.1313,0.0359,0.0223,0.1532,0.0812,0.2183,0.0966
5623,-118.625,34.135,0.1471,0.0537,0.1396,0.068,0.3308,0.1482,0.9006,0.3581,0.3651,0.1353,0.036,0.0227,0.1527,0.081,0.2201,0.0973
5624,-118.615,34.135,0.15,0.0546,0.1403,0.0681,0.3355,0.1508,0.9344,0.3613,0.3795,0.1405,0.0361,0.0232,0.1519,0.0807,0.2204,0.0969
5625,-118.605,34.135,0.1529,0.0555,0.1419,0.0688,0.3399,0.1533,0.968,0.366,0.3955,0.1465,0.0361,0.0238,0.151,0.0803,0.2212,0.0968
5626,-118.595,34.135,0.1559,0.0565,0.1428,0.0691,0.3445,0.156,1.0014,0.3727,0.4135,0.1534,0.0362,0.0246,0.1505,0.0801,0.222,0.0968
5627,-118.585,34.135,0.1589,0.0574,0.1432,0.0691,0.3494,0.1589,1.0344,0.3815,0.4333,0.1612,0.0365,0.0256,0.1504,0.0803,0.222,0.0963
5628,-118.575,34.135,0.1619,0.0584,0.1386,0.066,0.3519,0.1602,1.0646,0.3883,0.4553,0.1701,0.0365,0.0264,0.1496,0.08,0.219,0.094
5629,-118.565,34.135,0.1604,0.0573,0.134,0.063,0.3498,0.1583,1.0877,0.3881,0.4705,0.1741,0.0359,0.0266,0.1467,0.0781,0.2146,0.0906
5630,-118.555,34.135,0.1465,0.0503,0.1343,0.063,0.3274,0.1426,1.0786,0.3561,0.4622,0.1615,0.0324,0.0242,0.1342,0.0696,0.2083,0.0861
5631,-118.545,34.135,0.1421,0.0481,0.125,0.0573,0.2944,0.1228,1.0167,0.3103,0.472,0.1618,0.0282,0.0211,0.1181,0.0593,0.1988,0.0801
5632,-118.535,34.135,0.1172,0.0373,0.106,0.046,0.2506,0.0988,0.9019,0.2505,0.4188,0.1329,0.0232,0.0172,0.0986,0.0472,0.1742,0.0668
5633,-118.525,34.135,0.108,0.0334,0.1046,0.045,0.2442,0.0946,0.8898,0.24,0.4092,0.1258,0.0222,0.0169,0.0948,0.045,0.1685,0.0638
5634,-118.515,34.135,0.1194,0.038,0.1092,0.0475,0.2483,0.0957,0.9092,0.2454,0.467,0.1507,0.0223,0.0175,0.0952,0.0454,0.1777,0.0687
5635,-118.505,34.135,0.1321,0.0433,0.125,0.0566,0.2665,0.1026,0.9789,0.2791,0.5312,0.1806,0.0237,0.0193,0.1005,0.0486,0.199,0.0803
5636,-118.495,34.135,0.1666,0.0585,0.133,0.0611,0.3065,0.1211,1.0837,0.3593,0.6614,0.2554,0.0273,0.0236,0.1142,0.0577,0.2268,0.0966
5637,-118.485,34.135,0.1865,0.0676,0.1331,0.061,0.3682,0.1511,1.2236,0.4863,0.7485,0.3078,0.0332,0.0303,0.1362,0.0727,0.2429,0.1067
5638,-118.475,34.135,0.1896,0.0689,0.139,0.0646,0.3944,0.1567,1.2581,0.5539,0.7905,0.3302,0.0345,0.0321,0.1407,0.076,0.2559,0.115
5639,-118.465,34.135,0.1936,0.0707,0.1452,0.0683,0.4122,0.1575,1.2649,0.6067,0.8341,0.355,0.0349,0.033,0.1415,0.0768,0.2677,0.1227
5640,-118.455,34.135,0.1988,0.0733,0.147,0.0695,0.4248,0.1593,1.2415,0.6471,0.879,0.3832,0.0354,0.0341,0.1421,0.0776,0.277,0.129
5641,-118.445,34.135,0.2063,0.0772,0.1487,0.0706,0.4326,0.1616,1.2095,0.6644,0.9256,0.4184,0.036,0.0355,0.1426,0.0783,0.2886,0.1374
5642,-118.435,34.135,0.2104,0.0793,0.1503,0.0717,0.4356,0.1644,1.1689,0.6586,0.9696,0.4479,0.0368,0.0372,0.143,0.0788,0.2977,0.144
5643,-118.425,34.135,0.2126,0.0805,0.15,0.0717,0.4336,0.1645,1.1199,0.598,1.0142,0.4749,0.0371,0.0385,0.1409,0.0776,0.3044,0.1487
5644,-118.415,34.135,0.215,0.0819,0.1481,0.0708,0.4308,0.164,1.0736,0.5309,1.0623,0.5036,0.0373,0.0397,0.1383,0.0759,0.3099,0.1526
5645,-118.405,34.135,0.2173,0.0832,0.1408,0.0666,0.4297,0.1635,1.049,0.487,1.1117,0.5316,0.0375,0.0407,0.1352,0.0739,0.3124,0.1545
5646,-118.395,34.135,0.2194,0.0846,0.135,0.0632,0.4274,0.161,0.9978,0.4492,1.1591,0.5559,0.0373,0.0411,0.1307,0.0708,0.3136,0.1552
5647,-118.385,34.135,0.2168,0.0833,0.1305,0.0607,0.4238,0.1568,0.9199,0.4173,1.201,0.5605,0.0368,0.0407,0.1246,0.0667,0.3125,0.1538
5648,-118.375,34.135,0.2163,0.0834,0.1275,0.0593,0.4275,0.1558,0.8577,0.3969,1.2364,0.5625,0.0368,0.0403,0.12,0.0637,0.3081,0.1494
5649,-118.365,34.135,0.2203,0.0863,0.1249,0.0583,0.434,0.1577,0.8038,0.3808,1.2573,0.5653,0.0371,0.04,0.1161,0.0612,0.3061,0.1469
5650,-118.355,34.135,0.2257,0.0903,0.1235,0.0581,0.4469,0.1707,0.7741,0.3746,1.2612,0.5594,0.0377,0.0398,0.1144,0.0602,0.3055,0.1454
5651,-118.345,34.135,0.2388,0.0991,0.1223,0.058,0.4645,0.1923,0.7543,0.3732,1.2721,0.5678,0.0386,0.0401,0.1137,0.06,0.3057,0.1445
5652,-118.335,34.135,0.2521,0.1083,0.1211,0.058,0.4869,0.2223,0.7444,0.3765,1.28,0.5706,0.0398,0.0409,0.1142,0.0605,0.3056,0.1434
5653,-118.325,34.135,0.2651,0.1175,0.1182,0.057,0.5076,0.2567,0.7288,0.3734,1.2815,0.5667,0.0404,0.041,0.1132,0.06,0.3008,0.1391
5654,-118.315,34.135,0.2808,0.1286,0.1135,0.0548,0.5246,0.2902,0.708,0.3657,1.2841,0.5661,0.0406,0.0407,0.1113,0.0589,0.2904,0.1314
5655,-118.305,34.135,0.2942,0.1368,0.1017,0.0482,0.5256,0.3146,0.6673,0.3418,1.2812,0.5597,0.0398,0.0394,0.1069,0.0563,0.2759,0.1218
5656,-118.295,34.135,0.302,0.1383,0.0988,0.0469,0.5456,0.3564,0.6535,0.3344,1.2741,0.5464,0.0421,0.0414,0.1096,0.0585,0.2663,0.1158
5657,-118.285,34.135,0.3324,0.1524,0.1049,0.051,0.5846,0.4155,0.6664,0.3436,1.3119,0.6015,0.0473,0.0467,0.1194,0.0655,0.2925,0.1316
5658,-118.275,34.135,0.3768,0.1764,0.1195,0.0614,0.6026,0.4602,0.6609,0.3408,1.3238,0.6906,0.0523,0.0514,0.1277,0.072,0.3285,0.1574
5659,-118.265,34.135,0.3896,0.1758,0.1325,0.0706,0.6113,0.4964,0.6478,0.3317,1.3303,0.7073,0.0566,0.0548,0.1343,0.0773,0.3493,0.1726
5660,-118.255,34.135,0.3984,0.1724,0.1293,0.0682,0.5947,0.5055,0.6157,0.3038,1.3438,0.7174,0.0574,0.0532,0.1336,0.0771,0.3548,0.1764
5661,-118.245,34.135,0.4081,0.1705,0.1251,0.0647,0.5674,0.4661,0.5699,0.2651,1.3508,0.7249,0.0552,0.048,0.127,0.0724,0.3537,0.1747
5662,-118.235,34.135,0.3891,0.1492,0.1196,0.0603,0.5294,0.3782,0.5104,0.2156,1.3684,0.6585,0.0499,0.0395,0.1144,0.0631,0.3397,0.1624
5663,-118.225,34.135,0.3788,0.1352,0.1129,0.0551,0.5189,0.3422,0.4813,0.1929,1.3722,0.6111,0.0493,0.0358,0.1115,0.0613,0.3292,0.1534
5664,-118.215,34.135,0.3995,0.1422,0.1069,0.0503,0.5113,0.315,0.4564,0.1749,1.3765,0.6365,0.0491,0.0331,0.1099,0.0604,0.3229,0.1481
5665,-118.205,34.135,0.4049,0.1398,0.1058,0.0486,0.4904,0.2785,0.4217,0.1533,1.3746,0.6172,0.0464,0.0308,0.1042,0.0567,0.3201,0.146
5666,-118.195,34.135,0.4189,0.1432,0.1016,0.0454,0.4778,0.2514,0.3956,0.1372,1.3713,0.6156,0.0447,0.0299,0.1005,0.0543,0.3129,0.1411
5667,-118.185,34.135,0.4225,0.1424,0.0943,0.0407,0.4735,0.2335,0.3783,0.1265,1.338,0.5934,0.0438,0.0305,0.0989,0.0534,0.305,0.136
5668,-118.175,34.135,0.4412,0.1483,0.0948,0.0402,0.4803,0.2268,0.3758,0.1238,1.3416,0.5957,0.0445,0.0324,0.1005,0.0548,0.3059,0.1365
5669,-118.165,34.135,0.4693,0.1611,0.0987,0.0415,0.4874,0.2217,0.3771,0.1232,1.3458,0.6233,0.0456,0.0343,0.1026,0.0564,0.3224,0.1469
5670,-118.155,34.135,0.5008,0.173,0.1119,0.0476,0.4851,0.2131,0.3812,0.1242,1.3845,0.6528,0.0464,0.0353,0.1036,0.0572,0.3538,0.1676
5671,-118.145,34.135,0.5159,0.1782,0.1195,0.0508,0.4796,0.2045,0.3871,0.1251,1.3845,0.6634,0.0474,0.0359,0.1047,0.0581,0.3678,0.1769
5672,-118.135,34.135,0.5283,0.1822,0.1216,0.0511,0.4709,0.1959,0.3945,0.1257,1.3844,0.6788,0.0486,0.0359,0.1058,0.0592,0.3777,0.1839
5673,-118.125,34.135,0.5382,0.1854,0.1236,0.0515,0.4506,0.1856,0.395,0.1282,1.3988,0.7045,0.049,0.0353,0.1061,0.0597,0.3873,0.1905
5674,-118.115,34.135,0.5343,0.1803,0.1256,0.052,0.4289,0.1753,0.3937,0.1311,1.4184,0.7019,0.0492,0.0345,0.1062,0.06,0.3891,0.1904
5675,-118.105,34.135,0.5349,0.1787,0.1277,0.0525,0.4126,0.1661,0.3906,0.1337,1.4381,0.7071,0.0492,0.034,0.1065,0.0605,0.3914,0.1906
5676,-118.095,34.135,0.535,0.1772,0.1312,0.054,0.4006,0.1591,0.3884,0.1372,1.4579,0.7147,0.0495,0.0336,0.1074,0.0614,0.3961,0.1931
5677,-118.085,34.135,0.5377,0.1786,0.1362,0.0563,0.3929,0.1544,0.387,0.1415,1.4813,0.7376,0.0501,0.0333,0.1092,0.063,0.4024,0.1971
5678,-118.075,34.135,0.5264,0.1721,0.1389,0.0573,0.3801,0.1465,0.3758,0.1421,1.5298,0.745,0.0484,0.0309,0.1082,0.0625,0.4073,0.2003
5679,-118.065,34.135,0.5174,0.1689,0.1412,0.0583,0.3703,0.1405,0.368,0.144,1.5018,0.7328,0.0471,0.0287,0.1083,0.0629,0.4101,0.2016
5680,-118.055,34.135,0.5162,0.1727,0.1441,0.0596,0.3807,0.1477,0.3871,0.1556,1.4632,0.7441,0.0495,0.029,0.1159,0.0691,0.4165,0.2062
5681,-118.045,34.135,0.5159,0.1777,0.1452,0.0599,0.3768,0.1458,0.3914,0.1561,1.4159,0.758,0.0494,0.0279,0.1173,0.0705,0.422,0.21
5682,-118.035,34.135,0.492,0.1648,0.1444,0.0592,0.3587,0.1347,0.3808,0.1455,1.3967,0.7148,0.0467,0.0253,0.1124,0.0668,0.4199,0.2069
5683,-118.025,34.135,0.4613,0.1479,0.1434,0.0586,0.3356,0.1221,0.3552,0.1309,1.3728,0.6495,0.0445,0.0248,0.1055,0.0617,0.4123,0.199
5684,-118.015,34.135,0.4422,0.1391,0.1416,0.0576,0.3137,0.1106,0.3288,0.1169,1.3315,0.6066,0.0429,0.0251,0.0991,0.057,0.4076,0.1936
5685,-118.005,34.135,0.4309,0.1349,0.1367,0.0549,0.303,0.1063,0.3129,0.1094,1.29,0.5796,0.0439,0.0273,0.0972,0.0558,0.4035,0.1889
5686,-117.995,34.135,0.4142,0.1277,0.1331,0.053,0.2935,0.1029,0.2978,0.1021,1.2461,0.5437,0.0448,0.0281,0.0957,0.0549,0.3985,0.1835
5687,-117.985,34.135,0.4027,0.1238,0.1309,0.052,0.2852,0.1003,0.2834,0.095,1.203,0.5214,0.0454,0.0277,0.0948,0.0544,0.399,0.1828
5688,-117.975,34.135,0.3906,0.1196,0.1299,0.0517,0.2777,0.0984,0.2689,0.0879,1.1511,0.4962,0.0458,0.0268,0.0941,0.0541,0.4021,0.1845
5689,-117.965,34.135,0.381,0.1167,0.1291,0.0516,0.2716,0.0972,0.2554,0.0814,1.0938,0.4731,0.046,0.0261,0.0937,0.054,0.4079,0.1884
5690,-117.955,34.135,0.3777,0.1171,0.1277,0.0511,0.2717,0.0993,0.2473,0.0779,1.0411,0.462,0.0464,0.0268,0.0953,0.0554,0.416,0.1944
5691,-117.945,34.135,0.3658,0.1129,0.1268,0.0509,0.2673,0.099,0.2376,0.074,0.9815,0.4358,0.0457,0.0269,0.095,0.0554,0.4237,0.2003
5692,-117.935,34.135,0.3523,0.1078,0.1264,0.0509,0.2587,0.0962,0.2262,0.0698,0.9232,0.4081,0.0439,0.0263,0.0929,0.054,0.4314,0.2062
5693,-117.925,34.135,0.3412,0.1042,0.1264,0.0512,0.2531,0.095,0.2226,0.0694,0.8703,0.3863,0.0429,0.0262,0.0923,0.0537,0.4408,0.2137
5694,-117.915,34.135,0.3342,0.1026,0.1268,0.0518,0.2491,0.0946,0.2218,0.0702,0.8262,0.3725,0.0424,0.0264,0.0924,0.054,0.4516,0.2224
5695,-117.905,34.135,0.3298,0.1023,0.1287,0.0532,0.2495,0.0964,0.2267,0.0726,0.7841,0.3567,0.0435,0.0279,0.0942,0.0557,0.4619,0.2305
5696,-117.895,34.135,0.3294,0.1041,0.1299,0.0543,0.2482,0.0972,0.23,0.0738,0.7468,0.3426,0.0444,0.029,0.0953,0.0567,0.4675,0.2334
5697,-117.885,34.135,0.3239,0.1032,0.1303,0.055,0.2452,0.0969,0.2317,0.0737,0.7072,0.3224,0.0452,0.0299,0.0955,0.0571,0.4723,0.2356
5698,-117.875,34.135,0.3159,0.1011,0.1293,0.0549,0.2426,0.0965,0.2293,0.0757,0.6695,0.3023,0.046,0.0306,0.0959,0.0576,0.4767,0.2376
5699,-117.865,34.135,0.3069,0.0982,0.1274,0.0542,0.2399,0.0961,0.2271,0.0785,0.6364,0.2855,0.0469,0.0313,0.0963,0.0582,0.4803,0.2388
5700,-117.855,34.135,0.2968,0.0948,0.1225,0.052,0.2368,0.0951,0.2293,0.0832,0.6052,0.2693,0.0479,0.0317,0.0966,0.0586,0.4815,0.2379
5701,-117.845,34.135,0.2864,0.0912,0.1192,0.0505,0.2311,0.0926,0.229,0.0866,0.5759,0.254,0.0484,0.0315,0.0957,0.0582,0.4812,0.2353
5702,-117.835,34.135,0.2733,0.0863,0.1174,0.0499,0.2228,0.0886,0.2264,0.0885,0.5445,0.2364,0.0482,0.0308,0.0935,0.0568,0.4774,0.2297
5703,-117.825,34.135,0.2587,0.0809,0.1111,0.0468,0.2143,0.0838,0.2212,0.0879,0.5112,0.218,0.0477,0.0297,0.0906,0.0546,0.4686,0.2197
5704,-117.815,34.135,0.2338,0.0707,0.105,0.0438,0.206,0.079,0.2154,0.0866,0.4642,0.1886,0.047,0.0285,0.0875,0.0524,0.4546,0.2076
5705,-117.805,34.135,0.2187,0.0651,0.1048,0.0442,0.1985,0.0746,0.2094,0.0848,0.4324,0.1712,0.0464,0.0275,0.0845,0.0503,0.4477,0.2012
5706,-117.795,34.135,0.2062,0.0608,0.1027,0.0434,0.1955,0.0726,0.2077,0.0856,0.4051,0.1576,0.047,0.0274,0.0836,0.0498,0.4445,0.1978
5707,-117.785,34.135,0.2047,0.0613,0.0986,0.0416,0.1972,0.073,0.2104,0.0888,0.3955,0.156,0.0487,0.0282,0.0846,0.0509,0.4455,0.1971
5708,-117.775,34.135,0.2144,0.0663,0.1003,0.0427,0.1709,0.0599,0.1819,0.0742,0.4058,0.1652,0.0423,0.0233,0.0724,0.0421,0.4664,0.2092
5709,-117.765,34.135,0.1533,0.0424,0.102,0.0439,0.1435,0.0462,0.1518,0.0587,0.2973,0.1049,0.0355,0.0182,0.0596,0.0327,0.4482,0.1947
5710,-117.755,34.135,0.1516,0.0424,0.098,0.0422,0.1383,0.0436,0.1451,0.0562,0.2908,0.1034,0.0343,0.0172,0.0568,0.031,0.4213,0.1755
5711,-117.745,34.135,0.1202,0.0318,0.0918,0.0393,0.1322,0.0406,0.1372,0.0528,0.2305,0.0765,0.0327,0.016,0.0536,0.029,0.3961,0.1595
5712,-117.735,34.135,0.1074,0.0277,0.0834,0.0353,0.1252,0.0371,0.1282,0.0487,0.2058,0.0662,0.0304,0.0146,0.0501,0.0267,0.3738,0.1485
5713,-117.725,34.135,0.1116,0.0293,0.0839,0.0358,0.158,0.0497,0.1596,0.0657,0.2135,0.0701,0.0372,0.0196,0.0626,0.0358,0.4016,0.1633
5714,-117.715,34.135,0.1524,0.0449,0.0876,0.0381,0.1945,0.0639,0.1946,0.0846,0.2865,0.107,0.0446,0.0253,0.0767,0.0461,0.4561,0.1951
5715,-117.705,34.135,0.1645,0.0505,0.0983,0.0443,0.2095,0.0696,0.2069,0.0919,0.3061,0.1199,0.0463,0.0274,0.0819,0.0503,0.5163,0.2327
5716,-117.695,34.135,0.164,0.0509,0.1031,0.0473,0.219,0.0731,0.214,0.0959,0.3048,0.1208,0.047,0.0286,0.0848,0.0528,0.5513,0.259
5717,-117.685,34.135,0.1596,0.0498,0.1021,0.0471,0.2231,0.0743,0.2159,0.0966,0.2968,0.1178,0.0465,0.0287,0.0856,0.0535,0.5636,0.2667
5718,-117.675,34.135,0.1549,0.0485,0.0999,0.0462,0.2232,0.0749,0.2152,0.0958,0.2883,0.1144,0.0463,0.0284,0.0853,0.0535,0.5728,0.2711
5719,-117.665,34.135,0.1504,0.0473,0.0975,0.0451,0.2222,0.0754,0.2138,0.0945,0.28,0.1111,0.0462,0.0281,0.0847,0.0532,0.5809,0.2744
5720,-117.655,34.135,0.146,0.0461,0.0954,0.0442,0.2198,0.0762,0.2119,0.0927,0.2723,0.108,0.0466,0.0278,0.0841,0.0529,0.5892,0.2776
5721,-118.945,34.145,0.0798,0.0317,0.0906,0.0455,0.2058,0.0946,0.472,0.2075,0.152,0.0588,0.0197,0.011,0.1594,0.0804,0.1888,0.0871
5722,-118.935,34.145,0.0812,0.0322,0.0874,0.0431,0.21,0.0966,0.4773,0.214,0.1556,0.0603,0.0206,0.0113,0.1603,0.0811,0.1885,0.0868
5723,-118.925,34.145,0.0833,0.033,0.0887,0.0436,0.2178,0.101,0.4887,0.2255,0.1606,0.0626,0.022,0.0123,0.1639,0.0839,0.19,0.0875
5724,-118.915,34.145,0.0876,0.0349,0.0909,0.0448,0.2254,0.1053,0.4999,0.2366,0.1692,0.0669,0.0234,0.0134,0.1672,0.0865,0.196,0.0914
5725,-118.905,34.145,0.0895,0.0356,0.0931,0.0459,0.2284,0.1064,0.5046,0.2413,0.1736,0.0688,0.0241,0.0143,0.167,0.0865,0.1961,0.0911
5726,-118.895,34.145,0.0853,0.0332,0.0952,0.047,0.2287,0.1055,0.5065,0.2421,0.1673,0.0648,0.0243,0.015,0.1648,0.0848,0.1933,0.0889
5727,-118.885,34.145,0.0908,0.0357,0.0972,0.0481,0.2263,0.1026,0.5058,0.2388,0.178,0.0699,0.0241,0.0155,0.1605,0.0816,0.1897,0.0861
5728,-118.875,34.145,0.0843,0.0322,0.0929,0.0451,0.2118,0.093,0.4799,0.2187,0.1676,0.0636,0.0224,0.0149,0.1478,0.0732,0.1851,0.0829
5729,-118.865,34.145,0.0824,0.0309,0.089,0.0423,0.1983,0.0841,0.4553,0.1998,0.1651,0.0616,0.0208,0.0143,0.1359,0.0653,0.1834,0.0815
5730,-118.855,34.145,0.0867,0.0328,0.0942,0.0452,0.2017,0.0854,0.4619,0.2035,0.1739,0.0655,0.0212,0.0153,0.1361,0.0655,0.1859,0.0829
5731,-118.845,34.145,0.0916,0.0349,0.1,0.0486,0.2159,0.0934,0.4866,0.2226,0.1835,0.07,0.023,0.0178,0.1437,0.0708,0.1934,0.0874
5732,-118.835,34.145,0.1032,0.0404,0.1065,0.0525,0.2409,0.1081,0.5294,0.2571,0.2049,0.081,0.0261,0.0216,0.1585,0.0812,0.2074,0.0965
5733,-118.825,34.145,0.1121,0.0447,0.1083,0.0534,0.2474,0.1113,0.5427,0.2661,0.2219,0.0899,0.0267,0.0231,0.1603,0.0825,0.2133,0.1002
5734,-118.815,34.145,0.1086,0.0426,0.1082,0.0531,0.2489,0.1113,0.5479,0.2679,0.2184,0.0868,0.0267,0.0238,0.1584,0.0813,0.2111,0.0983
5735,-118.805,34.145,0.1043,0.0401,0.1033,0.0498,0.2443,0.1075,0.5434,0.2598,0.2137,0.0831,0.0256,0.0231,0.152,0.0768,0.2047,0.0937
5736,-118.795,34.145,0.1018,0.0387,0.0991,0.0471,0.2469,0.1084,0.5519,0.2635,0.2115,0.0813,0.0255,0.0233,0.1501,0.0757,0.2021,0.092
5737,-118.785,34.145,0.1016,0.0384,0.0955,0.0448,0.2566,0.114,0.5732,0.2789,0.2138,0.0818,0.0263,0.0243,0.1529,0.0778,0.2026,0.0921
5738,-118.775,34.145,0.1058,0.0402,0.0986,0.0465,0.2532,0.1109,0.5745,0.2732,0.225,0.0868,0.0255,0.0233,0.1472,0.074,0.203,0.092
5739,-118.765,34.145,0.1063,0.04,0.1031,0.049,0.2494,0.1075,0.5754,0.2665,0.2287,0.0871,0.0246,0.0221,0.1412,0.0699,0.2037,0.0919
5740,-118.755,34.145,0.1113,0.0422,0.1079,0.0517,0.2564,0.1111,0.5937,0.2757,0.2377,0.0906,0.0253,0.0223,0.1421,0.0706,0.2054,0.0925
5741,-118.745,34.145,0.1205,0.0465,0.1117,0.0539,0.2704,0.1191,0.6242,0.2963,0.2532,0.0981,0.0271,0.0235,0.1473,0.0743,0.2131,0.0972
5742,-118.735,34.145,0.1259,0.0489,0.1147,0.0555,0.2914,0.1317,0.6666,0.3284,0.2637,0.1025,0.0298,0.0257,0.1568,0.0811,0.2182,0.1003
5743,-118.725,34.145,0.127,0.0489,0.1178,0.0573,0.2958,0.1334,0.6869,0.3366,0.2698,0.1041,0.0305,0.0256,0.1565,0.081,0.221,0.1017
5744,-118.715,34.145,0.1292,0.0496,0.1208,0.0589,0.2977,0.1335,0.7039,0.3408,0.2786,0.1074,0.031,0.0251,0.1547,0.08,0.2219,0.1019
5745,-118.705,34.145,0.1309,0.0499,0.1231,0.0602,0.3044,0.1368,0.727,0.3502,0.2867,0.1102,0.0322,0.0251,0.1559,0.081,0.2235,0.1025
5746,-118.695,34.145,0.1319,0.0499,0.1241,0.0605,0.3083,0.1382,0.7475,0.3553,0.2939,0.1124,0.0331,0.0247,0.1555,0.0809,0.2227,0.1015
5747,-118.685,34.145,0.1323,0.0496,0.1237,0.06,0.3096,0.1378,0.7654,0.356,0.3002,0.1138,0.0337,0.024,0.1537,0.0798,0.2221,0.1006
5748,-118.675,34.145,0.1343,0.0501,0.1251,0.0606,0.3129,0.1387,0.7886,0.36,0.3094,0.117,0.0346,0.0236,0.1532,0.0797,0.2224,0.1004
5749,-118.665,34.145,0.1365,0.0507,0.127,0.0616,0.3169,0.1401,0.8135,0.365,0.3194,0.1204,0.0356,0.0234,0.1531,0.0798,0.2231,0.1004
5750,-118.655,34.145,0.1392,0.0514,0.1303,0.0634,0.3217,0.1421,0.8415,0.3712,0.3303,0.1244,0.0366,0.0235,0.1536,0.0804,0.2257,0.1017
5751,-118.645,34.145,0.1425,0.0526,0.1346,0.0659,0.3326,0.1487,0.8756,0.3866,0.3431,0.1293,0.0382,0.0245,0.1571,0.0832,0.2301,0.1044
5752,-118.635,34.145,0.152,0.0568,0.14,0.0692,0.3496,0.16,0.9156,0.4112,0.3664,0.1414,0.0404,0.0264,0.1637,0.0883,0.2354,0.1076
5753,-118.625,34.145,0.158,0.0594,0.1385,0.0679,0.3536,0.162,0.946,0.4122,0.3837,0.1499,0.04,0.0265,0.1618,0.0872,0.2382,0.109
5754,-118.615,34.145,0.1535,0.0564,0.1365,0.0662,0.3548,0.1621,0.9742,0.4084,0.387,0.1468,0.039,0.0262,0.1581,0.0847,0.2349,0.106
5755,-118.605,34.145,0.1541,0.0561,0.1385,0.0672,0.3549,0.1614,1.0023,0.4045,0.3988,0.1499,0.0381,0.0261,0.1542,0.082,0.2337,0.1044
5756,-118.595,34.145,0.1572,0.0571,0.1409,0.0685,0.3598,0.1645,1.034,0.4097,0.4162,0.1566,0.0381,0.0268,0.1532,0.0815,0.2349,0.1046
5757,-118.585,34.145,0.1618,0.0589,0.1438,0.0701,0.3695,0.1713,1.0693,0.4241,0.4376,0.166,0.0391,0.0283,0.1552,0.0833,0.238,0.106
5758,-118.575,34.145,0.1626,0.0587,0.1437,0.0698,0.3696,0.1709,1.0975,0.4245,0.4544,0.1713,0.0387,0.0288,0.1531,0.0819,0.2366,0.1043
5759,-118.565,34.145,0.1658,0.0598,0.1433,0.0693,0.3671,0.1686,1.1223,0.4209,0.477,0.1805,0.0379,0.0289,0.1499,0.0798,0.2345,0.1021
5760,-118.555,34.145,0.1694,0.0611,0.1448,0.07,0.362,0.1652,1.1377,0.412,0.5016,0.1908,0.0365,0.0284,0.146,0.0774,0.232,0.0997
5761,-118.545,34.145,0.1674,0.0597,0.1374,0.0653,0.3523,0.1596,1.1326,0.3944,0.5179,0.1941,0.0345,0.0276,0.1406,0.074,0.2287,0.097
5762,-118.535,34.145,0.1542,0.0534,0.1211,0.0552,0.3381,0.152,1.1071,0.3682,0.5063,0.1817,0.0322,0.0265,0.1336,0.0699,0.2132,0.088
5763,-118.525,34.145,0.1379,0.0465,0.1217,0.0554,0.335,0.15,1.1063,0.3503,0.4744,0.1657,0.0314,0.0267,0.1314,0.0686,0.212,0.0875
5764,-118.515,34.145,0.1647,0.0576,0.127,0.0584,0.3348,0.1493,1.1147,0.3404,0.5798,0.2168,0.0309,0.0273,0.1304,0.0681,0.2216,0.0934
5765,-118.505,34.145,0.1816,0.0653,0.1381,0.0649,0.3379,0.1491,1.144,0.3612,0.6466,0.2574,0.0311,0.0283,0.1302,0.0679,0.2393,0.104
5766,-118.495,34.145,0.1858,0.0671,0.1443,0.0685,0.3521,0.1541,1.1875,0.4111,0.6845,0.2788,0.0323,0.0303,0.1339,0.0705,0.2581,0.1161
5767,-118.485,34.145,0.1888,0.0683,0.1455,0.0692,0.3773,0.1642,1.2453,0.4901,0.7213,0.299,0.0346,0.0334,0.1413,0.0757,0.2704,0.1244
5768,-118.475,34.145,0.1949,0.0711,0.146,0.0695,0.4164,0.174,1.2617,0.5718,0.7623,0.3253,0.0371,0.0368,0.1492,0.0818,0.2815,0.1324
5769,-118.465,34.145,0.2059,0.0767,0.1467,0.0699,0.454,0.1825,1.2643,0.6462,0.8048,0.3604,0.0392,0.0399,0.1559,0.0873,0.2925,0.1406
5770,-118.455,34.145,0.2121,0.0798,0.1486,0.0711,0.471,0.1854,1.2405,0.6821,0.8419,0.3869,0.0397,0.0412,0.1567,0.0882,0.302,0.1476
5771,-118.445,34.145,0.2216,0.0848,0.1507,0.0724,0.4801,0.189,1.2087,0.6952,0.8813,0.4222,0.0406,0.0429,0.1572,0.0889,0.313,0.1559
5772,-118.435,34.145,0.2267,0.0875,0.1529,0.0739,0.4815,0.1932,1.1688,0.6855,0.9178,0.4508,0.0417,0.0448,0.1575,0.0895,0.3234,0.1638
5773,-118.425,34.145,0.2349,0.0922,0.1549,0.0754,0.4833,0.1964,1.125,0.6414,0.9561,0.4882,0.0427,0.0467,0.1568,0.0893,0.3328,0.171
5774,-118.415,34.145,0.2386,0.0942,0.1562,0.0763,0.4849,0.1988,1.0831,0.5916,0.9946,0.5162,0.0436,0.0483,0.1554,0.0885,0.3409,0.1771
5775,-118.405,34.145,0.2407,0.0954,0.154,0.075,0.4849,0.1977,1.055,0.5483,1.0351,0.5403,0.0433,0.0483,0.1515,0.0858,0.3458,0.1802
5776,-118.395,34.145,0.2462,0.0987,0.1499,0.0726,0.4858,0.196,1.0168,0.5112,1.0753,0.5707,0.0429,0.0479,0.1469,0.0826,0.3484,0.1814
5777,-118.385,34.145,0.2441,0.0974,0.144,0.0689,0.4876,0.1938,0.9685,0.4802,1.1153,0.5769,0.0424,0.047,0.1417,0.0789,0.3476,0.1798
5778,-118.375,34.145,0.2436,0.0973,0.1393,0.0664,0.4957,0.1948,0.9247,0.459,1.152,0.5803,0.0428,0.0464,0.1376,0.0762,0.3426,0.1747
5779,-118.365,34.145,0.2501,0.1015,0.1349,0.0642,0.5056,0.1985,0.8838,0.4408,1.175,0.5884,0.0434,0.046,0.134,0.0738,0.3389,0.1708
5780,-118.355,34.145,0.2547,0.105,0.1312,0.0625,0.5185,0.2123,0.8522,0.4274,1.1818,0.579,0.0442,0.0456,0.1315,0.0722,0.336,0.1675
5781,-118.345,34.145,0.2649,0.1121,0.1277,0.0609,0.5328,0.2328,0.8243,0.4156,1.1853,0.5774,0.045,0.0455,0.1295,0.071,0.3329,0.1641
5782,-118.335,34.145,0.2721,0.1172,0.1244,0.0595,0.5485,0.2602,0.8,0.4053,1.1833,0.5624,0.0457,0.0455,0.128,0.0701,0.3286,0.1598
5783,-118.325,34.145,0.2762,0.1202,0.1203,0.0576,0.5473,0.2757,0.7572,0.3744,1.1716,0.5355,0.044,0.043,0.121,0.0652,0.3198,0.152
5784,-118.315,34.145,0.2685,0.1154,0.1164,0.0557,0.5308,0.2809,0.6971,0.3327,1.1329,0.485,0.0411,0.0392,0.111,0.0584,0.2922,0.1323
5785,-118.305,34.145,0.247,0.1039,0.1142,0.0549,0.4563,0.2472,0.5717,0.2587,1.0229,0.413,0.0344,0.0315,0.0913,0.0462,0.2706,0.1174
5786,-118.295,34.145,0.2571,0.1072,0.1135,0.055,0.4786,0.2934,0.5621,0.2565,1.0293,0.4119,0.0375,0.0344,0.0955,0.0495,0.2692,0.1162
5787,-118.285,34.145,0.3182,0.138,0.1144,0.0559,0.5979,0.4198,0.6684,0.326,1.1674,0.517,0.0504,0.048,0.1235,0.0685,0.3095,0.1413
5788,-118.275,34.145,0.3727,0.1689,0.1217,0.0613,0.6217,0.4699,0.6726,0.3274,1.2118,0.6177,0.0556,0.0523,0.1318,0.0747,0.3394,0.1636
5789,-118.265,34.145,0.3811,0.1666,0.1286,0.0662,0.6184,0.5172,0.6537,0.3127,1.2256,0.623,0.0587,0.0541,0.1352,0.0776,0.3535,0.1742
5790,-118.255,34.145,0.3896,0.1644,0.1271,0.065,0.5776,0.6273,0.6246,0.2879,1.2402,0.632,0.0597,0.0525,0.1345,0.0773,0.3558,0.1752
5791,-118.245,34.145,0.3986,0.1631,0.1225,0.0618,0.5565,0.5957,0.5844,0.2547,1.2487,0.6387,0.0581,0.048,0.129,0.0734,0.3558,0.1745
5792,-118.235,34.145,0.3981,0.1558,0.1146,0.0564,0.5551,0.4224,0.5331,0.2134,1.255,0.6232,0.0537,0.0406,0.1188,0.066,0.3294,0.1537
5793,-118.225,34.145,0.3603,0.1269,0.103,0.0484,0.5203,0.3373,0.4761,0.1772,1.2284,0.5289,0.0488,0.0335,0.1078,0.0584,0.3058,0.1368
5794,-118.215,34.145,0.3582,0.1211,0.0926,0.0412,0.4753,0.2719,0.4163,0.1428,1.2149,0.5062,0.0435,0.0269,0.0963,0.0508,0.2884,0.1257
5795,-118.205,34.145,0.352,0.116,0.0922,0.0403,0.4136,0.214,0.3484,0.1126,1.1649,0.4817,0.0371,0.0222,0.0828,0.0424,0.2785,0.1202
5796,-118.195,34.145,0.3357,0.1072,0.0867,0.0368,0.3804,0.178,0.3065,0.0935,1.0846,0.4384,0.0334,0.0199,0.0753,0.0378,0.2643,0.1122
5797,-118.185,34.145,0.3089,0.093,0.0761,0.0304,0.3758,0.1639,0.2904,0.0856,0.9852,0.3714,0.0323,0.0201,0.0737,0.037,0.2557,0.1072
5798,-118.175,34.145,0.3253,0.098,0.0791,0.0314,0.3989,0.1662,0.2992,0.0871,0.9973,0.378,0.0341,0.0225,0.0779,0.0397,0.2651,0.112
5799,-118.165,34.145,0.3676,0.114,0.0868,0.0348,0.4308,0.1745,0.3187,0.0931,1.065,0.4232,0.037,0.0258,0.0845,0.044,0.3003,0.1316
5800,-118.155,34.145,0.4739,0.1606,0.1032,0.0429,0.4781,0.1962,0.3658,0.1118,1.271,0.582,0.0429,0.0315,0.0971,0.0525,0.351,0.1642
5801,-118.145,34.145,0.4876,0.1647,0.1126,0.0472,0.4965,0.2033,0.3933,0.1221,1.2722,0.5904,0.0466,0.0347,0.104,0.0573,0.3693,0.176
5802,-118.135,34.145,0.4997,0.1682,0.115,0.0479,0.4861,0.1958,0.4012,0.124,1.2723,0.6019,0.048,0.0352,0.105,0.0583,0.3792,0.1827
5803,-118.125,34.145,0.5132,0.173,0.1178,0.0488,0.4678,0.1874,0.4058,0.1269,1.2924,0.6308,0.0485,0.0348,0.1059,0.0592,0.3889,0.1894
5804,-118.115,34.145,0.5139,0.17,0.1205,0.0498,0.4486,0.179,0.4092,0.1298,1.3142,0.636,0.0488,0.0343,0.1068,0.0601,0.3925,0.1906
5805,-118.105,34.145,0.5162,0.1687,0.1231,0.0507,0.4324,0.1705,0.4096,0.1319,1.338,0.6462,0.0489,0.0338,0.1073,0.0607,0.3965,0.1921
5806,-118.095,34.145,0.5189,0.1681,0.1266,0.0522,0.4208,0.1642,0.4114,0.1351,1.3625,0.6607,0.0493,0.0333,0.1088,0.0621,0.4026,0.1958
5807,-118.085,34.145,0.5239,0.1704,0.1311,0.0543,0.4138,0.1602,0.4145,0.1395,1.3928,0.6911,0.0499,0.0328,0.1111,0.0641,0.4085,0.1996
5808,-118.075,34.145,0.5097,0.1625,0.1307,0.0536,0.3966,0.1497,0.4011,0.1381,1.4286,0.6915,0.0476,0.0297,0.109,0.0627,0.4087,0.1986
5809,-118.065,34.145,0.4963,0.1575,0.1296,0.0526,0.3795,0.1393,0.3868,0.1366,1.4619,0.7019,0.045,0.0263,0.1067,0.0613,0.4085,0.1972
5810,-118.055,34.145,0.4802,0.1519,0.1301,0.0526,0.373,0.1359,0.3848,0.1399,1.4922,0.7108,0.0441,0.0241,0.1079,0.0625,0.4115,0.1987
5811,-118.045,34.145,0.4651,0.1474,0.1309,0.0527,0.3652,0.1314,0.3812,0.1404,1.4953,0.7134,0.0429,0.0219,0.108,0.0628,0.4155,0.2011
5812,-118.035,34.145,0.4517,0.1435,0.1319,0.0531,0.3558,0.1258,0.376,0.1383,1.495,0.7169,0.0414,0.0194,0.107,0.0622,0.4168,0.2011
5813,-118.025,34.145,0.4288,0.1336,0.1266,0.0503,0.3354,0.1154,0.3537,0.1278,1.4576,0.6706,0.04,0.02,0.1016,0.0584,0.402,0.1882
5814,-118.015,34.145,0.4137,0.1277,0.1218,0.0478,0.3153,0.1056,0.3306,0.117,1.4176,0.6365,0.0393,0.0217,0.0965,0.0547,0.3987,0.184
5815,-118.005,34.145,0.405,0.125,0.1256,0.0497,0.3086,0.1039,0.3201,0.1133,1.3797,0.6168,0.0414,0.0256,0.0963,0.0548,0.4015,0.1847
5816,-117.995,34.145,0.3945,0.1214,0.1269,0.0504,0.3003,0.1016,0.307,0.1075,1.3385,0.5921,0.0428,0.0274,0.0956,0.0545,0.4053,0.1863
5817,-117.985,34.145,0.3837,0.1176,0.1256,0.0499,0.2904,0.0986,0.2911,0.0996,1.2852,0.5628,0.0435,0.027,0.0944,0.0538,0.4027,0.1835
5818,-117.975,34.145,0.371,0.1129,0.1209,0.0477,0.2808,0.0959,0.2736,0.0907,1.2161,0.5246,0.0437,0.026,0.093,0.053,0.3966,0.1788
5819,-117.965,34.145,0.3596,0.1089,0.1161,0.0455,0.2714,0.0934,0.2557,0.0818,1.1396,0.4874,0.0437,0.025,0.0916,0.0521,0.3939,0.1769
5820,-117.955,34.145,0.3485,0.105,0.1146,0.0451,0.2629,0.0914,0.2379,0.0735,1.0633,0.4525,0.0427,0.0246,0.0901,0.0512,0.3969,0.1791
5821,-117.945,34.145,0.3393,0.1025,0.1145,0.0453,0.2589,0.0915,0.227,0.0685,0.9904,0.4247,0.0424,0.0248,0.0901,0.0515,0.3981,0.1804
5822,-117.935,34.145,0.3387,0.1035,0.1158,0.0462,0.2594,0.0934,0.223,0.0668,0.9432,0.4137,0.0428,0.0255,0.0917,0.0528,0.4141,0.1912
5823,-117.925,34.145,0.3307,0.1011,0.119,0.0481,0.2549,0.0929,0.2218,0.0674,0.8877,0.3907,0.0423,0.0256,0.0916,0.0529,0.4315,0.2032
5824,-117.915,34.145,0.3222,0.0987,0.1212,0.0495,0.2487,0.0915,0.2206,0.0682,0.8334,0.3683,0.0416,0.0256,0.0907,0.0524,0.442,0.2107
5825,-117.905,34.145,0.3075,0.0934,0.1159,0.0471,0.2392,0.0882,0.2166,0.067,0.7709,0.334,0.0407,0.0253,0.0884,0.051,0.432,0.2033
5826,-117.895,34.145,0.3005,0.0921,0.1145,0.0469,0.2329,0.0864,0.2152,0.0668,0.7212,0.3125,0.0406,0.0255,0.0873,0.0504,0.4294,0.2011
5827,-117.885,34.145,0.3004,0.0936,0.1169,0.0487,0.2299,0.0861,0.2163,0.0674,0.6895,0.3013,0.0412,0.0261,0.0873,0.0506,0.4334,0.2028
5828,-117.875,34.145,0.295,0.0925,0.1168,0.049,0.2306,0.0875,0.2183,0.0707,0.6545,0.2849,0.0426,0.0272,0.0889,0.052,0.4417,0.2071
5829,-117.865,34.145,0.2925,0.0925,0.1162,0.049,0.2324,0.0894,0.2214,0.0751,0.6298,0.2752,0.0443,0.0285,0.091,0.0538,0.4511,0.2121
5830,-117.855,34.145,0.2885,0.092,0.1162,0.0494,0.2361,0.0921,0.2284,0.0819,0.6053,0.2659,0.0467,0.0301,0.0941,0.0564,0.4641,0.2197
5831,-117.845,34.145,0.2795,0.089,0.1132,0.048,0.2221,0.0857,0.2181,0.0799,0.5759,0.2514,0.0452,0.0285,0.0895,0.0532,0.4612,0.2158
5832,-117.835,34.145,0.2385,0.0719,0.1072,0.045,0.1903,0.07,0.1906,0.0692,0.4952,0.2005,0.0396,0.0238,0.0771,0.0443,0.4511,0.2063
5833,-117.825,34.145,0.2315,0.0692,0.0995,0.041,0.1897,0.0692,0.1928,0.0719,0.4769,0.1895,0.0407,0.024,0.0775,0.0446,0.443,0.1975
5834,-117.815,34.145,0.2024,0.0581,0.0925,0.0375,0.1931,0.0703,0.1983,0.076,0.4167,0.1568,0.0425,0.0249,0.0795,0.0461,0.4359,0.1907
5835,-117.805,34.145,0.189,0.0536,0.0913,0.0371,0.1843,0.0657,0.1909,0.0735,0.3853,0.1422,0.0415,0.0237,0.0761,0.0438,0.4233,0.1812
5836,-117.795,34.145,0.1663,0.046,0.0874,0.0354,0.1713,0.0596,0.1786,0.0689,0.3363,0.1199,0.0395,0.0219,0.0709,0.0403,0.4057,0.1698
5837,-117.785,34.145,0.1491,0.0403,0.0809,0.0324,0.1541,0.052,0.1614,0.0621,0.299,0.1033,0.0364,0.0196,0.0639,0.0358,0.3907,0.1609
5838,-117.775,34.145,0.2067,0.0633,0.0864,0.0357,0.1529,0.0501,0.1596,0.0612,0.3968,0.1583,0.0363,0.0191,0.0627,0.0349,0.4318,0.1835
5839,-117.765,34.145,0.1709,0.0493,0.0937,0.0399,0.1573,0.0505,0.1633,0.063,0.3313,0.1218,0.0375,0.0194,0.0638,0.0355,0.4358,0.1837
5840,-117.755,34.145,0.1791,0.0531,0.0975,0.0424,0.1729,0.0563,0.178,0.0715,0.3415,0.129,0.0415,0.0218,0.0697,0.04,0.4308,0.179
5841,-117.745,34.145,0.1566,0.0454,0.0888,0.0381,0.1651,0.0525,0.1687,0.0674,0.2978,0.1092,0.0394,0.0204,0.0659,0.0376,0.4173,0.1702
5842,-117.735,34.145,0.1137,0.0302,0.0677,0.0271,0.134,0.0391,0.1354,0.0509,0.2184,0.0721,0.0313,0.0152,0.0525,0.0282,0.3637,0.1403
5843,-117.725,34.145,0.1031,0.0268,0.066,0.0263,0.1398,0.0406,0.1395,0.0534,0.198,0.0638,0.0318,0.0159,0.0541,0.0295,0.3682,0.1413
5844,-117.715,34.145,0.1142,0.031,0.0704,0.0289,0.154,0.0454,0.152,0.0602,0.218,0.0734,0.0342,0.0179,0.059,0.0332,0.4201,0.1692
5845,-117.705,34.145,0.1415,0.0414,0.085,0.0373,0.1726,0.0513,0.1679,0.0681,0.2667,0.0976,0.0371,0.0203,0.0653,0.0377,0.4867,0.2068
5846,-117.695,34.145,0.153,0.0467,0.0932,0.0422,0.195,0.0589,0.1875,0.0781,0.285,0.1095,0.041,0.0233,0.0731,0.0436,0.5114,0.2246
5847,-117.685,34.145,0.1573,0.0491,0.0948,0.0434,0.2213,0.0682,0.2107,0.0902,0.2913,0.1144,0.046,0.027,0.0824,0.0508,0.5486,0.2482
5848,-117.675,34.145,0.1553,0.049,0.0929,0.0426,0.2269,0.0711,0.2158,0.0925,0.2867,0.1132,0.0473,0.0279,0.0845,0.0525,0.5697,0.2608
5849,-117.665,34.145,0.1506,0.0476,0.0909,0.0418,0.2274,0.0726,0.2167,0.0925,0.2776,0.1095,0.0478,0.0282,0.0849,0.053,0.5827,0.2683
5850,-117.655,34.145,0.1463,0.0465,0.0921,0.0427,0.2241,0.0737,0.2151,0.091,0.2697,0.1062,0.0484,0.0283,0.0843,0.0528,0.5982,0.2785
5851,-118.945,34.155,0.0843,0.0341,0.0917,0.0465,0.2105,0.097,0.479,0.2151,0.1609,0.0638,0.0197,0.0104,0.163,0.0821,0.2004,0.0943
5852,-118.935,34.155,0.0794,0.0313,0.0834,0.0408,0.2166,0.1001,0.4882,0.2235,0.1542,0.0597,0.021,0.0109,0.1653,0.0838,0.2003,0.094
5853,-118.925,34.155,0.0794,0.0311,0.0854,0.0418,0.223,0.1036,0.4966,0.2325,0.1557,0.0602,0.0225,0.0118,0.1677,0.0858,0.1987,0.0928
5854,-118.915,34.155,0.0882,0.0353,0.0898,0.0443,0.2289,0.1069,0.5045,0.2411,0.1723,0.0689,0.0238,0.0129,0.1697,0.0875,0.2068,0.0981
5855,-118.905,34.155,0.0936,0.0378,0.0949,0.0473,0.2326,0.1084,0.5107,0.2463,0.1828,0.0742,0.0246,0.0141,0.1699,0.0877,0.207,0.0978
5856,-118.895,34.155,0.083,0.0322,0.0933,0.0461,0.2325,0.1072,0.5124,0.2465,0.165,0.064,0.0249,0.0149,0.1673,0.0859,0.201,0.0934
5857,-118.885,34.155,0.08,0.0304,0.085,0.0407,0.2286,0.1033,0.5095,0.2415,0.1607,0.0609,0.0245,0.0154,0.1619,0.0818,0.1911,0.0865
5858,-118.875,34.155,0.0766,0.0285,0.0837,0.0396,0.2138,0.0935,0.4837,0.2211,0.1551,0.0574,0.0228,0.0149,0.1489,0.0733,0.1859,0.083
5859,-118.865,34.155,0.08,0.0299,0.0853,0.0403,0.2011,0.0851,0.4611,0.2033,0.1621,0.0603,0.0213,0.0145,0.1375,0.0658,0.1867,0.0832
5860,-118.855,34.155,0.0873,0.0331,0.0939,0.0453,0.2098,0.0894,0.4775,0.2135,0.176,0.067,0.0224,0.0163,0.1413,0.0683,0.1942,0.0876
5861,-118.845,34.155,0.0986,0.0385,0.1017,0.0499,0.2294,0.1008,0.5113,0.2396,0.1967,0.0775,0.0249,0.0197,0.1525,0.0761,0.2078,0.0961
5862,-118.835,34.155,0.1088,0.0433,0.1089,0.0542,0.2601,0.1193,0.5623,0.2818,0.2151,0.0872,0.0288,0.0246,0.1712,0.0893,0.2242,0.1072
5863,-118.825,34.155,0.1129,0.0451,0.1082,0.0535,0.2651,0.1213,0.5758,0.2903,0.2239,0.0914,0.0293,0.0259,0.1718,0.0897,0.2272,0.109
5864,-118.815,34.155,0.1089,0.0427,0.1061,0.052,0.2643,0.1197,0.5804,0.2907,0.2197,0.0878,0.0289,0.0264,0.1681,0.0872,0.2249,0.1069
5865,-118.805,34.155,0.1089,0.0424,0.1055,0.0514,0.2607,0.1165,0.5798,0.2853,0.2225,0.0884,0.0279,0.0259,0.162,0.0829,0.2219,0.1044
5866,-118.795,34.155,0.1154,0.0454,0.1057,0.0514,0.2642,0.1179,0.5916,0.2914,0.2364,0.0956,0.0279,0.0262,0.1604,0.0819,0.2237,0.1054
5867,-118.785,34.155,0.117,0.046,0.1066,0.0519,0.2746,0.1239,0.6159,0.3091,0.2425,0.098,0.0288,0.0274,0.1633,0.0841,0.2253,0.1062
5868,-118.775,34.155,0.1199,0.0471,0.1066,0.0517,0.2725,0.1217,0.6207,0.3066,0.2508,0.1017,0.028,0.0265,0.158,0.0806,0.224,0.1049
5869,-118.765,34.155,0.1137,0.0437,0.1071,0.0518,0.2694,0.1188,0.6241,0.3021,0.2421,0.0951,0.0273,0.0254,0.1521,0.0767,0.2219,0.1031
5870,-118.755,34.155,0.1191,0.0461,0.1112,0.0541,0.274,0.1208,0.6394,0.3086,0.252,0.0996,0.0277,0.0253,0.1513,0.0762,0.2217,0.1026
5871,-118.745,34.155,0.1242,0.0484,0.1141,0.0558,0.2838,0.1262,0.6635,0.3236,0.2614,0.1034,0.0289,0.0259,0.1537,0.0781,0.2273,0.106
5872,-118.735,34.155,0.1292,0.0505,0.1159,0.0567,0.2988,0.1351,0.6961,0.3472,0.2715,0.1077,0.0308,0.0273,0.1593,0.0822,0.2285,0.1064
5873,-118.725,34.155,0.1264,0.0486,0.116,0.0565,0.3019,0.1359,0.7145,0.3533,0.2702,0.1049,0.0313,0.0269,0.1579,0.0814,0.2276,0.1053
5874,-118.715,34.155,0.1276,0.0487,0.116,0.0563,0.3033,0.1356,0.7311,0.357,0.2768,0.1069,0.0317,0.0263,0.1556,0.0799,0.2265,0.1041
5875,-118.705,34.155,0.1291,0.049,0.1175,0.057,0.3091,0.1383,0.7536,0.3657,0.2844,0.1094,0.0328,0.0262,0.1559,0.0804,0.2275,0.1043
5876,-118.695,34.155,0.1306,0.0493,0.1188,0.0575,0.3135,0.1399,0.7752,0.3724,0.2923,0.1121,0.0338,0.0259,0.1555,0.0803,0.2278,0.1041
5877,-118.685,34.155,0.1321,0.0495,0.1197,0.0579,0.3165,0.1405,0.7961,0.3769,0.3004,0.1147,0.0347,0.0255,0.1544,0.0797,0.2282,0.1039
5878,-118.675,34.155,0.1341,0.05,0.1212,0.0586,0.3203,0.1417,0.8203,0.3828,0.3096,0.1179,0.0359,0.0252,0.1541,0.0796,0.2289,0.104
5879,-118.665,34.155,0.1363,0.0506,0.1238,0.06,0.3246,0.1432,0.846,0.3895,0.3198,0.1215,0.0372,0.0251,0.1541,0.0799,0.23,0.1042
5880,-118.655,34.155,0.1424,0.0532,0.1315,0.0647,0.3306,0.1459,0.8754,0.3987,0.3366,0.1295,0.0387,0.0255,0.1551,0.0809,0.2349,0.1071
5881,-118.645,34.155,0.151,0.057,0.1398,0.07,0.3467,0.1563,0.9124,0.4236,0.3581,0.1406,0.0412,0.0273,0.1614,0.0858,0.2434,0.1127
5882,-118.635,34.155,0.166,0.0643,0.1486,0.0757,0.3727,0.1745,0.9571,0.4643,0.389,0.1594,0.0447,0.0306,0.173,0.0947,0.2532,0.1193
5883,-118.625,34.155,0.1701,0.0657,0.1421,0.071,0.3785,0.178,0.9866,0.4672,0.4039,0.1659,0.0441,0.0307,0.1714,0.0937,0.2587,0.1228
5884,-118.615,34.155,0.1589,0.0592,0.1346,0.0656,0.3799,0.1782,1.0131,0.4623,0.3962,0.1549,0.0427,0.0302,0.1671,0.0907,0.2541,0.1187
5885,-118.605,34.155,0.1655,0.062,0.1377,0.0673,0.3799,0.1776,1.0401,0.4576,0.4167,0.1652,0.0414,0.0297,0.1623,0.0874,0.2521,0.1165
5886,-118.595,34.155,0.1699,0.0637,0.143,0.0706,0.3833,0.1795,1.0707,0.4593,0.4347,0.1735,0.0409,0.03,0.1599,0.0859,0.2528,0.1163
5887,-118.585,34.155,0.1769,0.0666,0.1507,0.0754,0.39,0.1839,1.1051,0.4675,0.4586,0.1856,0.0412,0.0309,0.1598,0.086,0.2544,0.1165
5888,-118.575,34.155,0.1633,0.0589,0.147,0.0727,0.3928,0.186,1.1318,0.4708,0.4523,0.1722,0.0414,0.0318,0.159,0.0857,0.2495,0.1121
5889,-118.565,34.155,0.1694,0.0614,0.1427,0.0695,0.3954,0.1881,1.1567,0.4738,0.4778,0.1843,0.0414,0.0326,0.1584,0.0856,0.2507,0.1121
5890,-118.555,34.155,0.1732,0.0628,0.1465,0.0717,0.4006,0.1928,1.1803,0.4793,0.5002,0.1938,0.0412,0.0334,0.1598,0.087,0.2543,0.1138
5891,-118.545,34.155,0.179,0.0652,0.1468,0.0718,0.404,0.1961,1.2002,0.4784,0.527,0.2062,0.0406,0.0341,0.1606,0.0879,0.2571,0.1149
5892,-118.535,34.155,0.1852,0.068,0.1439,0.0699,0.4054,0.1981,1.2165,0.471,0.5549,0.2202,0.0395,0.0346,0.1607,0.0884,0.2564,0.1138
5893,-118.525,34.155,0.1962,0.0735,0.1474,0.072,0.4027,0.1967,1.2232,0.452,0.5919,0.2461,0.0382,0.0349,0.1591,0.0874,0.2613,0.1172
5894,-118.515,34.155,0.1979,0.0739,0.1512,0.0743,0.3989,0.1943,1.2281,0.4364,0.62,0.2616,0.037,0.0352,0.1569,0.086,0.2692,0.1228
5895,-118.505,34.155,0.1963,0.0726,0.1504,0.0734,0.3937,0.1909,1.2344,0.4484,0.6451,0.2723,0.0363,0.0355,0.1542,0.0843,0.2784,0.1295
5896,-118.495,34.155,0.204,0.0763,0.152,0.0742,0.3933,0.1894,1.2427,0.4785,0.6816,0.2994,0.0362,0.0361,0.1529,0.0836,0.2876,0.1365
5897,-118.485,34.155,0.2087,0.0784,0.1561,0.0768,0.3975,0.1896,1.2528,0.5267,0.7155,0.3229,0.0366,0.0371,0.153,0.0839,0.2967,0.1434
5898,-118.475,34.155,0.2168,0.0824,0.1586,0.0784,0.4366,0.1996,1.2514,0.6027,0.752,0.3525,0.0392,0.0407,0.161,0.0903,0.3086,0.1528
5899,-118.465,34.155,0.229,0.0887,0.1604,0.0796,0.478,0.2096,1.2444,0.6744,0.7878,0.3885,0.0419,0.0444,0.1688,0.0967,0.3222,0.1634
5900,-118.455,34.155,0.2333,0.0908,0.1606,0.0796,0.4955,0.2098,1.2221,0.6966,0.8153,0.4093,0.0422,0.0455,0.1677,0.0961,0.3305,0.1698
5901,-118.445,34.155,0.2379,0.0931,0.161,0.0798,0.5057,0.2115,1.1907,0.6997,0.8429,0.4313,0.043,0.0469,0.1668,0.0957,0.3385,0.1759
5902,-118.435,34.155,0.2426,0.0956,0.1616,0.0802,0.5085,0.2147,1.1503,0.6837,0.8713,0.4552,0.0442,0.0487,0.166,0.0954,0.3467,0.1823
5903,-118.425,34.155,0.2485,0.0989,0.1622,0.0807,0.5138,0.2189,1.1082,0.6487,0.9006,0.4824,0.0457,0.0507,0.1654,0.0953,0.3549,0.1886
5904,-118.415,34.155,0.2522,0.1009,0.162,0.0806,0.5191,0.2225,1.068,0.6096,0.9316,0.5058,0.0469,0.0523,0.1642,0.0947,0.3618,0.1939
5905,-118.405,34.155,0.2522,0.1007,0.1579,0.0778,0.5218,0.222,1.0389,0.5698,0.965,0.5211,0.0468,0.0519,0.1601,0.0918,0.3646,0.1952
5906,-118.395,34.155,0.2532,0.1011,0.1536,0.075,0.5261,0.2218,1.0112,0.5358,0.9988,0.5366,0.0465,0.051,0.1558,0.0887,0.3664,0.1956
5907,-118.385,34.155,0.255,0.102,0.1492,0.0722,0.532,0.2218,0.9847,0.5076,1.0322,0.5506,0.0461,0.0496,0.1514,0.0856,0.3665,0.1946
5908,-118.375,34.155,0.258,0.1038,0.145,0.0699,0.5426,0.225,0.957,0.4862,1.061,0.5609,0.0467,0.0485,0.1477,0.0832,0.3643,0.1916
5909,-118.365,34.155,0.2638,0.1076,0.141,0.0678,0.5545,0.2306,0.9286,0.4665,1.0779,0.565,0.0476,0.0476,0.1444,0.081,0.3623,0.1888
5910,-118.355,34.155,0.271,0.1124,0.138,0.0666,0.5677,0.2448,0.8978,0.4488,1.0838,0.5613,0.0486,0.0471,0.1419,0.0793,0.3599,0.1857
5911,-118.345,34.155,0.2806,0.1188,0.1354,0.0655,0.5813,0.2648,0.8663,0.4315,1.0854,0.5568,0.0497,0.0471,0.1397,0.0779,0.3567,0.1821
5912,-118.335,34.155,0.29,0.125,0.133,0.0645,0.5951,0.2906,0.8342,0.4143,1.0851,0.5481,0.0506,0.0475,0.1379,0.0768,0.3523,0.1773
5913,-118.325,34.155,0.3,0.1312,0.1302,0.0633,0.5902,0.3024,0.7844,0.3767,1.0836,0.5377,0.0489,0.0453,0.1304,0.0717,0.3437,0.1693
5914,-118.315,34.155,0.2907,0.1248,0.1275,0.0621,0.5698,0.3036,0.7187,0.329,1.0432,0.4837,0.0459,0.0419,0.1199,0.0646,0.3092,0.1445
5915,-118.305,34.155,0.2672,0.1115,0.1248,0.0609,0.4927,0.2665,0.5925,0.253,0.933,0.408,0.0393,0.0344,0.1002,0.0522,0.2823,0.1258
5916,-118.295,34.155,0.278,0.1156,0.1234,0.0605,0.5102,0.3074,0.5797,0.2473,0.9398,0.409,0.042,0.037,0.1032,0.0547,0.2798,0.1239
5917,-118.285,34.155,0.3366,0.1457,0.1233,0.0609,0.6225,0.4263,0.6802,0.3119,1.0678,0.5058,0.0541,0.0495,0.1289,0.0721,0.3218,0.1494
5918,-118.275,34.155,0.3627,0.157,0.1236,0.0614,0.6397,0.4672,0.6791,0.3081,1.107,0.5394,0.0583,0.0522,0.1342,0.076,0.3431,0.1647
5919,-118.265,34.155,0.3699,0.1556,0.1237,0.0616,0.6278,0.5031,0.6531,0.2876,1.12,0.5385,0.0601,0.0522,0.134,0.0762,0.3479,0.1678
5920,-118.255,34.155,0.3778,0.1545,0.1216,0.0601,0.5683,0.5919,0.6069,0.2533,1.1331,0.5426,0.0583,0.048,0.1274,0.0718,0.3413,0.1623
5921,-118.245,34.155,0.3855,0.1535,0.109,0.0523,0.5498,0.5641,0.5696,0.224,1.1419,0.5489,0.0566,0.0438,0.1223,0.0682,0.3323,0.1557
5922,-118.235,34.155,0.3237,0.1152,0.086,0.0383,0.5721,0.4195,0.5412,0.1997,1.0381,0.4313,0.0552,0.0396,0.1185,0.0654,0.2997,0.1321
5923,-118.225,34.155,0.2696,0.085,0.0746,0.0315,0.5059,0.3136,0.4569,0.1556,0.9122,0.3293,0.0467,0.0305,0.101,0.0537,0.2672,0.1118
5924,-118.215,34.155,0.2677,0.0822,0.0671,0.027,0.4261,0.2235,0.3669,0.1114,0.8858,0.3203,0.0375,0.0214,0.082,0.0412,0.2421,0.0978
5925,-118.205,34.155,0.2578,0.0765,0.0665,0.0265,0.3685,0.1723,0.3044,0.0863,0.8345,0.2974,0.0315,0.0169,0.0698,0.0337,0.2306,0.0919
5926,-118.195,34.155,0.2435,0.0694,0.0651,0.0254,0.3376,0.141,0.2662,0.071,0.768,0.2669,0.0279,0.0147,0.063,0.0297,0.2189,0.0863
5927,-118.185,34.155,0.2502,0.0707,0.0627,0.0237,0.3332,0.1295,0.2523,0.0658,0.7627,0.2675,0.0268,0.0148,0.0618,0.029,0.2196,0.0867
5928,-118.175,34.155,0.2562,0.072,0.0805,0.0324,0.3925,0.1536,0.291,0.0801,0.7522,0.2649,0.0321,0.0198,0.0741,0.0371,0.2466,0.1013
5929,-118.165,34.155,0.4017,0.1306,0.0994,0.0415,0.4588,0.1822,0.3387,0.098,1.0785,0.462,0.0385,0.0257,0.0883,0.0464,0.3052,0.1337
5930,-118.155,34.155,0.4454,0.1475,0.1032,0.043,0.4959,0.1976,0.3784,0.1133,1.1529,0.5133,0.0431,0.0304,0.0983,0.053,0.3524,0.1634
5931,-118.145,34.155,0.4581,0.1508,0.1063,0.044,0.5087,0.2019,0.4018,0.1219,1.1534,0.5168,0.046,0.0329,0.1037,0.0567,0.3688,0.1735
5932,-118.135,34.155,0.4702,0.154,0.1087,0.0448,0.4973,0.1951,0.4089,0.124,1.1544,0.5222,0.0471,0.0332,0.1046,0.0576,0.377,0.1786
5933,-118.125,34.155,0.4814,0.1568,0.1116,0.0459,0.4813,0.1882,0.4159,0.1266,1.1726,0.5381,0.0475,0.0328,0.1057,0.0587,0.3853,0.1837
5934,-118.115,34.155,0.4884,0.1572,0.1146,0.0471,0.4646,0.1812,0.4224,0.1291,1.1959,0.5525,0.0478,0.0323,0.1068,0.0598,0.3912,0.1868
5935,-118.105,34.155,0.4949,0.1574,0.1179,0.0485,0.4496,0.1737,0.4275,0.1303,1.2223,0.5693,0.048,0.032,0.1078,0.0607,0.398,0.1907
5936,-118.095,34.155,0.5016,0.1579,0.1228,0.0508,0.4394,0.1685,0.4353,0.1329,1.2545,0.5915,0.0486,0.0316,0.1098,0.0625,0.407,0.1968
5937,-118.085,34.155,0.5154,0.1643,0.1293,0.0541,0.4339,0.1655,0.446,0.1368,1.2919,0.6385,0.0494,0.0314,0.113,0.0651,0.4149,0.2024
5938,-118.075,34.155,0.4951,0.1531,0.1274,0.0526,0.4128,0.1526,0.4286,0.1341,1.3322,0.6324,0.0466,0.0281,0.1099,0.063,0.4133,0.1998
5939,-118.065,34.155,0.4788,0.148,0.1242,0.0505,0.3898,0.1385,0.4065,0.1305,1.3686,0.644,0.0432,0.0243,0.1058,0.0602,0.4095,0.1954
5940,-118.055,34.155,0.4598,0.1425,0.1237,0.0499,0.3728,0.1285,0.3898,0.1294,1.4039,0.6543,0.0405,0.0212,0.1032,0.0585,0.4074,0.1926
5941,-118.045,34.155,0.4403,0.1364,0.124,0.0499,0.3599,0.1211,0.3777,0.1293,1.4397,0.6658,0.0385,0.0185,0.1017,0.0576,0.4074,0.1917
5942,-118.035,34.155,0.4283,0.134,0.1253,0.0504,0.3512,0.1161,0.3701,0.1302,1.4828,0.6962,0.0372,0.0164,0.1014,0.0576,0.4089,0.1923
5943,-118.025,34.155,0.3923,0.1182,0.1092,0.0423,0.3355,0.1085,0.3528,0.1243,1.4697,0.6404,0.0366,0.0174,0.0981,0.0554,0.3906,0.1775
5944,-118.015,34.155,0.3372,0.0975,0.096,0.0357,0.319,0.1011,0.3339,0.1172,1.3341,0.5407,0.0364,0.0194,0.0946,0.053,0.3868,0.1736
5945,-118.005,34.155,0.3803,0.116,0.1141,0.0445,0.3058,0.0974,0.3178,0.1116,1.4601,0.6436,0.0377,0.0228,0.0926,0.0518,0.3909,0.1757
5946,-117.995,34.155,0.3743,0.1146,0.122,0.0484,0.2877,0.0919,0.2954,0.1025,1.4112,0.6236,0.038,0.0238,0.089,0.0496,0.3955,0.1783
5947,-117.985,34.155,0.3617,0.1098,0.1197,0.0474,0.2647,0.0846,0.2669,0.0899,1.3342,0.5788,0.0371,0.0226,0.0839,0.0464,0.381,0.1688
5948,-117.975,34.155,0.3005,0.0859,0.1062,0.0409,0.253,0.0814,0.2478,0.0807,1.1059,0.4342,0.0371,0.0218,0.0819,0.0451,0.3646,0.1581
5949,-117.965,34.155,0.2926,0.0834,0.0924,0.0344,0.2435,0.079,0.2304,0.0722,1.0281,0.4019,0.0371,0.021,0.0803,0.0442,0.3548,0.1515
5950,-117.955,34.155,0.2774,0.0783,0.0882,0.0326,0.233,0.076,0.2118,0.0636,0.931,0.3597,0.036,0.0203,0.078,0.0427,0.3533,0.1504
5951,-117.945,34.155,0.2535,0.0702,0.0872,0.0323,0.2289,0.076,0.2014,0.0588,0.8137,0.3076,0.036,0.0205,0.078,0.0429,0.3478,0.1471
5952,-117.935,34.155,0.2651,0.0753,0.0895,0.0336,0.2313,0.079,0.1992,0.0577,0.8017,0.3143,0.037,0.0215,0.0804,0.0448,0.3682,0.1598
5953,-117.925,34.155,0.285,0.0832,0.1018,0.0398,0.2277,0.0788,0.1986,0.0584,0.8188,0.3324,0.0369,0.0217,0.0804,0.0449,0.3913,0.1744
5954,-117.915,34.155,0.295,0.0882,0.1104,0.0444,0.2238,0.0782,0.199,0.0595,0.8035,0.3369,0.0368,0.0219,0.0801,0.0449,0.4041,0.1822
5955,-117.905,34.155,0.2461,0.0698,0.0914,0.0353,0.2236,0.0785,0.2029,0.0613,0.6576,0.2554,0.0373,0.0224,0.081,0.0454,0.3867,0.1691
5956,-117.895,34.155,0.2195,0.0608,0.0818,0.0309,0.2167,0.0763,0.2002,0.0608,0.5649,0.2121,0.0369,0.0223,0.0794,0.0444,0.3752,0.1609
5957,-117.885,34.155,0.2162,0.0605,0.0817,0.0311,0.2031,0.0715,0.1908,0.058,0.5339,0.2007,0.0355,0.0214,0.0754,0.0419,0.373,0.1585
5958,-117.875,34.155,0.2116,0.0594,0.0811,0.0311,0.2021,0.0721,0.1919,0.0605,0.5039,0.1888,0.0365,0.0221,0.0762,0.0427,0.3788,0.1612
5959,-117.865,34.155,0.2133,0.061,0.0813,0.0314,0.2042,0.0741,0.1957,0.0643,0.4894,0.1866,0.0381,0.0233,0.0782,0.0444,0.3904,0.1672
5960,-117.855,34.155,0.2203,0.0645,0.085,0.0334,0.2085,0.0772,0.2019,0.0699,0.4893,0.1909,0.0404,0.0248,0.0813,0.047,0.4087,0.1778
5961,-117.845,34.155,0.216,0.0634,0.0854,0.0337,0.1981,0.0723,0.1938,0.068,0.4691,0.1828,0.0393,0.0237,0.0779,0.0446,0.4087,0.1761
5962,-117.835,34.155,0.1844,0.0511,0.0824,0.0324,0.1731,0.0594,0.1714,0.0587,0.4011,0.145,0.0348,0.0198,0.0679,0.0372,0.4022,0.1701
5963,-117.825,34.155,0.1944,0.0558,0.0838,0.0332,0.1709,0.0584,0.1713,0.0603,0.411,0.1543,0.0354,0.0199,0.0677,0.0373,0.4014,0.1685
5964,-117.815,34.155,0.1906,0.0542,0.0858,0.0344,0.1727,0.0593,0.1749,0.0635,0.3997,0.1472,0.0369,0.0206,0.0692,0.0385,0.4079,0.1712
5965,-117.805,34.155,0.1854,0.0528,0.0863,0.0349,0.1707,0.0577,0.174,0.0639,0.3831,0.1407,0.0373,0.0204,0.0685,0.0381,0.3996,0.1647
5966,-117.795,34.155,0.1502,0.0407,0.0812,0.0326,0.1577,0.0518,0.1615,0.0588,0.3084,0.1069,0.035,0.0186,0.0633,0.0346,0.376,0.1506
5967,-117.785,34.155,0.1287,0.0337,0.0704,0.0275,0.1338,0.0414,0.1372,0.0485,0.2617,0.0867,0.0301,0.0151,0.0535,0.0281,0.3472,0.1349
5968,-117.775,34.155,0.1566,0.0445,0.0699,0.0275,0.1407,0.0435,0.1443,0.0523,0.3094,0.1121,0.0321,0.0162,0.0561,0.03,0.3867,0.1549
5969,-117.765,34.155,0.1342,0.0363,0.0719,0.0288,0.1548,0.0485,0.1585,0.0596,0.2653,0.0903,0.0358,0.0183,0.0616,0.0339,0.4008,0.1616
5970,-117.755,34.155,0.1439,0.0404,0.076,0.0312,0.173,0.0553,0.1761,0.0694,0.2795,0.0988,0.0404,0.0211,0.0686,0.0392,0.4151,0.1688
5971,-117.745,34.155,0.147,0.0419,0.0751,0.0309,0.1673,0.0522,0.1691,0.0663,0.2829,0.1011,0.0388,0.02,0.0658,0.0373,0.4244,0.1734
5972,-117.735,34.155,0.1226,0.0334,0.0694,0.0281,0.1377,0.0392,0.1374,0.0505,0.2365,0.08,0.0311,0.0151,0.053,0.0284,0.38,0.1472
5973,-117.725,34.155,0.1031,0.027,0.0679,0.0275,0.133,0.0363,0.131,0.0473,0.1985,0.0642,0.0293,0.0141,0.0503,0.0266,0.3697,0.1408
5974,-117.715,34.155,0.1181,0.0327,0.0672,0.0274,0.1357,0.0362,0.1318,0.0478,0.225,0.0771,0.0292,0.0142,0.0505,0.0268,0.4017,0.1567
5975,-117.705,34.155,0.1352,0.0395,0.0665,0.0275,0.1494,0.0397,0.1431,0.0529,0.2546,0.0925,0.0313,0.0157,0.0547,0.0298,0.4461,0.1791
5976,-117.695,34.155,0.1115,0.0313,0.0694,0.0293,0.1723,0.0467,0.1628,0.0627,0.2107,0.0729,0.0355,0.0188,0.0625,0.0356,0.4459,0.1779
5977,-117.685,34.155,0.1277,0.0376,0.0758,0.0328,0.2042,0.0573,0.1911,0.0771,0.2393,0.087,0.0419,0.0232,0.0737,0.044,0.5038,0.2122
5978,-117.675,34.155,0.1507,0.0472,0.0738,0.032,0.2058,0.0592,0.1932,0.0782,0.2778,0.1079,0.0426,0.0238,0.0746,0.045,0.5309,0.2283
5979,-117.665,34.155,0.1266,0.0383,0.0725,0.0316,0.2014,0.0595,0.1903,0.0767,0.2351,0.0874,0.0423,0.0237,0.0736,0.0445,0.5428,0.2361
5980,-117.655,34.155,0.1431,0.0453,0.0834,0.038,0.1976,0.0605,0.189,0.0754,0.2633,0.1025,0.0428,0.0239,0.0731,0.0443,0.5621,0.2497
5981,-118.945,34.165,0.08,0.032,0.0912,0.0464,0.1989,0.0891,0.4552,0.2007,0.1544,0.0604,0.0179,0.0085,0.154,0.0753,0.2044,0.0963
5982,-118.935,34.165,0.0762,0.0298,0.0822,0.0403,0.2045,0.0918,0.4644,0.2074,0.1503,0.0578,0.0194,0.0089,0.1559,0.0765,0.2018,0.0945
5983,-118.925,34.165,0.0721,0.0275,0.0852,0.0419,0.2025,0.09,0.4585,0.2043,0.1447,0.0547,0.02,0.0093,0.152,0.0742,0.1942,0.0892
5984,-118.915,34.165,0.0742,0.0283,0.0903,0.0449,0.2003,0.0881,0.4524,0.201,0.1497,0.057,0.0204,0.0098,0.1479,0.0717,0.197,0.0907
5985,-118.905,34.165,0.077,0.0295,0.094,0.047,0.2044,0.0897,0.4603,0.206,0.1556,0.0597,0.0213,0.011,0.1486,0.0722,0.1999,0.0923
5986,-118.895,34.165,0.0803,0.0308,0.0925,0.0458,0.2119,0.0933,0.4757,0.2164,0.1625,0.0626,0.0224,0.0125,0.1517,0.0743,0.2007,0.0925
5987,-118.885,34.165,0.0831,0.0319,0.0857,0.0413,0.2227,0.0989,0.4987,0.232,0.1682,0.065,0.0239,0.0145,0.1572,0.0779,0.1983,0.0905
5988,-118.875,34.165,0.078,0.0292,0.0854,0.0408,0.2137,0.0928,0.4838,0.22,0.1593,0.0597,0.0229,0.0147,0.1484,0.0723,0.1935,0.0872
5989,-118.865,34.165,0.079,0.0295,0.0876,0.042,0.2055,0.0871,0.4701,0.2088,0.1615,0.0603,0.0221,0.015,0.1402,0.067,0.1949,0.0878
5990,-118.855,34.165,0.0859,0.0325,0.096,0.0469,0.2215,0.0957,0.5002,0.2284,0.1746,0.0664,0.0241,0.0179,0.1489,0.0727,0.2041,0.0934
5991,-118.845,34.165,0.0989,0.0386,0.1023,0.0506,0.2414,0.1072,0.5341,0.2544,0.1981,0.0785,0.0267,0.0214,0.1603,0.0806,0.2194,0.1033
5992,-118.835,34.165,0.1096,0.0437,0.1063,0.0528,0.2653,0.1217,0.5719,0.2868,0.2169,0.0885,0.0299,0.0258,0.1742,0.0906,0.2314,0.1113
5993,-118.825,34.165,0.113,0.0452,0.1057,0.0522,0.2646,0.12,0.5801,0.2894,0.2246,0.0921,0.0295,0.0264,0.1708,0.0882,0.2313,0.1109
5994,-118.815,34.165,0.1065,0.0415,0.1045,0.0513,0.2604,0.1161,0.5841,0.2878,0.2162,0.086,0.0285,0.0262,0.1647,0.084,0.2284,0.1084
5995,-118.805,34.165,0.1081,0.042,0.1048,0.0513,0.2636,0.1173,0.597,0.2949,0.2215,0.088,0.0285,0.0268,0.163,0.0829,0.2269,0.1069
5996,-118.795,34.165,0.1118,0.0437,0.1067,0.0523,0.2686,0.1197,0.6131,0.3046,0.2306,0.0923,0.0287,0.0274,0.1624,0.0826,0.2314,0.1098
5997,-118.785,34.165,0.1139,0.0444,0.11,0.0543,0.2755,0.1233,0.6324,0.3168,0.2369,0.0949,0.0291,0.0281,0.1628,0.0831,0.2329,0.1105
5998,-118.775,34.165,0.1156,0.0449,0.1091,0.0536,0.2822,0.1268,0.6514,0.3282,0.2425,0.0969,0.0297,0.0286,0.163,0.0834,0.2341,0.111
5999,-118.765,34.165,0.1207,0.0472,0.1079,0.0526,0.2882,0.1298,0.6693,0.338,0.2534,0.1021,0.0301,0.0289,0.1626,0.0833,0.2358,0.1118
6000,-118.755,34.165,0.125,0.0491,0.1099,0.0537,0.2902,0.13,0.6818,0.3409,0.2623,0.106,0.0301,0.0284,0.1599,0.0815,0.2384,0.1132
6001,-118.745,34.165,0.125,0.0487,0.1115,0.0545,0.2943,0.1316,0.6981,0.3469,0.264,0.1053,0.0304,0.0281,0.1585,0.0807,0.2362,0.1112
6002,-118.735,34.165,0.1254,0.0485,0.1127,0.055,0.3005,0.1346,0.7179,0.356,0.2669,0.1053,0.0311,0.0281,0.1585,0.0809,0.234,0.1092
6003,-118.725,34.165,0.1251,0.048,0.1124,0.0547,0.3049,0.1363,0.738,0.3641,0.2696,0.1051,0.0317,0.0278,0.1575,0.0804,0.2324,0.1076
6004,-118.715,34.165,0.1266,0.0482,0.1122,0.0543,0.3092,0.1379,0.7583,0.372,0.2761,0.1072,0.0324,0.0275,0.1565,0.0799,0.2319,0.1068
6005,-118.705,34.165,0.1281,0.0485,0.1134,0.0548,0.3143,0.14,0.7796,0.3794,0.2833,0.1095,0.0333,0.0273,0.156,0.0798,0.2324,0.1068
6006,-118.695,34.165,0.1297,0.0489,0.1146,0.0553,0.3192,0.142,0.802,0.3872,0.2912,0.1122,0.0344,0.0271,0.1556,0.0797,0.2332,0.1069
6007,-118.685,34.165,0.1315,0.0493,0.1159,0.0559,0.3239,0.1437,0.8255,0.3954,0.2998,0.1152,0.0356,0.0269,0.1551,0.0795,0.2342,0.1071
6008,-118.675,34.165,0.1336,0.0498,0.1174,0.0566,0.3284,0.1452,0.8509,0.4034,0.3091,0.1185,0.0371,0.0268,0.1549,0.0796,0.2355,0.1075
6009,-118.665,34.165,0.1359,0.0505,0.1198,0.0579,0.3334,0.147,0.8775,0.4121,0.3193,0.1223,0.0388,0.0268,0.155,0.0799,0.2369,0.1081
6010,-118.655,34.165,0.1406,0.0523,0.1267,0.0621,0.3409,0.1507,0.9085,0.4245,0.3339,0.1289,0.041,0.0274,0.1568,0.0814,0.2435,0.1122
6011,-118.645,34.165,0.1459,0.0544,0.1364,0.0683,0.3615,0.1647,0.9465,0.4584,0.35,0.1363,0.0443,0.03,0.1655,0.0882,0.2553,0.1203
6012,-118.635,34.165,0.169,0.0659,0.149,0.0765,0.3951,0.1891,0.9915,0.5138,0.3936,0.1647,0.0487,0.0347,0.1811,0.1003,0.2691,0.1301
6013,-118.625,34.165,0.1757,0.0688,0.1456,0.0739,0.4054,0.196,1.0224,0.523,0.4122,0.1744,0.0483,0.0353,0.1815,0.1008,0.2768,0.1354
6014,-118.615,34.165,0.1738,0.067,0.1405,0.0702,0.4107,0.1993,1.0509,0.5231,0.4185,0.1742,0.047,0.035,0.1786,0.0989,0.2768,0.1346
6015,-118.605,34.165,0.178,0.0685,0.1434,0.0718,0.415,0.2019,1.0814,0.5254,0.4348,0.1817,0.046,0.0349,0.1754,0.0967,0.2774,0.1343
6016,-118.595,34.165,0.184,0.071,0.1451,0.0726,0.415,0.2011,1.1117,0.5215,0.454,0.1919,0.0447,0.0343,0.1706,0.0933,0.2769,0.1331
6017,-118.585,34.165,0.1768,0.0665,0.1455,0.0726,0.4109,0.1968,1.1418,0.5116,0.456,0.1861,0.0431,0.0334,0.1641,0.0887,0.2713,0.1277
6018,-118.575,34.165,0.1675,0.0609,0.1456,0.0723,0.4216,0.2057,1.1674,0.5274,0.4551,0.1777,0.0445,0.0355,0.1673,0.0913,0.2658,0.1227
6019,-118.565,34.165,0.186,0.0699,0.1463,0.0725,0.4345,0.2167,1.1907,0.5469,0.4967,0.2055,0.0462,0.0379,0.1721,0.0953,0.2714,0.1259
6020,-118.555,34.165,0.1939,0.0734,0.1509,0.0754,0.4433,0.2254,1.2064,0.5582,0.522,0.2203,0.0467,0.0393,0.1757,0.0985,0.2803,0.1315
6021,-118.545,34.165,0.2016,0.077,0.1539,0.0771,0.4493,0.2323,1.2195,0.5621,0.5471,0.2348,0.0463,0.0406,0.1783,0.1009,0.286,0.1348
6022,-118.535,34.165,0.2081,0.0801,0.1553,0.0778,0.4527,0.2371,1.2301,0.5587,0.5718,0.2494,0.0449,0.0418,0.18,0.1026,0.2912,0.1379
6023,-118.525,34.165,0.2127,0.0821,0.1577,0.0792,0.4475,0.2346,1.2405,0.5452,0.5981,0.266,0.0427,0.0415,0.1777,0.1011,0.2984,0.1434
6024,-118.515,34.165,0.214,0.0823,0.1594,0.0802,0.4406,0.2308,1.2494,0.5336,0.6229,0.2809,0.0405,0.0411,0.1747,0.099,0.3048,0.1485
6025,-118.505,34.165,0.215,0.0823,0.1568,0.0782,0.4339,0.2281,1.2503,0.5407,0.6481,0.296,0.0394,0.041,0.1725,0.0976,0.31,0.1527
6026,-118.495,34.165,0.2197,0.0844,0.157,0.0781,0.43,0.2269,1.2492,0.5616,0.6776,0.3184,0.039,0.0411,0.1713,0.097,0.3196,0.1607
6027,-118.485,34.165,0.2238,0.0861,0.1602,0.0801,0.4288,0.2272,1.2461,0.5961,0.7064,0.3408,0.0392,0.0414,0.1711,0.0972,0.3294,0.169
6028,-118.475,34.165,0.2321,0.0903,0.1625,0.0816,0.4551,0.2335,1.2271,0.6466,0.7356,0.3692,0.0411,0.0439,0.176,0.1015,0.3399,0.1779
6029,-118.465,34.165,0.2404,0.0947,0.1641,0.0826,0.484,0.2388,1.2055,0.6911,0.7607,0.3956,0.0429,0.0464,0.1801,0.1051,0.3493,0.1859
6030,-118.455,34.165,0.2391,0.0933,0.1627,0.0815,0.4985,0.2323,1.1864,0.6905,0.7819,0.4041,0.0428,0.0468,0.1752,0.1015,0.3526,0.1879
6031,-118.445,34.165,0.2396,0.0931,0.1615,0.0806,0.5094,0.2291,1.1557,0.678,0.8043,0.4156,0.0433,0.0477,0.1714,0.0987,0.356,0.1899
6032,-118.435,34.165,0.2415,0.0938,0.1606,0.0799,0.5166,0.229,1.1135,0.6535,0.8278,0.43,0.0444,0.0491,0.1684,0.0967,0.3604,0.1928
6033,-118.425,34.165,0.245,0.0956,0.1599,0.0794,0.5251,0.2319,1.0696,0.6199,0.8528,0.448,0.046,0.0506,0.1666,0.0956,0.3654,0.1963
6034,-118.415,34.165,0.2484,0.0972,0.1586,0.0786,0.5335,0.235,1.0282,0.5848,0.879,0.4657,0.0474,0.0519,0.1646,0.0944,0.3702,0.1996
6035,-118.405,34.165,0.25,0.0978,0.1548,0.076,0.5404,0.2364,1.0009,0.5515,0.9058,0.4793,0.0479,0.0514,0.1611,0.0919,0.372,0.2
6036,-118.395,34.165,0.2515,0.0983,0.1512,0.0736,0.5483,0.2384,0.981,0.523,0.9332,0.492,0.0481,0.0503,0.1574,0.0894,0.3733,0.2
6037,-118.385,34.165,0.254,0.0994,0.1478,0.0714,0.5571,0.2409,0.9685,0.4995,0.9593,0.5042,0.048,0.0485,0.1536,0.0868,0.3741,0.1997
6038,-118.375,34.165,0.2578,0.1015,0.1442,0.0694,0.5683,0.2464,0.9547,0.4784,0.9802,0.5128,0.0486,0.0465,0.1504,0.0847,0.3742,0.1986
6039,-118.365,34.165,0.2638,0.1051,0.1407,0.0676,0.5805,0.254,0.9384,0.458,0.9914,0.5151,0.0496,0.0448,0.1475,0.0827,0.3734,0.197
6040,-118.355,34.165,0.2714,0.1098,0.1383,0.0665,0.5945,0.2683,0.9109,0.4388,0.9945,0.5116,0.051,0.0444,0.1454,0.0815,0.3719,0.1946
6041,-118.345,34.165,0.2813,0.1159,0.1362,0.0656,0.61,0.2881,0.8804,0.4207,0.9945,0.5071,0.0527,0.045,0.1441,0.0808,0.37,0.1919
6042,-118.335,34.165,0.2926,0.1228,0.1345,0.065,0.6269,0.3136,0.8469,0.4038,0.9932,0.5024,0.0547,0.0467,0.1437,0.0808,0.3677,0.1889
6043,-118.325,34.165,0.303,0.1287,0.132,0.0638,0.6362,0.3368,0.8106,0.3802,0.9905,0.4939,0.0551,0.0478,0.1413,0.0793,0.3642,0.1849
6044,-118.315,34.165,0.3117,0.1328,0.1291,0.0625,0.6415,0.3581,0.7727,0.3544,0.9862,0.4812,0.055,0.0486,0.1381,0.0773,0.3592,0.1797
6045,-118.305,34.165,0.3198,0.1356,0.1256,0.0607,0.6347,0.3726,0.7299,0.3246,0.9835,0.4691,0.0543,0.0482,0.1334,0.0744,0.3554,0.1754
6046,-118.295,34.165,0.3301,0.1392,0.1234,0.0598,0.6404,0.3982,0.7062,0.3068,0.99,0.4671,0.0555,0.0491,0.1326,0.074,0.3535,0.1729
6047,-118.285,34.165,0.34,0.1419,0.1224,0.0596,0.6584,0.435,0.7017,0.3011,1.0004,0.4678,0.0583,0.0512,0.1356,0.0763,0.3531,0.1717
6048,-118.275,34.165,0.3481,0.143,0.1137,0.0545,0.6566,0.4522,0.6806,0.283,1.0108,0.4654,0.0604,0.0511,0.135,0.0761,0.3451,0.1644
6049,-118.265,34.165,0.3518,0.1407,0.1039,0.0487,0.6395,0.454,0.6461,0.2563,1.02,0.4564,0.0607,0.049,0.1308,0.0734,0.3268,0.1496
6050,-118.255,34.165,0.3296,0.1233,0.0971,0.045,0.5669,0.3993,0.5627,0.2002,0.9956,0.4072,0.053,0.0395,0.1125,0.0605,0.3007,0.1303
6051,-118.245,34.165,0.289,0.0998,0.0865,0.0387,0.5472,0.3711,0.5256,0.1729,0.9015,0.3386,0.0509,0.0354,0.1068,0.0565,0.2729,0.1131
6052,-118.235,34.165,0.3171,0.1093,0.0723,0.0297,0.5804,0.3695,0.5346,0.1745,0.958,0.3753,0.0542,0.0367,0.1136,0.0614,0.258,0.1047
6053,-118.225,34.165,0.2165,0.0633,0.0634,0.0249,0.4757,0.2709,0.4237,0.1282,0.6873,0.2244,0.0431,0.0268,0.091,0.047,0.2299,0.0905
6054,-118.215,34.165,0.219,0.0629,0.057,0.0215,0.3638,0.1697,0.3082,0.0807,0.6801,0.2252,0.0311,0.0164,0.0669,0.0316,0.2051,0.0783
6055,-118.205,34.165,0.2261,0.0642,0.0567,0.0212,0.3553,0.1536,0.2895,0.0745,0.6869,0.2318,0.0297,0.015,0.0649,0.0305,0.2049,0.0784
6056,-118.195,34.165,0.234,0.0659,0.0568,0.021,0.3493,0.1404,0.2748,0.0699,0.6952,0.2392,0.0283,0.0143,0.0636,0.0299,0.2088,0.0806
6057,-118.185,34.165,0.241,0.0675,0.0573,0.021,0.3458,0.1303,0.264,0.067,0.6981,0.2435,0.027,0.0143,0.063,0.0296,0.2255,0.0889
6058,-118.175,34.165,0.3343,0.1024,0.0798,0.0321,0.4611,0.189,0.3512,0.1029,0.9109,0.3575,0.0387,0.0243,0.0891,0.0471,0.272,0.1148
6059,-118.165,34.165,0.4389,0.1511,0.1022,0.0431,0.5714,0.2448,0.4371,0.1378,1.072,0.5047,0.0501,0.0339,0.114,0.0638,0.3498,0.1601
6060,-118.155,34.165,0.4202,0.1364,0.1013,0.0421,0.5385,0.2173,0.4189,0.1285,1.042,0.4527,0.0469,0.032,0.107,0.0587,0.3612,0.1673
6061,-118.145,34.165,0.4316,0.1391,0.1019,0.0419,0.5162,0.2003,0.4124,0.1245,1.0389,0.4514,0.0455,0.0307,0.1038,0.0565,0.3681,0.1709
6062,-118.135,34.165,0.4423,0.1416,0.1041,0.0427,0.5045,0.194,0.4176,0.1256,1.0382,0.4497,0.0459,0.03,0.1044,0.0572,0.374,0.1739
6063,-118.125,34.165,0.4523,0.1435,0.1069,0.0438,0.4909,0.1879,0.4251,0.1273,1.0522,0.4574,0.046,0.0293,0.1054,0.0581,0.3803,0.1772
6064,-118.115,34.165,0.4619,0.1452,0.11,0.0451,0.4771,0.1819,0.4335,0.1288,1.0747,0.4717,0.0461,0.0286,0.1065,0.0592,0.3874,0.1812
6065,-118.105,34.165,0.4717,0.1466,0.1134,0.0466,0.4642,0.1757,0.444,0.1291,1.103,0.4915,0.0465,0.0286,0.1079,0.0604,0.3967,0.1872
6066,-118.095,34.165,0.4855,0.1497,0.1176,0.0486,0.4562,0.1718,0.46,0.1307,1.1431,0.5238,0.0474,0.0288,0.1106,0.0628,0.4078,0.1952
6067,-118.085,34.165,0.5046,0.1563,0.1224,0.051,0.4531,0.1704,0.4813,0.1335,1.1871,0.5723,0.0487,0.0292,0.1148,0.0662,0.4161,0.201
6068,-118.075,34.165,0.4875,0.1471,0.1156,0.0471,0.4287,0.1552,0.4582,0.13,1.2278,0.5761,0.0457,0.0263,0.1108,0.0634,0.4102,0.1949
6069,-118.065,34.165,0.4592,0.1385,0.1075,0.0426,0.4011,0.1381,0.4272,0.1258,1.2664,0.5788,0.0419,0.0229,0.1055,0.0596,0.4012,0.1863
6070,-118.055,34.165,0.4346,0.1317,0.1052,0.0412,0.3799,0.1254,0.4021,0.1243,1.3041,0.5844,0.0387,0.0201,0.1017,0.057,0.3952,0.1807
6071,-118.045,34.165,0.4133,0.1255,0.1038,0.0404,0.3611,0.1146,0.3809,0.1228,1.3418,0.5947,0.0362,0.0178,0.0984,0.0548,0.3913,0.1773
6072,-118.035,34.165,0.3904,0.118,0.1034,0.0402,0.3449,0.1056,0.3633,0.1213,1.366,0.5967,0.0342,0.0162,0.0956,0.053,0.3875,0.174
6073,-118.025,34.165,0.3785,0.1146,0.0924,0.0346,0.3359,0.1014,0.3524,0.1203,1.4079,0.614,0.0342,0.017,0.095,0.0528,0.3754,0.1652
6074,-118.015,34.165,0.3447,0.102,0.0836,0.0301,0.3245,0.0969,0.3389,0.1174,1.3747,0.5754,0.0343,0.0182,0.0935,0.0519,0.3662,0.1586
6075,-118.005,34.165,0.3289,0.0958,0.0966,0.0365,0.2944,0.0867,0.3059,0.1044,1.3777,0.5598,0.033,0.0186,0.0861,0.0469,0.359,0.1533
6076,-117.995,34.165,0.3035,0.0867,0.1018,0.0391,0.2555,0.0739,0.2632,0.0873,1.2761,0.5026,0.0303,0.0174,0.076,0.0403,0.3509,0.1478
6077,-117.985,34.165,0.255,0.0699,0.099,0.0379,0.208,0.0584,0.2108,0.066,1.0487,0.3911,0.0263,0.0147,0.0632,0.0322,0.3163,0.1285
6078,-117.975,34.165,0.2242,0.0588,0.0889,0.0331,0.1945,0.055,0.1916,0.0579,0.8992,0.3148,0.026,0.0142,0.0605,0.0305,0.2966,0.1179
6079,-117.965,34.165,0.2189,0.0574,0.0786,0.0283,0.188,0.054,0.1796,0.0527,0.8324,0.2913,0.0263,0.0142,0.0598,0.0302,0.2887,0.1138
6080,-117.955,34.165,0.2117,0.0553,0.0754,0.0269,0.182,0.0531,0.169,0.0483,0.7621,0.2659,0.0263,0.0141,0.059,0.0298,0.2891,0.1139
6081,-117.945,34.165,0.2022,0.0525,0.0744,0.0266,0.1775,0.0527,0.1608,0.0449,0.6897,0.2393,0.0264,0.0141,0.0587,0.0297,0.2867,0.1128
6082,-117.935,34.165,0.201,0.0525,0.0759,0.0274,0.1744,0.0528,0.1549,0.0426,0.6493,0.2269,0.0266,0.0143,0.0587,0.0299,0.2975,0.1181
6083,-117.925,34.165,0.2048,0.0543,0.085,0.0321,0.1716,0.0527,0.1529,0.0422,0.6263,0.2228,0.0267,0.0145,0.0588,0.03,0.3127,0.1257
6084,-117.915,34.165,0.2076,0.0562,0.0914,0.0354,0.1742,0.0548,0.1568,0.0441,0.6008,0.2192,0.0278,0.0153,0.0607,0.0314,0.3275,0.1331
6085,-117.905,34.165,0.2126,0.0582,0.0772,0.0287,0.2027,0.0673,0.1856,0.0554,0.5889,0.2158,0.0333,0.0192,0.072,0.0389,0.3352,0.1367
6086,-117.895,34.165,0.2129,0.0587,0.07,0.0254,0.1996,0.0668,0.1851,0.0559,0.5669,0.2085,0.0334,0.0194,0.0717,0.0388,0.3292,0.1328
6087,-117.885,34.165,0.18,0.0475,0.0697,0.0254,0.1648,0.0531,0.1554,0.0456,0.4637,0.1612,0.0282,0.0157,0.0598,0.0311,0.3188,0.1266
6088,-117.875,34.165,0.1715,0.0451,0.0689,0.0252,0.1573,0.0506,0.1502,0.0449,0.4258,0.1462,0.0277,0.0153,0.0578,0.0299,0.311,0.1218
6089,-117.865,34.165,0.1673,0.044,0.0686,0.0253,0.1554,0.0504,0.15,0.0461,0.4023,0.1376,0.0282,0.0156,0.0579,0.0301,0.3152,0.123
6090,-117.855,34.165,0.165,0.0437,0.0714,0.0267,0.1541,0.0503,0.1497,0.0473,0.3862,0.1324,0.0288,0.0159,0.0582,0.0305,0.3249,0.1272
6091,-117.845,34.165,0.1608,0.0426,0.0728,0.0276,0.1593,0.0525,0.1559,0.0509,0.3671,0.1256,0.0307,0.017,0.0608,0.0323,0.3384,0.1334
6092,-117.835,34.165,0.1773,0.0487,0.0728,0.0278,0.171,0.0569,0.1688,0.0571,0.3946,0.1398,0.0338,0.0188,0.0658,0.0355,0.3482,0.1377
6093,-117.825,34.165,0.1499,0.0397,0.0743,0.0288,0.1579,0.0515,0.1569,0.0531,0.3281,0.1114,0.0319,0.0173,0.0612,0.0326,0.3481,0.137
6094,-117.815,34.165,0.1511,0.0405,0.076,0.0298,0.1449,0.0461,0.1452,0.0492,0.3241,0.1111,0.0301,0.0158,0.0566,0.0297,0.3609,0.1427
6095,-117.805,34.165,0.1592,0.0437,0.0765,0.0304,0.1576,0.0508,0.1588,0.0559,0.3352,0.1174,0.0335,0.0177,0.0618,0.0333,0.3707,0.147
6096,-117.795,34.165,0.1438,0.0388,0.073,0.0288,0.1547,0.0492,0.1564,0.0554,0.2991,0.1023,0.0335,0.0174,0.0608,0.0327,0.3637,0.1428
6097,-117.785,34.165,0.1274,0.0335,0.0654,0.0253,0.1363,0.0414,0.1379,0.0479,0.2616,0.0867,0.0299,0.0149,0.0534,0.0279,0.3387,0.1295
6098,-117.775,34.165,0.1237,0.0326,0.0636,0.0246,0.1344,0.0401,0.136,0.0474,0.2506,0.0828,0.0298,0.0146,0.0525,0.0274,0.3429,0.1308
6099,-117.765,34.165,0.1187,0.0312,0.0635,0.0248,0.1361,0.0401,0.1375,0.0485,0.2376,0.078,0.0304,0.0148,0.053,0.0279,0.3464,0.1317
6100,-117.755,34.165,0.1158,0.0305,0.0657,0.026,0.1387,0.0405,0.1394,0.0499,0.2292,0.0752,0.0311,0.0151,0.0537,0.0285,0.354,0.1346
6101,-117.745,34.165,0.1139,0.0302,0.0669,0.0269,0.1387,0.0396,0.1384,0.0495,0.2233,0.0734,0.0309,0.0149,0.0532,0.0282,0.3656,0.1394
6102,-117.735,34.165,0.1112,0.0296,0.0672,0.0272,0.1361,0.0374,0.1344,0.0476,0.2162,0.0711,0.0299,0.0142,0.0514,0.0271,0.3745,0.1429
6103,-117.725,34.165,0.1071,0.0286,0.0661,0.0269,0.1376,0.0367,0.1342,0.0474,0.2068,0.0678,0.0297,0.0141,0.0512,0.027,0.3806,0.1449
6104,-117.715,34.165,0.1068,0.0289,0.0641,0.0261,0.1396,0.0361,0.1343,0.0473,0.2048,0.0679,0.0295,0.0141,0.0511,0.0271,0.3895,0.1483
6105,-117.705,34.165,0.1039,0.0284,0.0592,0.0238,0.1399,0.0349,0.1324,0.0464,0.1976,0.0662,0.0289,0.0138,0.0502,0.0266,0.3938,0.1495
6106,-117.695,34.165,0.0931,0.0248,0.059,0.0239,0.1506,0.0367,0.14,0.0497,0.1771,0.0574,0.0304,0.0149,0.053,0.0287,0.3782,0.141
6107,-117.685,34.165,0.1062,0.0296,0.0636,0.0265,0.1717,0.0417,0.157,0.0571,0.2008,0.068,0.0342,0.0173,0.0595,0.0332,0.4293,0.1651
6108,-117.675,34.165,0.1085,0.031,0.0618,0.0257,0.16,0.0392,0.1473,0.0527,0.2033,0.0707,0.0322,0.0161,0.0557,0.0309,0.4422,0.1702
6109,-117.665,34.165,0.0898,0.0247,0.0606,0.0254,0.1441,0.036,0.1346,0.0469,0.1689,0.056,0.0296,0.0146,0.0508,0.0277,0.4379,0.1668
6110,-117.655,34.165,0.0939,0.0267,0.0686,0.0302,0.1401,0.0368,0.1336,0.0461,0.1754,0.0602,0.0299,0.0147,0.0504,0.0275,0.4471,0.1703
6111,-118.945,34.175,0.087,0.0357,0.0898,0.0457,0.2222,0.104,0.487,0.2311,0.1669,0.0674,0.0196,0.0088,0.1724,0.0876,0.2201,0.1066
6112,-118.935,34.175,0.0788,0.0312,0.0825,0.0407,0.2266,0.1059,0.4955,0.2366,0.1567,0.0616,0.022,0.0093,0.173,0.088,0.221,0.1073
6113,-118.925,34.175,0.0906,0.037,0.0865,0.0429,0.2265,0.1052,0.4944,0.2357,0.1802,0.0747,0.0231,0.0101,0.1701,0.0862,0.222,0.108
6114,-118.915,34.175,0.0866,0.0346,0.0917,0.046,0.2263,0.1044,0.4929,0.2346,0.1746,0.0708,0.0239,0.0111,0.1671,0.0843,0.2199,0.106
6115,-118.905,34.175,0.0851,0.0335,0.0918,0.0458,0.2299,0.1058,0.4993,0.2385,0.1726,0.069,0.0246,0.0126,0.1671,0.0843,0.2206,0.106
6116,-118.895,34.175,0.0882,0.0348,0.0921,0.0457,0.2341,0.1072,0.5093,0.2442,0.1787,0.0717,0.0253,0.0143,0.1676,0.0846,0.2218,0.1063
6117,-118.885,34.175,0.0904,0.0356,0.0927,0.0458,0.2388,0.1088,0.5228,0.2519,0.183,0.0735,0.0261,0.016,0.1685,0.0851,0.2221,0.1061
6118,-118.875,34.175,0.0979,0.0392,0.0923,0.0453,0.2369,0.1069,0.5229,0.2513,0.1966,0.0805,0.0261,0.0173,0.1646,0.0827,0.222,0.1057
6119,-118.865,34.175,0.092,0.0358,0.0929,0.0455,0.2361,0.1057,0.5247,0.252,0.1867,0.0739,0.0262,0.0188,0.1614,0.0808,0.2214,0.1047
6120,-118.855,34.175,0.0979,0.0385,0.0994,0.0494,0.2469,0.1113,0.5471,0.2667,0.1974,0.0792,0.0277,0.0215,0.1662,0.084,0.225,0.1068
6121,-118.845,34.175,0.1049,0.0417,0.1022,0.0509,0.2564,0.1161,0.5667,0.2799,0.2099,0.0856,0.0289,0.024,0.17,0.0867,0.2321,0.1114
6122,-118.835,34.175,0.1045,0.0411,0.1013,0.05,0.2646,0.1203,0.5836,0.2915,0.2099,0.0846,0.0299,0.0263,0.1728,0.0887,0.2337,0.1119
6123,-118.825,34.175,0.106,0.0416,0.1022,0.0504,0.2654,0.1196,0.5946,0.2966,0.2139,0.0859,0.0296,0.0271,0.1702,0.087,0.2339,0.1116
6124,-118.815,34.175,0.1079,0.0423,0.1032,0.0508,0.2654,0.1185,0.6053,0.3012,0.2191,0.088,0.0292,0.0276,0.1668,0.0847,0.233,0.1106
6125,-118.805,34.175,0.1083,0.0422,0.1028,0.0504,0.269,0.1199,0.6205,0.3099,0.2219,0.0886,0.0292,0.0281,0.1654,0.0839,0.233,0.1103
6126,-118.795,34.175,0.1135,0.0446,0.1049,0.0516,0.2744,0.1224,0.6382,0.3205,0.2333,0.0942,0.0294,0.0288,0.165,0.0837,0.2375,0.113
6127,-118.785,34.175,0.1191,0.0471,0.1096,0.0545,0.2814,0.126,0.6582,0.3329,0.2451,0.1001,0.03,0.0296,0.1654,0.0842,0.2385,0.1134
6128,-118.775,34.175,0.1143,0.0443,0.1089,0.0538,0.2869,0.1287,0.6762,0.3417,0.2394,0.0954,0.0304,0.03,0.1648,0.0839,0.2382,0.1127
6129,-118.765,34.175,0.1188,0.0462,0.1073,0.0526,0.2919,0.1309,0.6932,0.3491,0.2493,0.0999,0.0308,0.0302,0.1637,0.0834,0.2378,0.112
6130,-118.755,34.175,0.119,0.046,0.1065,0.0519,0.2954,0.132,0.7077,0.3531,0.2518,0.0999,0.0309,0.0298,0.1616,0.0821,0.2388,0.1123
6131,-118.745,34.175,0.1207,0.0465,0.1065,0.0517,0.2996,0.1337,0.7239,0.3582,0.2569,0.1015,0.0311,0.0295,0.1601,0.0812,0.2382,0.1115
6132,-118.735,34.175,0.1222,0.0469,0.1072,0.0519,0.3047,0.1358,0.7419,0.3644,0.2622,0.1029,0.0315,0.0292,0.1591,0.0807,0.2374,0.1105
6133,-118.725,34.175,0.1237,0.0473,0.108,0.0523,0.3099,0.138,0.7621,0.372,0.2679,0.1047,0.0321,0.0289,0.1582,0.0802,0.237,0.1098
6134,-118.715,34.175,0.1254,0.0476,0.1089,0.0526,0.3152,0.1403,0.7829,0.38,0.2746,0.1069,0.0327,0.0287,0.1573,0.0798,0.2373,0.1096
6135,-118.705,34.175,0.127,0.048,0.1099,0.053,0.3209,0.1428,0.8045,0.3881,0.2817,0.1093,0.0336,0.0285,0.1567,0.0796,0.2381,0.1097
6136,-118.695,34.175,0.1287,0.0484,0.111,0.0535,0.3267,0.1453,0.8273,0.3969,0.2897,0.1121,0.0347,0.0284,0.1562,0.0794,0.2391,0.11
6137,-118.685,34.175,0.1307,0.0489,0.1122,0.054,0.3325,0.1477,0.8514,0.4065,0.2983,0.1153,0.0359,0.0283,0.1558,0.0794,0.2405,0.1105
6138,-118.675,34.175,0.1328,0.0495,0.1136,0.0547,0.3378,0.1497,0.8771,0.4156,0.3077,0.1187,0.0373,0.0283,0.1556,0.0794,0.2421,0.1112
6139,-118.665,34.175,0.1352,0.0502,0.1154,0.0555,0.3459,0.1538,0.9055,0.4292,0.318,0.1227,0.0393,0.0288,0.157,0.0807,0.2441,0.1121
6140,-118.655,34.175,0.1394,0.0517,0.1189,0.0575,0.3681,0.1687,0.945,0.4663,0.3317,0.1288,0.0436,0.0317,0.1664,0.0879,0.2553,0.1197
6141,-118.645,34.175,0.1575,0.0605,0.1288,0.0639,0.3918,0.1853,0.9825,0.5048,0.3683,0.1512,0.0472,0.0347,0.1762,0.0955,0.2715,0.1315
6142,-118.635,34.175,0.1751,0.0692,0.1452,0.0746,0.4168,0.2035,1.018,0.5448,0.403,0.1736,0.05,0.0379,0.1865,0.1037,0.2878,0.1436
6143,-118.625,34.175,0.1801,0.0712,0.149,0.0768,0.4277,0.211,1.0475,0.5564,0.4181,0.1813,0.0498,0.0385,0.1871,0.1044,0.2939,0.148
6144,-118.615,34.175,0.1829,0.072,0.1503,0.0774,0.4356,0.2163,1.0762,0.5627,0.4307,0.1868,0.049,0.0385,0.1858,0.1037,0.2952,0.1482
6145,-118.605,34.175,0.187,0.0735,0.1524,0.0785,0.443,0.2216,1.1067,0.572,0.4456,0.194,0.0486,0.0387,0.1842,0.1028,0.2966,0.1484
6146,-118.595,34.175,0.191,0.0749,0.1471,0.0746,0.4396,0.2174,1.1397,0.5641,0.4611,0.2014,0.0467,0.0374,0.1772,0.0977,0.2933,0.1449
6147,-118.585,34.175,0.1718,0.0639,0.1344,0.0658,0.4253,0.2037,1.175,0.5391,0.4445,0.1802,0.0432,0.0345,0.1647,0.0884,0.2785,0.1319
6148,-118.575,34.175,0.164,0.0592,0.1417,0.0704,0.4434,0.2195,1.1962,0.5696,0.4442,0.1732,0.046,0.0382,0.1713,0.0938,0.2786,0.1311
6149,-118.565,34.175,0.1943,0.0742,0.1519,0.077,0.4651,0.2389,1.2137,0.6061,0.5022,0.2161,0.0494,0.0427,0.1806,0.1012,0.2903,0.1394
6150,-118.555,34.175,0.203,0.0782,0.1568,0.08,0.472,0.2462,1.2269,0.6162,0.5269,0.232,0.0497,0.0444,0.183,0.1035,0.3027,0.1484
6151,-118.545,34.175,0.2083,0.0805,0.1599,0.0819,0.4761,0.2514,1.2381,0.6199,0.5478,0.244,0.0486,0.0454,0.1844,0.105,0.3074,0.1513
6152,-118.535,34.175,0.2124,0.0823,0.1612,0.0825,0.4774,0.2546,1.2474,0.6171,0.5684,0.2561,0.0461,0.0456,0.1849,0.1057,0.3115,0.1538
6153,-118.525,34.175,0.2145,0.0829,0.1606,0.0818,0.4729,0.2528,1.257,0.6098,0.5891,0.268,0.0428,0.0443,0.183,0.1045,0.3162,0.1572
6154,-118.515,34.175,0.2161,0.0832,0.1598,0.081,0.4671,0.2501,1.2647,0.6037,0.6113,0.2819,0.0396,0.0428,0.1806,0.1029,0.3217,0.1616
6155,-118.505,34.175,0.2193,0.0844,0.1603,0.0811,0.461,0.2477,1.2629,0.6073,0.636,0.2996,0.038,0.0412,0.1787,0.1018,0.3282,0.1669
6156,-118.495,34.175,0.2232,0.0859,0.1607,0.0812,0.4562,0.2455,1.2571,0.6179,0.6621,0.3201,0.0369,0.0396,0.1772,0.1009,0.3368,0.1742
6157,-118.485,34.175,0.2263,0.087,0.161,0.0812,0.4528,0.2436,1.2472,0.6356,0.687,0.3397,0.0363,0.038,0.176,0.1003,0.3457,0.1819
6158,-118.475,34.175,0.2313,0.0893,0.1623,0.082,0.4659,0.2451,1.2232,0.6597,0.7113,0.3611,0.0379,0.0396,0.1775,0.1019,0.354,0.1889
6159,-118.465,34.175,0.2349,0.0906,0.1629,0.0823,0.4818,0.2462,1.1958,0.6792,0.7312,0.3763,0.0397,0.0418,0.1785,0.1031,0.3605,0.1942
6160,-118.455,34.175,0.2349,0.0899,0.16,0.0801,0.495,0.242,1.1653,0.6694,0.7484,0.3835,0.0409,0.0438,0.1746,0.1003,0.3625,0.1948
6161,-118.445,34.175,0.2352,0.0895,0.1573,0.0782,0.5078,0.2401,1.1244,0.6498,0.7665,0.3914,0.0423,0.0457,0.1712,0.0979,0.3643,0.1953
6162,-118.435,34.175,0.2364,0.0898,0.1549,0.0765,0.5201,0.2405,1.0732,0.6202,0.7859,0.401,0.0438,0.0474,0.1682,0.0959,0.3666,0.1962
6163,-118.425,34.175,0.2388,0.0909,0.1528,0.075,0.5319,0.2427,1.0227,0.5845,0.8066,0.4128,0.0456,0.0488,0.1655,0.0941,0.3692,0.1974
6164,-118.415,34.175,0.2413,0.0919,0.1507,0.0735,0.5434,0.2454,0.9765,0.5488,0.8281,0.4243,0.0473,0.0498,0.1628,0.0923,0.3718,0.1986
6165,-118.405,34.175,0.2441,0.093,0.1482,0.0719,0.5543,0.2484,0.9503,0.5196,0.85,0.436,0.0485,0.0497,0.1598,0.0903,0.3736,0.1991
6166,-118.395,34.175,0.2473,0.0943,0.1457,0.0702,0.5657,0.2524,0.9367,0.4962,0.8721,0.4477,0.0495,0.0488,0.1568,0.0884,0.3754,0.1996
6167,-118.385,34.175,0.2505,0.0956,0.143,0.0685,0.5776,0.2574,0.9357,0.4784,0.8918,0.4576,0.0502,0.0471,0.1539,0.0865,0.3771,0.2001
6168,-118.375,34.175,0.2546,0.0976,0.1402,0.0669,0.5904,0.2646,0.9343,0.4595,0.9067,0.4643,0.0512,0.0448,0.1512,0.0847,0.3781,0.2
6169,-118.365,34.175,0.2608,0.1012,0.1374,0.0655,0.6036,0.2734,0.9288,0.4401,0.9139,0.4666,0.0525,0.0425,0.1487,0.0831,0.3788,0.1998
6170,-118.355,34.175,0.2682,0.1055,0.1352,0.0644,0.6182,0.2874,0.9037,0.4197,0.9147,0.4628,0.0542,0.0415,0.147,0.0821,0.3773,0.1974
6171,-118.345,34.175,0.2777,0.1108,0.1336,0.0636,0.6337,0.3056,0.8733,0.3998,0.9129,0.4559,0.056,0.042,0.1459,0.0816,0.3748,0.1941
6172,-118.335,34.175,0.2883,0.1167,0.1326,0.0633,0.6501,0.3278,0.8375,0.3804,0.9104,0.4499,0.058,0.0439,0.1455,0.0816,0.3719,0.1906
6173,-118.325,34.175,0.2978,0.1215,0.1297,0.0617,0.6596,0.3472,0.8022,0.3559,0.9061,0.4405,0.0582,0.0458,0.1432,0.0802,0.3676,0.1858
6174,-118.315,34.175,0.3026,0.1227,0.1261,0.0598,0.6669,0.3658,0.768,0.3308,0.8987,0.4225,0.0581,0.0476,0.1404,0.0785,0.3607,0.1789
6175,-118.305,34.175,0.3076,0.1235,0.1217,0.0575,0.6699,0.3826,0.7388,0.3072,0.8945,0.4075,0.058,0.0483,0.1374,0.0765,0.3554,0.1734
6176,-118.295,34.175,0.3168,0.1267,0.1186,0.056,0.6698,0.3968,0.7116,0.2858,0.902,0.4059,0.058,0.0483,0.1345,0.0746,0.3511,0.1689
6177,-118.285,34.175,0.3265,0.1298,0.1169,0.0553,0.6665,0.4085,0.6864,0.2665,0.912,0.4067,0.0582,0.0477,0.1317,0.0729,0.3409,0.1599
6178,-118.275,34.175,0.3351,0.1318,0.0978,0.0441,0.5969,0.3673,0.6018,0.2218,0.9222,0.4067,0.0526,0.0414,0.1163,0.0631,0.2983,0.1312
6179,-118.265,34.175,0.24,0.0792,0.0768,0.0319,0.5215,0.3173,0.513,0.1747,0.7481,0.2517,0.0463,0.0342,0.0996,0.0524,0.2581,0.1064
6180,-118.255,34.175,0.1954,0.0592,0.0632,0.025,0.4845,0.2781,0.4636,0.141,0.6091,0.1886,0.0423,0.0289,0.0895,0.0453,0.2301,0.0907
6181,-118.245,34.175,0.1964,0.0582,0.0596,0.023,0.491,0.2729,0.4547,0.1281,0.6,0.1861,0.0428,0.0278,0.0896,0.0452,0.2213,0.0856
6182,-118.235,34.175,0.2352,0.0715,0.0659,0.0259,0.541,0.3017,0.4863,0.1359,0.7,0.2306,0.0479,0.0308,0.0998,0.0519,0.2446,0.0969
6183,-118.225,34.175,0.3088,0.1008,0.0607,0.0233,0.4603,0.2347,0.4013,0.1049,0.8709,0.3272,0.0399,0.0238,0.0837,0.0419,0.2368,0.0929
6184,-118.215,34.175,0.2116,0.06,0.0545,0.0202,0.3706,0.1609,0.3086,0.0722,0.6098,0.1987,0.031,0.0162,0.0657,0.0307,0.2152,0.0823
6185,-118.205,34.175,0.2176,0.061,0.0548,0.0201,0.3669,0.1503,0.2951,0.0702,0.616,0.2046,0.0303,0.0152,0.0651,0.0304,0.206,0.0781
6186,-118.195,34.175,0.224,0.0623,0.0552,0.0202,0.3624,0.1399,0.2831,0.0685,0.623,0.2109,0.0294,0.0147,0.0645,0.0302,0.2091,0.0797
6187,-118.185,34.175,0.2304,0.0636,0.0558,0.0203,0.3569,0.1299,0.2728,0.0671,0.6274,0.2154,0.0283,0.0147,0.0638,0.0299,0.2231,0.0865
6188,-118.175,34.175,0.269,0.0763,0.0782,0.0313,0.4693,0.1848,0.3606,0.1031,0.7057,0.2511,0.0395,0.0237,0.0891,0.0466,0.2658,0.1096
6189,-118.165,34.175,0.4016,0.1321,0.1001,0.0421,0.5772,0.2373,0.447,0.138,0.9523,0.416,0.0505,0.0324,0.1133,0.0626,0.34,0.1513
6190,-118.155,34.175,0.3964,0.1266,0.0984,0.0407,0.5457,0.2138,0.4282,0.1301,0.9283,0.3894,0.0471,0.0299,0.1071,0.0583,0.3546,0.1603
6191,-118.145,34.175,0.4063,0.129,0.0985,0.0404,0.524,0.1991,0.4208,0.1265,0.9242,0.3859,0.0453,0.028,0.1041,0.0564,0.3625,0.1645
6192,-118.135,34.175,0.4148,0.1306,0.1004,0.041,0.5121,0.1932,0.4247,0.1274,0.9245,0.3827,0.045,0.0265,0.1044,0.0568,0.3686,0.1675
6193,-118.125,34.175,0.4241,0.1324,0.103,0.0421,0.4993,0.1876,0.4318,0.1284,0.937,0.3868,0.0446,0.0247,0.1051,0.0575,0.375,0.1707
6194,-118.115,34.175,0.4339,0.1343,0.1059,0.0434,0.4862,0.1819,0.4399,0.1292,0.9572,0.3983,0.0444,0.0234,0.106,0.0584,0.3823,0.1748
6195,-118.105,34.175,0.4435,0.1359,0.1092,0.0449,0.4729,0.1751,0.4496,0.1286,0.9885,0.4187,0.0448,0.024,0.107,0.0594,0.3911,0.1804
6196,-118.095,34.175,0.4568,0.1388,0.1116,0.0459,0.4406,0.1595,0.4388,0.1207,1.0347,0.4528,0.043,0.0232,0.1031,0.0571,0.3899,0.1788
6197,-118.085,34.175,0.4594,0.1357,0.1131,0.0464,0.3893,0.1351,0.4075,0.1054,1.0757,0.472,0.0391,0.0211,0.0942,0.0516,0.3759,0.1686
6198,-118.075,34.175,0.3981,0.1082,0.0997,0.0393,0.3602,0.1195,0.3812,0.0996,1.042,0.4071,0.036,0.0191,0.0892,0.0483,0.3482,0.1505
6199,-118.065,34.175,0.3371,0.0889,0.0853,0.0317,0.3369,0.1064,0.357,0.0963,0.9882,0.3601,0.0333,0.017,0.0852,0.0456,0.3332,0.1412
6200,-118.055,34.175,0.308,0.0817,0.0808,0.0295,0.3205,0.097,0.3376,0.0957,0.9806,0.3533,0.031,0.0153,0.0827,0.044,0.3251,0.1362
6201,-118.045,34.175,0.2876,0.0767,0.077,0.0277,0.3058,0.0886,0.3205,0.095,0.9911,0.3555,0.029,0.014,0.0804,0.0426,0.3206,0.1333
6202,-118.035,34.175,0.2586,0.0682,0.074,0.0263,0.2929,0.0812,0.3056,0.0942,0.9578,0.3374,0.0272,0.0129,0.0784,0.0413,0.316,0.1305
6203,-118.025,34.175,0.2614,0.0701,0.0757,0.027,0.2853,0.0776,0.296,0.0939,1.03,0.3692,0.027,0.0133,0.078,0.0412,0.3166,0.13
6204,-118.015,34.175,0.2462,0.0656,0.0778,0.0279,0.2763,0.0742,0.2849,0.0924,1.0268,0.3651,0.0271,0.014,0.0771,0.0408,0.3117,0.1268
6205,-118.005,34.175,0.228,0.06,0.0761,0.0272,0.2551,0.0683,0.2618,0.0842,0.9905,0.3471,0.0266,0.0144,0.0725,0.0377,0.306,0.1233
6206,-117.995,34.175,0.2228,0.0586,0.0739,0.0262,0.2296,0.0611,0.2337,0.0736,0.9703,0.34,0.0255,0.014,0.0665,0.0339,0.3029,0.1212
6207,-117.985,34.175,0.213,0.0557,0.071,0.025,0.1998,0.0526,0.2004,0.0608,0.9049,0.3146,0.0237,0.0128,0.0592,0.0293,0.2914,0.1149
6208,-117.975,34.175,0.2083,0.0544,0.0702,0.0247,0.1894,0.0507,0.1861,0.0552,0.849,0.2947,0.0238,0.0128,0.0575,0.0283,0.287,0.1124
6209,-117.965,34.175,0.2037,0.0532,0.0697,0.0246,0.1832,0.0501,0.1759,0.0512,0.7894,0.2737,0.0243,0.013,0.0569,0.0281,0.287,0.1122
6210,-117.955,34.175,0.1992,0.052,0.0693,0.0246,0.1779,0.0496,0.1672,0.0479,0.7316,0.2534,0.0245,0.013,0.0565,0.0279,0.2893,0.1132
6211,-117.945,34.175,0.1948,0.0508,0.0689,0.0245,0.1731,0.0492,0.1598,0.0451,0.6774,0.2346,0.0248,0.0131,0.0561,0.0278,0.2914,0.1141
6212,-117.935,34.175,0.1907,0.0497,0.0686,0.0245,0.1688,0.0489,0.1537,0.0429,0.6287,0.2178,0.0249,0.0132,0.0557,0.0277,0.2967,0.1166
6213,-117.925,34.175,0.1868,0.0488,0.0684,0.0245,0.1656,0.0487,0.1506,0.042,0.5849,0.2027,0.0252,0.0134,0.0556,0.0277,0.3032,0.1196
6214,-117.915,34.175,0.1831,0.0479,0.0682,0.0246,0.1657,0.0498,0.1513,0.0427,0.5462,0.1892,0.0259,0.0139,0.0567,0.0285,0.3104,0.123
6215,-117.905,34.175,0.1792,0.047,0.068,0.0247,0.1809,0.0569,0.167,0.0491,0.5112,0.1768,0.0292,0.0162,0.0631,0.0329,0.3182,0.1264
6216,-117.895,34.175,0.1809,0.0478,0.0684,0.0249,0.1782,0.0566,0.1662,0.0495,0.4937,0.1716,0.0295,0.0164,0.063,0.0329,0.3228,0.128
6217,-117.885,34.175,0.1768,0.0468,0.0692,0.0255,0.1577,0.0488,0.149,0.0439,0.4641,0.1608,0.0267,0.0144,0.0564,0.0286,0.3218,0.1267
6218,-117.875,34.175,0.1669,0.0439,0.0681,0.0252,0.1521,0.0471,0.1453,0.0435,0.4225,0.1445,0.0265,0.0142,0.055,0.0278,0.3192,0.1245
6219,-117.865,34.175,0.1624,0.0428,0.0668,0.0247,0.1496,0.0465,0.1444,0.0441,0.3982,0.1357,0.0268,0.0143,0.0548,0.0278,0.3217,0.125
6220,-117.855,34.175,0.1578,0.0416,0.0664,0.0247,0.1473,0.0459,0.143,0.0444,0.3762,0.1278,0.0272,0.0144,0.0546,0.0278,0.3266,0.1269
6221,-117.845,34.175,0.1533,0.0404,0.0677,0.0255,0.1502,0.0473,0.1468,0.0468,0.3559,0.1206,0.0285,0.0152,0.0564,0.029,0.3357,0.1308
6222,-117.835,34.175,0.1584,0.0425,0.0705,0.027,0.1581,0.0506,0.1556,0.0514,0.3589,0.1234,0.0309,0.0166,0.06,0.0315,0.3431,0.1338
6223,-117.825,34.175,0.1438,0.0379,0.0679,0.0259,0.1498,0.0472,0.1481,0.049,0.3194,0.1076,0.0299,0.0157,0.0572,0.0298,0.3438,0.1335
6224,-117.815,34.175,0.1402,0.0371,0.0647,0.0246,0.1412,0.0436,0.1404,0.0466,0.3055,0.1027,0.0289,0.0148,0.0542,0.0279,0.349,0.1354
6225,-117.805,34.175,0.1379,0.0366,0.0643,0.0246,0.1481,0.046,0.148,0.0505,0.2951,0.0993,0.031,0.0159,0.0572,0.03,0.354,0.1373
6226,-117.795,34.175,0.1304,0.0344,0.0638,0.0246,0.1469,0.0453,0.1472,0.0507,0.2746,0.0915,0.0313,0.0158,0.0568,0.0299,0.354,0.1366
6227,-117.785,34.175,0.1258,0.0332,0.0631,0.0244,0.1376,0.0412,0.1381,0.0472,0.261,0.0866,0.0297,0.0146,0.0532,0.0276,0.3483,0.133
6228,-117.775,34.175,0.1216,0.0321,0.0624,0.0243,0.1356,0.0398,0.136,0.0466,0.2486,0.0821,0.0295,0.0143,0.0523,0.0271,0.3516,0.1339
6229,-117.765,34.175,0.1174,0.031,0.0617,0.0241,0.1351,0.039,0.1353,0.0465,0.2371,0.0781,0.0296,0.0142,0.0519,0.0269,0.3547,0.1347
6230,-117.755,34.175,0.1135,0.03,0.0609,0.0239,0.135,0.0382,0.1345,0.0463,0.2265,0.0743,0.0296,0.014,0.0514,0.0268,0.362,0.1374
6231,-117.745,34.175,0.1096,0.029,0.0614,0.0244,0.1403,0.0392,0.1389,0.0483,0.2165,0.0708,0.0306,0.0145,0.053,0.0279,0.3755,0.1431
6232,-117.735,34.175,0.1122,0.0302,0.0631,0.0254,0.151,0.042,0.1483,0.0524,0.2193,0.0726,0.0327,0.0157,0.0564,0.0303,0.397,0.1528
6233,-117.725,34.175,0.1213,0.0337,0.0626,0.0254,0.1474,0.0396,0.1433,0.0501,0.2346,0.0799,0.0314,0.015,0.0544,0.029,0.3981,0.1524
6234,-117.715,34.175,0.1052,0.0284,0.0612,0.0249,0.1416,0.0364,0.1361,0.0467,0.2024,0.0669,0.0297,0.0139,0.0514,0.0271,0.392,0.1485
6235,-117.705,34.175,0.0958,0.0256,0.0574,0.0232,0.1392,0.0343,0.1319,0.0447,0.1832,0.0595,0.0286,0.0133,0.0497,0.0261,0.3847,0.1441
6236,-117.695,34.175,0.0927,0.0248,0.0553,0.0223,0.1428,0.0341,0.1334,0.0451,0.1762,0.0572,0.0289,0.0135,0.0501,0.0265,0.3829,0.1423
6237,-117.685,34.175,0.0909,0.0245,0.0547,0.0222,0.1525,0.0357,0.1405,0.0478,0.1718,0.0559,0.0304,0.0144,0.0526,0.0283,0.4165,0.1575
6238,-117.675,34.175,0.1254,0.0373,0.0533,0.0216,0.1444,0.0341,0.1342,0.0448,0.2338,0.0844,0.0292,0.0137,0.0501,0.0267,0.4275,0.1618
6239,-117.665,34.175,0.0843,0.0228,0.0519,0.0211,0.1342,0.0322,0.1265,0.0412,0.1583,0.0514,0.0277,0.0127,0.0471,0.0248,0.4227,0.1585
6240,-117.655,34.175,0.0818,0.0222,0.0509,0.0207,0.1304,0.0328,0.1256,0.0405,0.1533,0.0499,0.0279,0.0128,0.0466,0.0246,0.4142,0.1537
6241,-118.945,34.185,0.0888,0.0367,0.0873,0.0443,0.2423,0.1168,0.513,0.2566,0.1693,0.0688,0.021,0.0093,0.1885,0.0982,0.2223,0.1072
6242,-118.935,34.185,0.0911,0.0376,0.0869,0.0438,0.2459,0.1183,0.5214,0.2613,0.1797,0.0751,0.0243,0.0099,0.1882,0.098,0.2292,0.1123
6243,-118.925,34.185,0.0939,0.0388,0.0909,0.0461,0.2513,0.1208,0.5314,0.2676,0.1885,0.0802,0.0263,0.0113,0.1889,0.0986,0.239,0.1196
6244,-118.915,34.185,0.0946,0.0389,0.0951,0.0485,0.2564,0.1233,0.5407,0.2734,0.1903,0.0805,0.0278,0.013,0.1896,0.0991,0.2352,0.1161
6245,-118.905,34.185,0.0945,0.0385,0.0953,0.0484,0.2591,0.1241,0.5456,0.276,0.1904,0.0797,0.0284,0.0148,0.1884,0.0984,0.2359,0.1161
6246,-118.895,34.185,0.0989,0.0405,0.0939,0.0472,0.259,0.1228,0.5487,0.2762,0.1985,0.0837,0.0285,0.0164,0.1854,0.0963,0.2369,0.1163
6247,-118.885,34.185,0.0961,0.0387,0.0909,0.045,0.2561,0.1195,0.5501,0.274,0.1943,0.0803,0.0283,0.0178,0.1807,0.0929,0.2362,0.1152
6248,-118.875,34.185,0.1018,0.0413,0.0934,0.0464,0.2611,0.1217,0.5646,0.2844,0.2047,0.0857,0.0292,0.0202,0.1814,0.0935,0.2393,0.117
6249,-118.865,34.185,0.1031,0.0416,0.0968,0.0483,0.2671,0.1247,0.5809,0.2966,0.2073,0.0863,0.0303,0.0227,0.1828,0.0948,0.2402,0.1171
6250,-118.855,34.185,0.1058,0.0426,0.0987,0.0492,0.2708,0.126,0.5928,0.3041,0.2122,0.0883,0.031,0.0251,0.1824,0.0946,0.2403,0.1167
6251,-118.845,34.185,0.1035,0.0411,0.0993,0.0494,0.2696,0.124,0.5985,0.3046,0.2087,0.0852,0.0308,0.0264,0.1785,0.0919,0.2399,0.1159
6252,-118.835,34.185,0.1029,0.0404,0.0987,0.0488,0.2636,0.1188,0.5979,0.2979,0.2084,0.084,0.0298,0.0268,0.1712,0.0868,0.2376,0.1136
6253,-118.825,34.185,0.1053,0.0413,0.1013,0.0502,0.2672,0.12,0.613,0.307,0.2135,0.086,0.0298,0.028,0.1702,0.0862,0.2391,0.1143
6254,-118.815,34.185,0.1086,0.0427,0.1037,0.0516,0.2718,0.122,0.6302,0.3178,0.2207,0.0892,0.0299,0.029,0.1699,0.0862,0.2397,0.1143
6255,-118.805,34.185,0.1092,0.0427,0.1027,0.0508,0.2724,0.1213,0.6414,0.322,0.2233,0.0897,0.0295,0.029,0.1665,0.084,0.2387,0.1131
6256,-118.795,34.185,0.1129,0.0443,0.0993,0.0485,0.2757,0.1224,0.6561,0.3295,0.2317,0.0936,0.0295,0.0294,0.1648,0.083,0.2364,0.1112
6257,-118.785,34.185,0.111,0.043,0.0936,0.0449,0.2817,0.1254,0.6743,0.3402,0.2299,0.0917,0.03,0.0301,0.1646,0.0831,0.2276,0.1051
6258,-118.775,34.185,0.1061,0.0403,0.0941,0.045,0.2845,0.1262,0.6885,0.3437,0.2233,0.0867,0.0302,0.0302,0.1622,0.0816,0.2243,0.1025
6259,-118.765,34.185,0.1127,0.0432,0.0955,0.0457,0.2872,0.1268,0.7023,0.3463,0.2373,0.0934,0.0303,0.0301,0.1597,0.08,0.225,0.1026
6260,-118.755,34.185,0.1141,0.0436,0.0949,0.0451,0.2924,0.1291,0.7191,0.3517,0.2421,0.0949,0.0305,0.0299,0.1586,0.0795,0.2266,0.1032
6261,-118.745,34.185,0.1169,0.0446,0.0963,0.0458,0.2977,0.1313,0.7364,0.357,0.2494,0.0976,0.0308,0.0297,0.1576,0.079,0.2296,0.1047
6262,-118.735,34.185,0.1192,0.0454,0.0997,0.0476,0.303,0.1336,0.7542,0.3622,0.2565,0.1002,0.031,0.0293,0.1565,0.0784,0.2323,0.106
6263,-118.725,34.185,0.1224,0.0466,0.1022,0.049,0.3086,0.136,0.7739,0.3686,0.2654,0.1038,0.0315,0.0291,0.1555,0.0779,0.2343,0.1069
6264,-118.715,34.185,0.1233,0.0467,0.1044,0.0502,0.3151,0.1389,0.7954,0.3766,0.2708,0.1054,0.0322,0.029,0.1549,0.0777,0.2356,0.1074
6265,-118.705,34.185,0.125,0.047,0.1061,0.051,0.3251,0.144,0.8248,0.3908,0.2779,0.1078,0.0335,0.0293,0.156,0.0785,0.2392,0.1094
6266,-118.695,34.185,0.1274,0.0478,0.1075,0.0517,0.3336,0.1482,0.8518,0.4036,0.287,0.1114,0.0347,0.0295,0.1565,0.079,0.2428,0.1115
6267,-118.685,34.185,0.1294,0.0483,0.1086,0.0522,0.3407,0.1515,0.8765,0.4147,0.2957,0.1147,0.0358,0.0296,0.1562,0.079,0.2458,0.1132
6268,-118.675,34.185,0.1317,0.049,0.1099,0.0528,0.3472,0.1542,0.9029,0.4252,0.3052,0.1184,0.0372,0.0297,0.1561,0.0792,0.2485,0.1146
6269,-118.665,34.185,0.1346,0.0499,0.1128,0.0544,0.3582,0.1603,0.9328,0.4432,0.3164,0.1231,0.0393,0.0306,0.1587,0.0813,0.2522,0.1167
6270,-118.655,34.185,0.1489,0.0567,0.1231,0.0609,0.3919,0.184,0.9786,0.4992,0.3467,0.141,0.045,0.0352,0.1738,0.0927,0.2679,0.128
6271,-118.645,34.185,0.1697,0.067,0.1329,0.0671,0.4171,0.2019,1.0152,0.5393,0.3871,0.167,0.0485,0.0383,0.1838,0.1005,0.285,0.1406
6272,-118.635,34.185,0.1768,0.0702,0.1421,0.073,0.4337,0.2138,1.0427,0.5635,0.4048,0.1772,0.0498,0.0399,0.1887,0.1046,0.2993,0.1514
6273,-118.625,34.185,0.1815,0.072,0.1456,0.0751,0.4466,0.2232,1.0704,0.5798,0.4191,0.1845,0.0502,0.0407,0.1905,0.1063,0.3069,0.1571
6274,-118.615,34.185,0.1855,0.0735,0.1478,0.0763,0.4585,0.2318,1.0985,0.5948,0.4325,0.1911,0.0503,0.0414,0.1915,0.1074,0.3101,0.1591
6275,-118.605,34.185,0.1895,0.0749,0.15,0.0776,0.4691,0.2396,1.1284,0.6108,0.4463,0.1978,0.0504,0.042,0.1913,0.1076,0.3124,0.1602
6276,-118.595,34.185,0.1929,0.0759,0.1487,0.0764,0.4645,0.234,1.1634,0.6034,0.4602,0.2043,0.0483,0.0404,0.1834,0.1018,0.3106,0.1578
6277,-118.585,34.185,0.1771,0.0668,0.1437,0.0727,0.4447,0.2151,1.2036,0.5727,0.4474,0.1871,0.044,0.0365,0.1676,0.09,0.3002,0.1481
6278,-118.575,34.185,0.1788,0.0668,0.1476,0.075,0.467,0.235,1.2212,0.6133,0.4618,0.1923,0.0475,0.0414,0.1761,0.0968,0.3022,0.1487
6279,-118.565,34.185,0.2016,0.0782,0.1527,0.0782,0.4934,0.259,1.2339,0.6605,0.5048,0.2253,0.0518,0.0473,0.1873,0.1058,0.3114,0.1553
6280,-118.555,34.185,0.2066,0.0803,0.1556,0.0799,0.4977,0.2641,1.2456,0.6687,0.5234,0.2362,0.0519,0.0492,0.1881,0.1067,0.3207,0.1622
6281,-118.545,34.185,0.2104,0.0817,0.1576,0.0809,0.4995,0.2672,1.2556,0.6717,0.5416,0.2465,0.0501,0.0497,0.188,0.107,0.3246,0.1646
6282,-118.535,34.185,0.2132,0.0826,0.1586,0.0813,0.4987,0.2683,1.264,0.6696,0.5597,0.257,0.0465,0.0488,0.1871,0.1066,0.3281,0.1667
6283,-118.525,34.185,0.2151,0.0831,0.158,0.0806,0.4951,0.2672,1.2726,0.6677,0.5783,0.2681,0.0422,0.0464,0.1853,0.1056,0.3316,0.1691
6284,-118.515,34.185,0.2169,0.0834,0.157,0.0797,0.4907,0.2654,1.2794,0.6662,0.5985,0.2811,0.0381,0.0436,0.1835,0.1045,0.3358,0.1723
6285,-118.505,34.185,0.2182,0.0835,0.1559,0.0787,0.4854,0.2629,1.2769,0.6663,0.619,0.295,0.0359,0.0406,0.1817,0.1034,0.3412,0.1766
6286,-118.495,34.185,0.2197,0.0837,0.1554,0.0781,0.4804,0.2596,1.268,0.6671,0.6409,0.3108,0.0343,0.0374,0.1797,0.1022,0.3484,0.1827
6287,-118.485,34.185,0.221,0.0837,0.1552,0.0778,0.4756,0.2555,1.2529,0.6685,0.6627,0.3269,0.0332,0.0341,0.1777,0.101,0.3565,0.1897
6288,-118.475,34.185,0.2229,0.084,0.1554,0.0778,0.4764,0.2525,1.2256,0.6684,0.6832,0.3422,0.0345,0.035,0.1763,0.1002,0.363,0.1951
6289,-118.465,34.185,0.2255,0.0847,0.1553,0.0776,0.4801,0.2501,1.1933,0.6653,0.6987,0.3515,0.0365,0.037,0.1749,0.0994,0.3673,0.1981
6290,-118.455,34.185,0.2272,0.0848,0.1535,0.0762,0.4924,0.2494,1.1494,0.6491,0.7135,0.3588,0.0391,0.0406,0.1726,0.098,0.3689,0.1983
6291,-118.445,34.185,0.229,0.0852,0.1516,0.0748,0.5073,0.2502,1.0968,0.6241,0.7292,0.3665,0.0414,0.0435,0.1701,0.0964,0.3705,0.1986
6292,-118.435,34.185,0.2308,0.0859,0.1498,0.0735,0.5248,0.2522,1.0353,0.5902,0.7456,0.3744,0.0435,0.0456,0.1676,0.0947,0.372,0.1987
6293,-118.425,34.185,0.2328,0.0866,0.1469,0.0715,0.5398,0.2541,0.9777,0.5517,0.7623,0.3822,0.0454,0.0467,0.1642,0.0925,0.3729,0.1983
6294,-118.415,34.185,0.2336,0.0866,0.1441,0.0696,0.5543,0.2564,0.9261,0.5144,0.7782,0.3872,0.0473,0.0475,0.1609,0.0902,0.3729,0.1972
6295,-118.405,34.185,0.2367,0.0878,0.1422,0.0683,0.5687,0.2609,0.9005,0.4883,0.7958,0.3955,0.0492,0.0478,0.1583,0.0886,0.3744,0.1974
6296,-118.395,34.185,0.2422,0.0903,0.1402,0.0671,0.5833,0.2667,0.8915,0.4688,0.8145,0.4069,0.051,0.0473,0.156,0.0871,0.3766,0.1983
6297,-118.385,34.185,0.2471,0.0926,0.1382,0.0659,0.5982,0.2738,0.8992,0.4558,0.8297,0.4152,0.0525,0.0459,0.1539,0.0859,0.3789,0.1994
6298,-118.375,34.185,0.2518,0.0948,0.136,0.0646,0.6125,0.2825,0.9068,0.4389,0.8403,0.42,0.054,0.0434,0.1517,0.0846,0.3804,0.1998
6299,-118.365,34.185,0.2577,0.0978,0.1337,0.0633,0.6269,0.2924,0.9091,0.4206,0.8448,0.4207,0.0556,0.0408,0.1496,0.0833,0.3813,0.1997
6300,-118.355,34.185,0.2648,0.1016,0.1318,0.0623,0.6418,0.3059,0.8865,0.3992,0.844,0.4166,0.0575,0.0393,0.1481,0.0825,0.3798,0.1974
6301,-118.345,34.185,0.2731,0.1059,0.13,0.0614,0.6567,0.3217,0.8569,0.3773,0.8407,0.4097,0.0593,0.0394,0.1469,0.0819,0.3769,0.1937
6302,-118.335,34.185,0.2823,0.1105,0.1284,0.0607,0.6716,0.3398,0.8202,0.3548,0.8365,0.4022,0.0609,0.0411,0.1461,0.0816,0.373,0.1894
6303,-118.325,34.185,0.2896,0.1137,0.1249,0.0587,0.6778,0.3517,0.7836,0.3261,0.8303,0.3906,0.0603,0.043,0.1426,0.0793,0.3672,0.1833
6304,-118.315,34.185,0.2925,0.1136,0.1201,0.056,0.6801,0.3611,0.7467,0.2963,0.8203,0.3716,0.0593,0.0446,0.1383,0.0765,0.3542,0.1715
6305,-118.305,34.185,0.2932,0.1121,0.1105,0.0506,0.672,0.364,0.7086,0.2668,0.8111,0.353,0.0576,0.0443,0.1325,0.0725,0.3351,0.1565
6306,-118.295,34.185,0.2894,0.1091,0.0987,0.0442,0.6607,0.364,0.6733,0.2415,0.7943,0.335,0.0562,0.0432,0.1267,0.0688,0.31,0.1392
6307,-118.285,34.185,0.278,0.1017,0.0847,0.037,0.6461,0.3611,0.6408,0.2204,0.7683,0.308,0.0548,0.0415,0.1212,0.0651,0.2793,0.1203
6308,-118.275,34.185,0.1911,0.0591,0.0737,0.0308,0.5246,0.2748,0.5091,0.158,0.5677,0.1795,0.0433,0.0305,0.0947,0.0482,0.2435,0.0985
6309,-118.265,34.185,0.1821,0.0546,0.0641,0.0254,0.4058,0.1891,0.3815,0.0979,0.5345,0.1643,0.032,0.0198,0.0693,0.032,0.2186,0.0839
6310,-118.255,34.185,0.1884,0.0558,0.0584,0.0224,0.4071,0.1898,0.3729,0.0903,0.544,0.1673,0.0326,0.0196,0.0694,0.0322,0.2075,0.078
6311,-118.245,34.185,0.1943,0.0568,0.0603,0.0232,0.4446,0.2111,0.3969,0.0924,0.5502,0.1703,0.0363,0.0219,0.0765,0.0366,0.2108,0.0794
6312,-118.235,34.185,0.2471,0.0759,0.0696,0.0277,0.5185,0.2531,0.4533,0.1041,0.6781,0.228,0.0434,0.0266,0.0905,0.0454,0.2482,0.098
6313,-118.225,34.185,0.2712,0.0841,0.0624,0.0241,0.4626,0.2121,0.3935,0.0874,0.727,0.2555,0.0385,0.0223,0.0803,0.0392,0.2441,0.0958
6314,-118.215,34.185,0.2063,0.0578,0.0537,0.0197,0.3952,0.1634,0.3233,0.0692,0.5538,0.1783,0.0324,0.0171,0.068,0.0319,0.2215,0.0844
6315,-118.205,34.185,0.2096,0.058,0.0538,0.0196,0.4012,0.1602,0.3181,0.0722,0.5528,0.1804,0.033,0.0171,0.0697,0.0331,0.214,0.0808
6316,-118.195,34.185,0.2215,0.0614,0.0576,0.0213,0.3998,0.1527,0.3095,0.0735,0.5702,0.1906,0.0328,0.0169,0.07,0.0335,0.2302,0.0886
6317,-118.185,34.185,0.2331,0.0648,0.0652,0.0247,0.3909,0.141,0.2978,0.0731,0.5837,0.1985,0.0318,0.0166,0.0689,0.0329,0.251,0.099
6318,-118.175,34.185,0.2765,0.0808,0.0813,0.0327,0.4773,0.1786,0.3673,0.1016,0.6612,0.2403,0.0402,0.0228,0.0881,0.0454,0.2861,0.1181
6319,-118.165,34.185,0.3722,0.119,0.0958,0.0399,0.5624,0.2165,0.4376,0.13,0.8388,0.3453,0.0485,0.0289,0.1072,0.0578,0.3366,0.1468
6320,-118.155,34.185,0.371,0.1165,0.0945,0.0389,0.5461,0.2061,0.43,0.1286,0.8214,0.3303,0.0467,0.0273,0.1052,0.0566,0.3473,0.153
6321,-118.145,34.185,0.3788,0.1183,0.0949,0.0387,0.5316,0.198,0.4274,0.1282,0.8185,0.3271,0.0453,0.0253,0.1042,0.0561,0.3551,0.1571
6322,-118.135,34.185,0.3862,0.12,0.0969,0.0395,0.519,0.1922,0.43,0.1288,0.8224,0.326,0.0442,0.0231,0.1041,0.0563,0.361,0.1599
6323,-118.125,34.185,0.3945,0.1218,0.099,0.0403,0.4996,0.1836,0.4304,0.127,0.8344,0.3281,0.0428,0.0203,0.1031,0.0558,0.3634,0.1605
6324,-118.115,34.185,0.3974,0.1212,0.0993,0.0403,0.4796,0.1745,0.4312,0.1248,0.8437,0.3293,0.0415,0.018,0.102,0.0554,0.3549,0.1544
6325,-118.105,34.185,0.3884,0.116,0.0906,0.0358,0.4636,0.1665,0.4364,0.1228,0.8523,0.3337,0.0417,0.019,0.1021,0.0558,0.3438,0.1482
6326,-118.095,34.185,0.3686,0.106,0.0859,0.0334,0.4102,0.1408,0.4004,0.1069,0.8559,0.3286,0.0376,0.0174,0.0922,0.0494,0.3301,0.14
6327,-118.085,34.185,0.2963,0.0774,0.0851,0.0329,0.3196,0.0975,0.3235,0.077,0.7483,0.259,0.0293,0.0132,0.0724,0.0363,0.3143,0.1301
6328,-118.075,34.185,0.2669,0.0674,0.0799,0.03,0.2887,0.083,0.2976,0.0697,0.7242,0.2435,0.0266,0.012,0.0671,0.0329,0.2983,0.1201
6329,-118.065,34.185,0.2579,0.0658,0.0746,0.0271,0.2713,0.0749,0.2829,0.0676,0.7534,0.2552,0.0251,0.0114,0.0649,0.0317,0.2926,0.1167
6330,-118.055,34.185,0.2475,0.0639,0.0729,0.0263,0.2607,0.0692,0.271,0.068,0.7798,0.2657,0.0237,0.0108,0.0639,0.0312,0.2904,0.1153
6331,-118.045,34.185,0.2379,0.062,0.0716,0.0256,0.2512,0.0638,0.2599,0.0683,0.8062,0.2761,0.0223,0.0103,0.063,0.0308,0.2897,0.1148
6332,-118.035,34.185,0.2298,0.0603,0.0705,0.0251,0.2428,0.0587,0.2495,0.0686,0.8335,0.2868,0.0209,0.0097,0.0622,0.0304,0.289,0.1141
6333,-118.025,34.185,0.2234,0.0589,0.0713,0.0254,0.2355,0.0552,0.24,0.0681,0.8625,0.2982,0.0204,0.0098,0.0616,0.0301,0.2923,0.1156
6334,-118.015,34.185,0.2182,0.0576,0.0723,0.0258,0.2279,0.0524,0.2305,0.0672,0.8888,0.3085,0.0202,0.01,0.061,0.0299,0.2918,0.115
6335,-118.005,34.185,0.2127,0.0561,0.0715,0.0255,0.2186,0.0519,0.2202,0.0651,0.8945,0.3108,0.0211,0.0109,0.0601,0.0295,0.2904,0.114
6336,-117.995,34.185,0.2081,0.0548,0.0705,0.0251,0.21,0.0515,0.2101,0.0626,0.8799,0.3058,0.0219,0.0116,0.0594,0.0291,0.2906,0.1138
6337,-117.985,34.185,0.2041,0.0537,0.0692,0.0246,0.2021,0.0513,0.2002,0.0597,0.8481,0.2945,0.0228,0.0123,0.0588,0.0288,0.2894,0.113
6338,-117.975,34.185,0.2002,0.0525,0.0687,0.0244,0.1952,0.051,0.1906,0.0565,0.8044,0.279,0.0235,0.0126,0.0582,0.0286,0.2907,0.1134
6339,-117.965,34.185,0.1963,0.0515,0.0684,0.0244,0.1887,0.0506,0.1814,0.0533,0.7549,0.2615,0.024,0.0129,0.0577,0.0284,0.2931,0.1144
6340,-117.955,34.185,0.1924,0.0504,0.068,0.0243,0.1831,0.0502,0.1735,0.0505,0.7052,0.244,0.0244,0.013,0.0572,0.0282,0.2961,0.1156
6341,-117.945,34.185,0.1886,0.0494,0.0677,0.0243,0.1781,0.0499,0.1667,0.0481,0.6571,0.2272,0.0248,0.0132,0.0569,0.0281,0.2994,0.117
6342,-117.935,34.185,0.1848,0.0484,0.0674,0.0243,0.1736,0.0495,0.1609,0.0461,0.6128,0.2118,0.0251,0.0133,0.0565,0.028,0.3032,0.1186
6343,-117.925,34.185,0.1812,0.0475,0.0672,0.0243,0.1698,0.0492,0.157,0.0451,0.5719,0.1975,0.0254,0.0135,0.0563,0.028,0.3072,0.1203
6344,-117.915,34.185,0.1776,0.0466,0.067,0.0244,0.1662,0.0489,0.1538,0.0443,0.5351,0.1846,0.0257,0.0136,0.0561,0.0279,0.3117,0.1222
6345,-117.905,34.185,0.174,0.0457,0.0668,0.0244,0.1632,0.0485,0.152,0.0442,0.5017,0.1728,0.0259,0.0138,0.056,0.0279,0.3174,0.1245
6346,-117.895,34.185,0.1702,0.0447,0.0668,0.0245,0.1603,0.0482,0.1505,0.0442,0.4709,0.1618,0.0262,0.014,0.0558,0.0279,0.3229,0.1266
6347,-117.885,34.185,0.1663,0.0438,0.067,0.0248,0.1576,0.0478,0.1492,0.0445,0.4428,0.1516,0.0266,0.0141,0.0557,0.028,0.3257,0.1273
6348,-117.875,34.185,0.1623,0.0428,0.0664,0.0246,0.155,0.0473,0.1481,0.0449,0.4169,0.1423,0.0269,0.0142,0.0555,0.028,0.3273,0.1274
6349,-117.865,34.185,0.1581,0.0417,0.0657,0.0245,0.1525,0.0468,0.1469,0.0453,0.3934,0.1339,0.0272,0.0144,0.0553,0.0279,0.3303,0.1281
6350,-117.855,34.185,0.1539,0.0406,0.0653,0.0245,0.1503,0.0462,0.1456,0.0456,0.3721,0.1262,0.0276,0.0144,0.0551,0.0279,0.3341,0.1294
6351,-117.845,34.185,0.1496,0.0395,0.0656,0.0248,0.1481,0.0455,0.1444,0.0458,0.3522,0.1192,0.0279,0.0145,0.0549,0.0279,0.3397,0.1316
6352,-117.835,34.185,0.1453,0.0384,0.0665,0.0254,0.1461,0.0448,0.1432,0.0461,0.3339,0.1127,0.0282,0.0146,0.0546,0.0278,0.3448,0.1334
6353,-117.825,34.185,0.1409,0.0373,0.0652,0.0249,0.1443,0.0441,0.1421,0.0463,0.3168,0.1066,0.0286,0.0146,0.0543,0.0277,0.3473,0.134
6354,-117.815,34.185,0.1366,0.0362,0.0636,0.0244,0.1426,0.0434,0.1411,0.0465,0.301,0.1009,0.0289,0.0146,0.0541,0.0277,0.3508,0.135
6355,-117.805,34.185,0.1324,0.0351,0.0632,0.0243,0.1412,0.0426,0.1402,0.0466,0.2864,0.0958,0.0291,0.0145,0.0537,0.0276,0.3545,0.1362
6356,-117.795,34.185,0.1282,0.034,0.0627,0.0243,0.14,0.0418,0.1393,0.0467,0.2726,0.0908,0.0294,0.0145,0.0534,0.0275,0.3573,0.1369
6357,-117.785,34.185,0.1241,0.0329,0.0621,0.0242,0.139,0.041,0.1385,0.0467,0.2598,0.0863,0.0295,0.0144,0.053,0.0273,0.359,0.137
6358,-117.775,34.185,0.1201,0.0319,0.0614,0.024,0.1383,0.0402,0.1377,0.0466,0.2477,0.082,0.0296,0.0143,0.0527,0.0272,0.3622,0.1379
6359,-117.765,34.185,0.1162,0.0309,0.0608,0.0239,0.1377,0.0394,0.1369,0.0464,0.2364,0.078,0.0297,0.0141,0.0523,0.027,0.3653,0.1386
6360,-117.755,34.185,0.1125,0.0299,0.06,0.0237,0.1374,0.0386,0.1362,0.0461,0.2259,0.0743,0.0296,0.014,0.0518,0.0269,0.3726,0.1414
6361,-117.745,34.185,0.1222,0.0336,0.0597,0.0238,0.1459,0.0408,0.1439,0.0494,0.242,0.0821,0.0314,0.0149,0.0546,0.0288,0.3854,0.1467
6362,-117.735,34.185,0.1254,0.035,0.0599,0.0241,0.1634,0.0459,0.1601,0.0563,0.2457,0.0844,0.035,0.0169,0.0606,0.0329,0.4029,0.1545
6363,-117.725,34.185,0.1059,0.0286,0.0637,0.0263,0.1547,0.0419,0.1504,0.0519,0.2059,0.0679,0.0328,0.0155,0.0567,0.0304,0.411,0.1575
6364,-117.715,34.185,0.1054,0.0288,0.0662,0.0278,0.1425,0.0366,0.1372,0.0459,0.2032,0.0675,0.0298,0.0137,0.0515,0.0271,0.4047,0.1535
6365,-117.705,34.185,0.0953,0.0256,0.0587,0.0241,0.1399,0.0347,0.1334,0.0439,0.1824,0.0594,0.0288,0.0131,0.0499,0.0261,0.3926,0.1467
6366,-117.695,34.185,0.0923,0.0249,0.0545,0.0221,0.1385,0.0334,0.131,0.0425,0.1753,0.0571,0.0282,0.0127,0.0488,0.0255,0.3917,0.1454
6367,-117.685,34.185,0.0895,0.0242,0.0538,0.022,0.1384,0.0326,0.1301,0.0418,0.169,0.055,0.028,0.0125,0.0482,0.0252,0.4138,0.155
6368,-117.675,34.185,0.0963,0.0268,0.0526,0.0215,0.1366,0.0326,0.1293,0.0411,0.1806,0.0603,0.028,0.0125,0.0478,0.025,0.4238,0.1588
6369,-117.665,34.185,0.084,0.0229,0.0513,0.021,0.1341,0.0327,0.1285,0.0405,0.1571,0.0511,0.028,0.0124,0.0473,0.0248,0.4223,0.1573
6370,-117.655,34.185,0.0816,0.0223,0.0504,0.0207,0.1304,0.0331,0.1273,0.0398,0.1521,0.0496,0.0281,0.0124,0.0468,0.0246,0.4134,0.1524
6371,-118.945,34.195,0.0758,0.0301,0.0826,0.0415,0.2123,0.0968,0.4548,0.2125,0.1467,0.0564,0.0177,0.0083,0.1656,0.0815,0.2128,0.0998
6372,-118.935,34.195,0.0802,0.0321,0.0864,0.0438,0.2177,0.0994,0.4677,0.2191,0.1596,0.0636,0.0203,0.009,0.1668,0.0823,0.2231,0.1072
6373,-118.925,34.195,0.0926,0.0382,0.09,0.0458,0.2351,0.1097,0.4997,0.2418,0.1851,0.078,0.0237,0.0111,0.1769,0.0893,0.2383,0.1181
6374,-118.915,34.195,0.0917,0.0374,0.0931,0.0476,0.2517,0.1194,0.5306,0.2638,0.1849,0.0773,0.0266,0.0133,0.1862,0.0957,0.2388,0.1177
6375,-118.905,34.195,0.0894,0.0359,0.0938,0.0478,0.2525,0.1189,0.5372,0.2655,0.1816,0.0747,0.027,0.0148,0.1834,0.0938,0.2407,0.1186
6376,-118.895,34.195,0.0959,0.039,0.0931,0.047,0.2544,0.1191,0.5466,0.2701,0.194,0.0812,0.0276,0.0166,0.1817,0.0927,0.2427,0.1195
6377,-118.885,34.195,0.0929,0.0371,0.0907,0.0452,0.2575,0.1199,0.5588,0.2776,0.1896,0.0778,0.0283,0.0186,0.1813,0.0925,0.2443,0.12
6378,-118.875,34.195,0.0999,0.0404,0.095,0.0477,0.2658,0.1244,0.5795,0.2941,0.2026,0.0847,0.0297,0.0214,0.1844,0.0949,0.2503,0.1241
6379,-118.865,34.195,0.1035,0.0419,0.0994,0.0503,0.2735,0.1285,0.5998,0.31,0.2093,0.0878,0.0309,0.0241,0.1871,0.097,0.2529,0.1255
6380,-118.855,34.195,0.1039,0.0418,0.0984,0.0494,0.2733,0.127,0.6093,0.3136,0.2103,0.0875,0.031,0.0258,0.1837,0.0947,0.2516,0.124
6381,-118.845,34.195,0.1022,0.0405,0.0977,0.0487,0.2715,0.1245,0.6166,0.3148,0.2074,0.0847,0.0307,0.0271,0.1791,0.0915,0.2474,0.1202
6382,-118.835,34.195,0.1028,0.0405,0.0971,0.0481,0.268,0.121,0.622,0.3135,0.2089,0.0846,0.03,0.0278,0.1734,0.0876,0.2437,0.1169
6383,-118.825,34.195,0.1047,0.0411,0.0985,0.0489,0.2732,0.1232,0.6401,0.3253,0.2128,0.0859,0.0302,0.0291,0.1734,0.0877,0.2434,0.1162
6384,-118.815,34.195,0.111,0.044,0.0996,0.0494,0.2766,0.1244,0.6553,0.334,0.2247,0.092,0.0301,0.03,0.1722,0.0871,0.2412,0.1143
6385,-118.805,34.195,0.108,0.0422,0.0975,0.0479,0.2632,0.1148,0.6428,0.3147,0.2206,0.0886,0.0278,0.0277,0.1598,0.0788,0.2355,0.11
6386,-118.795,34.195,0.1032,0.0396,0.0914,0.044,0.2543,0.1085,0.6356,0.3019,0.2131,0.0837,0.0263,0.0262,0.1505,0.0729,0.2249,0.1026
6387,-118.785,34.195,0.0918,0.0337,0.0813,0.0377,0.25,0.1055,0.6338,0.2956,0.1934,0.0721,0.0256,0.0253,0.1444,0.0693,0.2123,0.0942
6388,-118.775,34.195,0.0883,0.0318,0.0824,0.0382,0.2522,0.1058,0.6459,0.2971,0.1883,0.0685,0.0257,0.0253,0.1419,0.0678,0.2084,0.0914
6389,-118.765,34.195,0.0958,0.0351,0.0852,0.0397,0.2559,0.1071,0.6609,0.3003,0.2047,0.076,0.0259,0.0254,0.1404,0.067,0.2098,0.092
6390,-118.755,34.195,0.0964,0.0351,0.0848,0.0393,0.2604,0.1088,0.6764,0.3035,0.2076,0.0765,0.0261,0.0253,0.1392,0.0664,0.2116,0.0928
6391,-118.745,34.195,0.1007,0.0369,0.0867,0.0403,0.2649,0.1106,0.692,0.3065,0.2179,0.081,0.0263,0.0251,0.138,0.0658,0.2154,0.0948
6392,-118.735,34.195,0.1043,0.0382,0.0908,0.0426,0.2696,0.1124,0.7079,0.3091,0.2272,0.0848,0.0265,0.0249,0.1369,0.0652,0.219,0.0967
6393,-118.725,34.195,0.1104,0.0409,0.0938,0.0443,0.2747,0.1145,0.7251,0.3129,0.2412,0.0916,0.0269,0.0247,0.1357,0.0646,0.2216,0.0981
6394,-118.715,34.195,0.11,0.0403,0.0964,0.0457,0.2844,0.1192,0.7518,0.324,0.244,0.0916,0.0279,0.0251,0.1368,0.0655,0.2234,0.0989
6395,-118.705,34.195,0.1154,0.0425,0.0982,0.0466,0.3156,0.1366,0.8236,0.3697,0.2585,0.098,0.0314,0.0282,0.1485,0.073,0.2307,0.1032
6396,-118.695,34.195,0.1237,0.046,0.0998,0.0474,0.3362,0.1479,0.8735,0.4006,0.2792,0.1078,0.0337,0.0299,0.1546,0.077,0.2373,0.1071
6397,-118.685,34.195,0.1269,0.0472,0.1013,0.0481,0.3463,0.1532,0.9017,0.4166,0.2901,0.1125,0.035,0.0303,0.1553,0.0777,0.2437,0.1109
6398,-118.675,34.195,0.1303,0.0484,0.1044,0.0498,0.3551,0.1575,0.9306,0.431,0.3016,0.1175,0.0363,0.0307,0.156,0.0784,0.2504,0.1149
6399,-118.665,34.195,0.1338,0.0496,0.1093,0.0527,0.3651,0.1626,0.9606,0.4471,0.3138,0.1229,0.0377,0.0313,0.1574,0.0797,0.2579,0.1197
6400,-118.655,34.195,0.145,0.0548,0.1218,0.0605,0.3819,0.173,0.9947,0.4726,0.3391,0.1374,0.04,0.0328,0.1626,0.0838,0.2734,0.1308
6401,-118.645,34.195,0.1565,0.0602,0.1312,0.0665,0.4028,0.1869,1.0302,0.5038,0.3646,0.1526,0.0424,0.0347,0.1695,0.0891,0.2895,0.1427
6402,-118.635,34.195,0.1672,0.0651,0.1378,0.0706,0.428,0.2045,1.0669,0.5405,0.3891,0.1672,0.0449,0.0371,0.1781,0.0957,0.3043,0.154
6403,-118.625,34.195,0.1806,0.0716,0.1416,0.073,0.454,0.2249,1.0935,0.5771,0.4166,0.185,0.0477,0.04,0.187,0.1029,0.317,0.1641
6404,-118.615,34.195,0.187,0.0744,0.1447,0.0748,0.4781,0.244,1.1188,0.6111,0.4324,0.1942,0.0501,0.0427,0.1946,0.109,0.3226,0.1682
6405,-118.605,34.195,0.1921,0.0764,0.1469,0.076,0.4923,0.2539,1.1484,0.6323,0.4465,0.2016,0.0506,0.0437,0.1949,0.1096,0.3258,0.1701
6406,-118.595,34.195,0.1961,0.0778,0.1482,0.0766,0.4979,0.2574,1.1798,0.6464,0.4601,0.2085,0.0504,0.0442,0.1921,0.1078,0.3264,0.1696
6407,-118.585,34.195,0.198,0.078,0.1486,0.0766,0.4947,0.2546,1.2131,0.6534,0.4723,0.2138,0.0497,0.0442,0.1862,0.1036,0.3234,0.1659
6408,-118.575,34.195,0.1984,0.0773,0.15,0.0772,0.5061,0.2644,1.2341,0.6791,0.4834,0.2176,0.0513,0.0478,0.1882,0.1055,0.3254,0.1666
6409,-118.565,34.195,0.2046,0.08,0.1516,0.078,0.5187,0.2754,1.251,0.7052,0.5017,0.229,0.053,0.0517,0.1912,0.1081,0.3301,0.1697
6410,-118.555,34.195,0.2085,0.0814,0.1531,0.0787,0.5226,0.2798,1.2609,0.7146,0.5175,0.2378,0.0529,0.0536,0.1911,0.1084,0.3351,0.1731
6411,-118.545,34.195,0.2123,0.0828,0.1542,0.0792,0.5249,0.283,1.2682,0.7204,0.5344,0.248,0.051,0.0538,0.1907,0.1084,0.3384,0.1752
6412,-118.535,34.195,0.2146,0.0835,0.1551,0.0795,0.5254,0.2851,1.273,0.7226,0.5506,0.2577,0.0475,0.0524,0.19,0.1082,0.3415,0.177
6413,-118.525,34.195,0.2149,0.083,0.1544,0.0788,0.5213,0.2822,1.2852,0.7213,0.5659,0.2659,0.0426,0.0487,0.187,0.1062,0.344,0.1784
6414,-118.515,34.195,0.2141,0.0818,0.1533,0.0777,0.5162,0.2784,1.2972,0.7188,0.5811,0.274,0.0379,0.0447,0.1837,0.1039,0.3469,0.1803
6415,-118.505,34.195,0.2131,0.0805,0.1514,0.0762,0.5108,0.2745,1.3008,0.7144,0.5969,0.2828,0.0357,0.0412,0.1811,0.1022,0.3507,0.1831
6416,-118.495,34.195,0.2138,0.0801,0.1502,0.0751,0.5052,0.2705,1.2928,0.7081,0.6153,0.2954,0.0344,0.0382,0.1789,0.1008,0.3564,0.1877
6417,-118.485,34.195,0.2149,0.08,0.1497,0.0745,0.4995,0.2664,1.2734,0.7,0.634,0.3088,0.0341,0.0357,0.177,0.0997,0.363,0.1933
6418,-118.475,34.195,0.2162,0.08,0.1491,0.0739,0.4927,0.2617,1.2379,0.6864,0.6509,0.3205,0.0356,0.0364,0.1753,0.0987,0.3681,0.1972
6419,-118.465,34.195,0.2181,0.0802,0.1484,0.0733,0.4889,0.2579,1.1967,0.6703,0.6648,0.3283,0.0376,0.0381,0.1735,0.0977,0.3713,0.1991
6420,-118.455,34.195,0.2202,0.0806,0.1476,0.0727,0.5006,0.2592,1.1446,0.6475,0.6786,0.3355,0.0402,0.0409,0.1718,0.0967,0.3737,0.2001
6421,-118.445,34.195,0.2227,0.0814,0.1465,0.0718,0.5179,0.2625,1.0833,0.6173,0.693,0.3431,0.0426,0.0432,0.1699,0.0955,0.3759,0.201
6422,-118.435,34.195,0.2252,0.0823,0.1452,0.0708,0.5408,0.2675,1.0128,0.5796,0.7074,0.3503,0.0447,0.0449,0.1678,0.0942,0.3774,0.2011
6423,-118.425,34.195,0.227,0.0828,0.1422,0.0688,0.5581,0.27,0.9494,0.5382,0.7209,0.3554,0.0464,0.0456,0.1642,0.0918,0.3776,0.2001
6424,-118.415,34.195,0.2267,0.0822,0.139,0.0667,0.5744,0.2725,0.8934,0.4988,0.7318,0.3557,0.0482,0.0462,0.1605,0.0893,0.376,0.1975
6425,-118.405,34.195,0.2301,0.0835,0.1372,0.0655,0.5908,0.278,0.8665,0.4727,0.7457,0.3615,0.0505,0.0469,0.1582,0.0879,0.3765,0.1968
6426,-118.395,34.195,0.237,0.0867,0.1355,0.0644,0.6071,0.2848,0.8559,0.4529,0.7612,0.3717,0.0527,0.0469,0.1561,0.0867,0.3782,0.1973
6427,-118.385,34.195,0.2427,0.0893,0.1339,0.0635,0.6232,0.2927,0.8616,0.4394,0.7725,0.3776,0.0547,0.046,0.1544,0.0857,0.3801,0.1981
6428,-118.375,34.195,0.2482,0.0918,0.132,0.0624,0.6388,0.3022,0.8627,0.422,0.7802,0.3809,0.0567,0.0439,0.1526,0.0847,0.3815,0.1984
6429,-118.365,34.195,0.2543,0.0948,0.13,0.0613,0.6542,0.3125,0.8596,0.4031,0.7834,0.3809,0.0588,0.0416,0.1508,0.0837,0.3821,0.1979
6430,-118.355,34.195,0.261,0.0979,0.128,0.0601,0.6689,0.3248,0.8407,0.3813,0.7811,0.3764,0.0608,0.0398,0.1492,0.0828,0.3796,0.1947
6431,-118.345,34.195,0.2676,0.101,0.125,0.0584,0.6821,0.337,0.8164,0.3576,0.775,0.3674,0.062,0.0394,0.1473,0.0817,0.3736,0.1886
6432,-118.335,34.195,0.274,0.1038,0.1211,0.0562,0.6937,0.3492,0.7868,0.332,0.7681,0.3571,0.0622,0.0404,0.1451,0.0803,0.3634,0.1793
6433,-118.325,34.195,0.2789,0.1054,0.1136,0.0521,0.6932,0.3506,0.7496,0.297,0.7593,0.3435,0.0603,0.0407,0.1392,0.0763,0.3454,0.1651
6434,-118.315,34.195,0.2722,0.1006,0.1051,0.0474,0.6804,0.3429,0.7026,0.2571,0.7329,0.3141,0.0571,0.0398,0.1306,0.0704,0.3209,0.1471
6435,-118.305,34.195,0.2473,0.0871,0.0948,0.0415,0.6198,0.3021,0.6154,0.2024,0.6749,0.2642,0.0497,0.0344,0.1128,0.0587,0.2916,0.1268
6436,-118.295,34.195,0.2047,0.0662,0.0803,0.0337,0.5641,0.2698,0.5423,0.164,0.5748,0.1977,0.0441,0.0301,0.0989,0.0499,0.2586,0.1056
6437,-118.285,34.195,0.1742,0.0526,0.0616,0.024,0.5133,0.2461,0.4832,0.142,0.4891,0.1535,0.0403,0.027,0.089,0.0441,0.2234,0.0863
6438,-118.275,34.195,0.1721,0.051,0.0569,0.0216,0.4678,0.2158,0.429,0.1172,0.4765,0.1461,0.0362,0.0229,0.079,0.0379,0.2079,0.0783
6439,-118.265,34.195,0.1787,0.0526,0.0553,0.0208,0.4316,0.1896,0.3839,0.0949,0.4875,0.1489,0.0327,0.0193,0.0708,0.0327,0.2034,0.0758
6440,-118.255,34.195,0.1854,0.0541,0.055,0.0206,0.4353,0.1909,0.3787,0.0876,0.4971,0.1521,0.0332,0.0194,0.0712,0.033,0.209,0.0782
6441,-118.245,34.195,0.1946,0.0565,0.0619,0.024,0.5004,0.2332,0.4295,0.0955,0.5117,0.1583,0.0401,0.0243,0.0847,0.0419,0.2264,0.0864
6442,-118.235,34.195,0.273,0.0878,0.0763,0.0311,0.6269,0.3165,0.5361,0.1186,0.6738,0.2442,0.0534,0.0341,0.1111,0.0591,0.2739,0.112
6443,-118.225,34.195,0.2596,0.0794,0.0669,0.0263,0.5359,0.2495,0.4466,0.0947,0.6459,0.2246,0.0446,0.0271,0.093,0.0475,0.2674,0.108
6444,-118.215,34.195,0.2064,0.0576,0.0557,0.0206,0.4375,0.1757,0.3487,0.0714,0.5175,0.1662,0.0351,0.0193,0.0734,0.035,0.2427,0.0942
6445,-118.205,34.195,0.2345,0.0676,0.0592,0.0223,0.5209,0.2191,0.4055,0.0975,0.5695,0.195,0.0438,0.0249,0.0909,0.0464,0.2494,0.0982
6446,-118.195,34.195,0.2823,0.0856,0.0646,0.0248,0.5544,0.2302,0.4241,0.1099,0.658,0.2444,0.0471,0.0268,0.0981,0.0512,0.2716,0.1092
6447,-118.185,34.195,0.3017,0.0913,0.072,0.028,0.538,0.2089,0.4046,0.1086,0.6881,0.2563,0.0451,0.0252,0.0949,0.0491,0.2859,0.1158
6448,-118.175,34.195,0.3465,0.1105,0.0809,0.0324,0.5446,0.2033,0.4115,0.1148,0.7473,0.3018,0.0456,0.0255,0.0977,0.051,0.3021,0.1242
6449,-118.165,34.195,0.3406,0.106,0.0884,0.0361,0.5533,0.2012,0.4224,0.122,0.7286,0.2844,0.0465,0.0259,0.1012,0.0534,0.3249,0.1374
6450,-118.155,34.195,0.3449,0.1064,0.0869,0.0351,0.5488,0.2004,0.4264,0.1264,0.727,0.2807,0.0462,0.0252,0.1028,0.0546,0.3317,0.141
6451,-118.145,34.195,0.3528,0.1087,0.0868,0.0349,0.5384,0.1965,0.4282,0.1285,0.7305,0.2817,0.0454,0.0237,0.1032,0.0551,0.3375,0.144
6452,-118.135,34.195,0.3575,0.1096,0.0884,0.0355,0.5222,0.1896,0.428,0.1283,0.7369,0.282,0.0441,0.0216,0.1026,0.0549,0.3386,0.1441
6453,-118.125,34.195,0.357,0.1082,0.0892,0.0357,0.4616,0.1617,0.3914,0.1128,0.7395,0.2783,0.0389,0.0174,0.0924,0.0484,0.3316,0.1395
6454,-118.115,34.195,0.3171,0.0917,0.0876,0.0348,0.3991,0.1329,0.353,0.0963,0.6741,0.2398,0.0337,0.0136,0.0817,0.0417,0.3104,0.1264
6455,-118.105,34.195,0.2673,0.0715,0.0746,0.0281,0.3717,0.1212,0.3425,0.0904,0.6075,0.1995,0.0324,0.0135,0.0787,0.0401,0.2908,0.1152
6456,-118.095,34.195,0.247,0.0642,0.0672,0.0244,0.3399,0.1066,0.3246,0.0821,0.5941,0.1928,0.0305,0.0129,0.074,0.0372,0.2775,0.108
6457,-118.085,34.195,0.2412,0.0622,0.0655,0.0235,0.3037,0.0892,0.2993,0.0714,0.6154,0.2013,0.0278,0.0119,0.0675,0.033,0.2715,0.105
6458,-118.075,34.195,0.2387,0.0618,0.0659,0.0236,0.287,0.081,0.2884,0.0685,0.649,0.2151,0.0266,0.0117,0.0656,0.0319,0.2722,0.1053
6459,-118.065,34.195,0.2328,0.0608,0.0667,0.0239,0.2747,0.075,0.2803,0.0674,0.6786,0.2272,0.0257,0.0115,0.0647,0.0314,0.276,0.1071
6460,-118.055,34.195,0.2261,0.0596,0.067,0.024,0.265,0.0697,0.271,0.0676,0.7062,0.2383,0.0245,0.0112,0.064,0.0311,0.2795,0.1088
6461,-118.045,34.195,0.2196,0.0582,0.0673,0.024,0.2562,0.0648,0.2617,0.068,0.7334,0.2491,0.0231,0.0107,0.0633,0.0308,0.2825,0.1101
6462,-118.035,34.195,0.2142,0.057,0.0675,0.0241,0.2482,0.0602,0.2522,0.0686,0.7608,0.26,0.0216,0.0102,0.0626,0.0305,0.2852,0.1113
6463,-118.025,34.195,0.2097,0.0558,0.0678,0.0242,0.2405,0.0565,0.2424,0.0679,0.7893,0.2712,0.0209,0.0102,0.062,0.0302,0.2882,0.1125
6464,-118.015,34.195,0.2058,0.0548,0.068,0.0243,0.2326,0.0536,0.2325,0.0668,0.811,0.2799,0.0205,0.0103,0.0614,0.03,0.2906,0.1135
6465,-118.005,34.195,0.2018,0.0536,0.0679,0.0243,0.2236,0.0529,0.2224,0.0649,0.8162,0.2823,0.0213,0.011,0.0607,0.0296,0.2926,0.1143
6466,-117.995,34.195,0.1983,0.0525,0.0677,0.0242,0.2151,0.0524,0.2126,0.0626,0.8062,0.2791,0.0221,0.0116,0.06,0.0293,0.2945,0.1149
6467,-117.985,34.195,0.1952,0.0516,0.0675,0.0242,0.2071,0.0521,0.2031,0.0602,0.7833,0.2712,0.0229,0.0122,0.0594,0.0291,0.2968,0.1158
6468,-117.975,34.195,0.192,0.0506,0.0673,0.0241,0.2,0.0518,0.1941,0.0575,0.7503,0.2596,0.0235,0.0126,0.0589,0.0288,0.2994,0.1168
6469,-117.965,34.195,0.1887,0.0497,0.067,0.0241,0.1934,0.0514,0.1856,0.0549,0.711,0.2458,0.0241,0.0129,0.0584,0.0286,0.3022,0.1179
6470,-117.955,34.195,0.1854,0.0487,0.0667,0.0241,0.1877,0.051,0.1783,0.0525,0.67,0.2314,0.0246,0.0131,0.058,0.0285,0.3054,0.1192
6471,-117.945,34.195,0.1821,0.0478,0.0665,0.0241,0.1825,0.0506,0.1718,0.0504,0.6291,0.217,0.025,0.0133,0.0576,0.0284,0.3088,0.1206
6472,-117.935,34.195,0.1787,0.0469,0.0663,0.0241,0.1777,0.0502,0.1663,0.0487,0.5902,0.2033,0.0254,0.0135,0.0573,0.0283,0.3125,0.1221
6473,-117.925,34.195,0.1754,0.0461,0.0661,0.0241,0.1737,0.0498,0.1621,0.0476,0.5534,0.1905,0.0257,0.0136,0.057,0.0282,0.3164,0.1236
6474,-117.915,34.195,0.172,0.0452,0.0659,0.0241,0.1699,0.0494,0.1586,0.0467,0.5198,0.1787,0.026,0.0138,0.0568,0.0282,0.3204,0.1252
6475,-117.905,34.195,0.1686,0.0444,0.0657,0.0242,0.1665,0.049,0.1562,0.0464,0.4888,0.1677,0.0263,0.0139,0.0566,0.0282,0.3244,0.1267
6476,-117.895,34.195,0.165,0.0435,0.0654,0.0242,0.1634,0.0486,0.1541,0.0462,0.46,0.1575,0.0267,0.0141,0.0564,0.0281,0.3284,0.1281
6477,-117.885,34.195,0.1614,0.0426,0.0652,0.0242,0.1605,0.0482,0.1524,0.0462,0.4337,0.1481,0.027,0.0142,0.0562,0.0281,0.3324,0.1294
6478,-117.875,34.195,0.1577,0.0416,0.0649,0.0242,0.1579,0.0476,0.1509,0.0464,0.4092,0.1394,0.0273,0.0143,0.056,0.0281,0.3363,0.1306
6479,-117.865,34.195,0.1538,0.0406,0.0646,0.0242,0.1553,0.0471,0.1494,0.0466,0.387,0.1314,0.0277,0.0144,0.0558,0.0281,0.3401,0.1318
6480,-117.855,34.195,0.1499,0.0397,0.0643,0.0242,0.153,0.0465,0.148,0.0467,0.3665,0.1242,0.028,0.0145,0.0556,0.0281,0.3441,0.1331
6481,-117.845,34.195,0.1459,0.0386,0.0639,0.0242,0.1507,0.0459,0.1467,0.0468,0.3474,0.1174,0.0283,0.0146,0.0553,0.028,0.3481,0.1344
6482,-117.835,34.195,0.142,0.0376,0.0635,0.0242,0.1487,0.0452,0.1453,0.0469,0.3298,0.1112,0.0286,0.0146,0.0551,0.028,0.3519,0.1357
6483,-117.825,34.195,0.1379,0.0366,0.0631,0.0242,0.1469,0.0445,0.1442,0.047,0.3134,0.1054,0.0289,0.0146,0.0548,0.0279,0.3558,0.1369
6484,-117.815,34.195,0.1339,0.0355,0.0626,0.0241,0.1452,0.0437,0.1431,0.0471,0.2981,0.1,0.0292,0.0146,0.0545,0.0278,0.3596,0.1381
6485,-117.805,34.195,0.13,0.0345,0.0622,0.0241,0.1438,0.043,0.1421,0.0471,0.284,0.095,0.0295,0.0146,0.0542,0.0277,0.3634,0.1393
6486,-117.795,34.195,0.1261,0.0335,0.0617,0.024,0.1425,0.0422,0.1411,0.047,0.2705,0.0902,0.0297,0.0145,0.0539,0.0276,0.367,0.1404
6487,-117.785,34.195,0.1223,0.0325,0.0611,0.0239,0.1413,0.0415,0.1403,0.0469,0.258,0.0858,0.0298,0.0144,0.0535,0.0275,0.3706,0.1414
6488,-117.775,34.195,0.1185,0.0316,0.0605,0.0238,0.1405,0.0407,0.1394,0.0467,0.2462,0.0817,0.0299,0.0143,0.0531,0.0273,0.374,0.1424
6489,-117.765,34.195,0.1148,0.0306,0.0598,0.0237,0.1397,0.0399,0.1386,0.0464,0.2353,0.0778,0.0299,0.0141,0.0527,0.0272,0.3773,0.1432
6490,-117.755,34.195,0.1113,0.0297,0.0591,0.0235,0.1392,0.0391,0.1377,0.046,0.225,0.0742,0.0299,0.0139,0.0522,0.027,0.3835,0.1454
6491,-117.745,34.195,0.1093,0.0294,0.0584,0.0233,0.1417,0.0393,0.1397,0.0468,0.2183,0.0721,0.0304,0.0141,0.0528,0.0275,0.3926,0.149
6492,-117.735,34.195,0.1049,0.0282,0.0576,0.0231,0.1472,0.0405,0.1446,0.0487,0.2071,0.0681,0.0314,0.0146,0.0545,0.0287,0.4015,0.1526
6493,-117.725,34.195,0.1072,0.0293,0.0627,0.026,0.1441,0.0386,0.1408,0.0467,0.2093,0.0697,0.0305,0.014,0.0528,0.0277,0.4131,0.1573
6494,-117.715,34.195,0.1105,0.0308,0.0667,0.0283,0.1398,0.0363,0.1358,0.0442,0.2133,0.0722,0.0293,0.0132,0.0507,0.0264,0.412,0.1559
6495,-117.705,34.195,0.0947,0.0256,0.0584,0.0242,0.1385,0.0352,0.1339,0.0429,0.1815,0.0593,0.0288,0.0128,0.0498,0.0259,0.4037,0.1509
6496,-117.695,34.195,0.0917,0.0248,0.0538,0.022,0.1374,0.0343,0.1325,0.0419,0.1742,0.0568,0.0283,0.0124,0.049,0.0255,0.4026,0.1496
6497,-117.685,34.195,0.0892,0.0242,0.053,0.0218,0.1365,0.0337,0.1315,0.041,0.1679,0.0548,0.0281,0.0122,0.0484,0.0252,0.421,0.1574
6498,-117.675,34.195,0.1078,0.0314,0.0543,0.0227,0.136,0.034,0.132,0.0408,0.2003,0.0702,0.0282,0.0122,0.0483,0.0252,0.4393,0.1653
6499,-117.665,34.195,0.0845,0.0232,0.0551,0.0234,0.1348,0.0343,0.1322,0.0405,0.1571,0.0513,0.0284,0.0122,0.0482,0.0253,0.4471,0.1683
6500,-117.655,34.195,0.0813,0.0223,0.0514,0.0215,0.1301,0.0339,0.1296,0.0394,0.1506,0.0492,0.0283,0.012,0.0471,0.0247,0.4354,0.1617
6501,-118.945,34.205,0.0676,0.0261,0.0733,0.0359,0.1972,0.0866,0.4213,0.188,0.1329,0.0494,0.0164,0.0088,0.1545,0.073,0.1965,0.0882
6502,-118.935,34.205,0.0713,0.0276,0.0764,0.0376,0.2025,0.089,0.4352,0.1945,0.1424,0.0542,0.0184,0.0093,0.1557,0.0739,0.2049,0.0935
6503,-118.925,34.205,0.0784,0.031,0.0783,0.0386,0.2198,0.0993,0.4689,0.2177,0.1576,0.0625,0.0215,0.0112,0.1658,0.0809,0.2192,0.1028
6504,-118.915,34.205,0.0828,0.0329,0.0801,0.0395,0.2376,0.1098,0.5041,0.2419,0.1675,0.0674,0.0245,0.0134,0.1761,0.088,0.2294,0.1096
6505,-118.905,34.205,0.0873,0.0349,0.0823,0.0406,0.2456,0.1138,0.5267,0.2549,0.1772,0.0721,0.0259,0.0154,0.1787,0.0897,0.2338,0.1123
6506,-118.895,34.205,0.0864,0.0341,0.0868,0.0433,0.2534,0.1177,0.5487,0.2689,0.1768,0.0713,0.0272,0.0176,0.1813,0.0915,0.2391,0.1156
6507,-118.885,34.205,0.0961,0.0388,0.0939,0.0476,0.2607,0.1215,0.57,0.2839,0.1952,0.0814,0.0285,0.0199,0.1837,0.0934,0.2488,0.1222
6508,-118.875,34.205,0.1016,0.0414,0.0973,0.0495,0.2696,0.1264,0.5942,0.3027,0.2064,0.0872,0.0299,0.0227,0.1872,0.0961,0.2579,0.1286
6509,-118.865,34.205,0.1047,0.0426,0.0994,0.0507,0.2769,0.1301,0.6162,0.3192,0.2124,0.09,0.0311,0.0253,0.1893,0.0977,0.2602,0.1298
6510,-118.855,34.205,0.1052,0.0425,0.0993,0.0504,0.2741,0.1268,0.6242,0.3202,0.2131,0.0895,0.0307,0.0265,0.1839,0.094,0.2591,0.1284
6511,-118.845,34.205,0.1063,0.0427,0.0985,0.0497,0.2724,0.1244,0.6339,0.323,0.2148,0.0895,0.0303,0.0276,0.1793,0.0908,0.256,0.1253
6512,-118.835,34.205,0.1053,0.0418,0.0973,0.0486,0.272,0.1229,0.6454,0.3276,0.2132,0.0875,0.0299,0.0286,0.1755,0.0883,0.2513,0.1213
6513,-118.825,34.205,0.106,0.0418,0.092,0.0452,0.2698,0.1206,0.6506,0.3275,0.2146,0.0873,0.0292,0.0288,0.1706,0.0852,0.2435,0.1152
6514,-118.815,34.205,0.0987,0.0379,0.0862,0.0414,0.2656,0.117,0.652,0.3234,0.2021,0.0794,0.0282,0.0284,0.1643,0.0813,0.2335,0.1079
6515,-118.805,34.205,0.0939,0.0353,0.082,0.0387,0.2526,0.1077,0.6408,0.3043,0.194,0.0742,0.0259,0.0261,0.1523,0.0733,0.2212,0.0993
6516,-118.795,34.205,0.0868,0.0316,0.0787,0.0366,0.2434,0.1011,0.6339,0.2904,0.1816,0.0669,0.0243,0.0244,0.1429,0.0673,0.2054,0.0894
6517,-118.785,34.205,0.0867,0.0313,0.0764,0.0351,0.2381,0.0973,0.6313,0.282,0.1825,0.0666,0.0233,0.0233,0.1362,0.0633,0.2017,0.0869
6518,-118.775,34.205,0.088,0.0317,0.0769,0.0352,0.2406,0.0979,0.6447,0.2836,0.1863,0.0678,0.0234,0.0233,0.1342,0.0621,0.2008,0.0861
6519,-118.765,34.205,0.0892,0.032,0.0777,0.0356,0.2448,0.0993,0.6612,0.287,0.1901,0.0689,0.0236,0.0234,0.133,0.0616,0.2011,0.086
6520,-118.755,34.205,0.0902,0.0322,0.0777,0.0354,0.2489,0.1008,0.6765,0.2887,0.1939,0.07,0.0238,0.0234,0.1316,0.0609,0.2013,0.0859
6521,-118.745,34.205,0.0912,0.0324,0.0783,0.0356,0.2531,0.1023,0.6915,0.2897,0.1977,0.0711,0.024,0.0232,0.1303,0.0602,0.2015,0.0858
6522,-118.735,34.205,0.0921,0.0326,0.0793,0.0361,0.2575,0.1038,0.7062,0.29,0.2016,0.0722,0.0243,0.0231,0.1288,0.0594,0.2017,0.0857
6523,-118.725,34.205,0.0929,0.0327,0.0801,0.0365,0.2622,0.1056,0.7209,0.2908,0.2058,0.0734,0.0246,0.023,0.1275,0.0587,0.202,0.0856
6524,-118.715,34.205,0.0939,0.0329,0.0809,0.0368,0.2711,0.1099,0.7446,0.2988,0.2107,0.0749,0.0255,0.0234,0.1281,0.0593,0.2032,0.0861
6525,-118.705,34.205,0.0992,0.035,0.0819,0.0372,0.3008,0.1263,0.8124,0.3415,0.2245,0.081,0.0288,0.0264,0.1389,0.0663,0.2126,0.0913
6526,-118.695,34.205,0.1054,0.0375,0.0837,0.0381,0.3208,0.1372,0.8613,0.3715,0.2409,0.0884,0.0309,0.0281,0.1446,0.0702,0.221,0.0961
6527,-118.685,34.205,0.1108,0.0396,0.0864,0.0395,0.3312,0.1426,0.8912,0.3888,0.256,0.0951,0.0321,0.0286,0.1454,0.0709,0.2313,0.1021
6528,-118.675,34.205,0.12,0.0435,0.0951,0.0445,0.3452,0.1496,0.9313,0.4112,0.2796,0.1062,0.0336,0.0294,0.148,0.0727,0.2444,0.1101
6529,-118.665,34.205,0.1311,0.0483,0.1042,0.0498,0.3604,0.1574,0.9737,0.4352,0.307,0.1201,0.0351,0.0303,0.1513,0.075,0.2583,0.119
6530,-118.655,34.205,0.1345,0.0495,0.1089,0.0526,0.3783,0.1673,1.0173,0.4616,0.3194,0.1258,0.0367,0.0313,0.1556,0.0781,0.269,0.1261
6531,-118.645,34.205,0.1438,0.0536,0.1178,0.0582,0.4038,0.1839,1.0586,0.4989,0.3425,0.1386,0.0392,0.0333,0.1639,0.0842,0.2848,0.1376
6532,-118.635,34.205,0.1625,0.0627,0.1308,0.0665,0.4368,0.2073,1.0974,0.5471,0.3809,0.1632,0.0428,0.0364,0.176,0.0933,0.3054,0.1534
6533,-118.625,34.205,0.1783,0.0704,0.1365,0.0701,0.4665,0.2307,1.1219,0.5879,0.412,0.184,0.0462,0.0396,0.1866,0.1017,0.3251,0.1693
6534,-118.615,34.205,0.1857,0.0738,0.1403,0.0724,0.4932,0.2519,1.1446,0.6246,0.4284,0.194,0.0492,0.0425,0.1954,0.1088,0.3328,0.1753
6535,-118.605,34.205,0.1906,0.0756,0.1422,0.0734,0.5087,0.2627,1.1721,0.6489,0.4411,0.2006,0.05,0.0438,0.196,0.1097,0.3368,0.1779
6536,-118.595,34.205,0.1942,0.0768,0.1435,0.074,0.52,0.2711,1.2002,0.675,0.4534,0.2068,0.0509,0.0458,0.196,0.11,0.3388,0.1787
6537,-118.585,34.205,0.1966,0.0772,0.1444,0.0743,0.5271,0.2773,1.2289,0.7028,0.4657,0.2127,0.052,0.0483,0.1952,0.1098,0.3401,0.1789
6538,-118.575,34.205,0.1988,0.0775,0.1454,0.0747,0.5342,0.2828,1.2516,0.7236,0.4786,0.219,0.0527,0.0515,0.194,0.1092,0.3417,0.1792
6539,-118.565,34.205,0.2018,0.0784,0.1464,0.0751,0.5409,0.288,1.2713,0.7419,0.492,0.2258,0.0531,0.0545,0.1929,0.1086,0.3437,0.18
6540,-118.555,34.205,0.2056,0.0799,0.1478,0.0757,0.5457,0.2926,1.2824,0.7548,0.5064,0.2338,0.0527,0.0557,0.1923,0.1085,0.3464,0.1814
6541,-118.545,34.205,0.2092,0.0812,0.1489,0.0761,0.5491,0.2961,1.2909,0.7644,0.5215,0.2427,0.051,0.0556,0.1914,0.1082,0.3495,0.1832
6542,-118.535,34.205,0.2112,0.0816,0.1497,0.0763,0.551,0.2987,1.2968,0.7709,0.5357,0.2509,0.048,0.0539,0.1903,0.1077,0.3519,0.1845
6543,-118.525,34.205,0.2109,0.0807,0.1489,0.0755,0.5487,0.2965,1.3098,0.7719,0.5482,0.257,0.0436,0.0502,0.1872,0.1055,0.3533,0.1848
6544,-118.515,34.205,0.2095,0.0792,0.1478,0.0745,0.5455,0.2932,1.3229,0.7708,0.5606,0.263,0.0394,0.0462,0.1838,0.1032,0.355,0.1855
6545,-118.505,34.205,0.2086,0.0779,0.1466,0.0734,0.5419,0.2898,1.3297,0.7642,0.574,0.2704,0.0374,0.043,0.181,0.1014,0.3577,0.1872
6546,-118.495,34.205,0.2088,0.0773,0.1455,0.0724,0.5378,0.2858,1.3233,0.7527,0.5888,0.2798,0.0364,0.0405,0.1786,0.0998,0.362,0.1904
6547,-118.485,34.205,0.2088,0.0765,0.1446,0.0716,0.5332,0.2813,1.3037,0.7364,0.603,0.2887,0.0364,0.0386,0.1764,0.0985,0.3663,0.1936
6548,-118.475,34.205,0.2088,0.0757,0.1437,0.0708,0.5257,0.276,1.2617,0.7105,0.6158,0.296,0.0379,0.039,0.1742,0.0972,0.3702,0.1962
6549,-118.465,34.205,0.2106,0.0759,0.1429,0.0701,0.5206,0.2721,1.2122,0.6823,0.6297,0.3044,0.0397,0.0401,0.1722,0.096,0.3738,0.1985
6550,-118.455,34.205,0.2135,0.0768,0.1429,0.0699,0.5303,0.2758,1.1487,0.6523,0.644,0.3132,0.0421,0.0421,0.1713,0.0956,0.3777,0.2011
6551,-118.445,34.205,0.2165,0.0778,0.1424,0.0695,0.5466,0.2811,1.0787,0.6181,0.6581,0.3214,0.0444,0.0436,0.17,0.095,0.381,0.203
6552,-118.435,34.205,0.2198,0.079,0.1417,0.0689,0.5696,0.2881,1.0021,0.5797,0.6717,0.3288,0.0466,0.0445,0.1685,0.0942,0.3833,0.2039
6553,-118.425,34.205,0.2228,0.0801,0.1396,0.0675,0.5885,0.2929,0.9373,0.5413,0.6841,0.3344,0.0485,0.0454,0.1657,0.0924,0.384,0.2035
6554,-118.415,34.205,0.2243,0.0804,0.1372,0.0659,0.6062,0.2972,0.8806,0.5041,0.6934,0.3357,0.0503,0.0462,0.1627,0.0904,0.3824,0.2008
6555,-118.405,34.205,0.2272,0.0815,0.1347,0.0642,0.6217,0.3013,0.8519,0.4729,0.7028,0.3379,0.0524,0.0468,0.1596,0.0884,0.381,0.1984
6556,-118.395,34.205,0.2323,0.0836,0.1324,0.0628,0.6374,0.307,0.8366,0.4484,0.7122,0.3418,0.0545,0.0469,0.1572,0.0869,0.3807,0.1972
6557,-118.385,34.205,0.2378,0.086,0.1305,0.0616,0.6532,0.3143,0.8348,0.4306,0.7193,0.3443,0.0567,0.0464,0.1553,0.0859,0.3811,0.1966
6558,-118.375,34.205,0.2438,0.0887,0.1285,0.0605,0.6685,0.3232,0.8283,0.4109,0.724,0.3454,0.059,0.0448,0.1536,0.0849,0.3815,0.196
6559,-118.365,34.205,0.2497,0.0913,0.1264,0.0593,0.6788,0.3286,0.8148,0.3867,0.7246,0.3436,0.0605,0.0424,0.1504,0.0829,0.3803,0.1938
6560,-118.355,34.205,0.2545,0.0932,0.1234,0.0575,0.6648,0.3158,0.7716,0.3429,0.7196,0.3362,0.0587,0.0377,0.1406,0.0763,0.3712,0.1858
6561,-118.345,34.205,0.2583,0.0945,0.117,0.0537,0.6481,0.306,0.7238,0.3031,0.7104,0.3242,0.0565,0.0347,0.1318,0.0708,0.3554,0.1726
6562,-118.335,34.205,0.2493,0.089,0.1072,0.048,0.6288,0.2992,0.6712,0.2673,0.6818,0.2924,0.054,0.0336,0.1242,0.0662,0.3323,0.1541
6563,-118.325,34.205,0.2131,0.0723,0.089,0.0383,0.6245,0.2957,0.6364,0.2355,0.5819,0.2277,0.0519,0.033,0.1182,0.0622,0.2935,0.1267
6564,-118.315,34.205,0.1923,0.0625,0.0721,0.0294,0.6135,0.2864,0.5969,0.2014,0.52,0.1889,0.0491,0.0317,0.1107,0.0571,0.257,0.1046
6565,-118.305,34.205,0.1753,0.0536,0.0698,0.0281,0.5556,0.2443,0.5161,0.1521,0.4758,0.1564,0.042,0.0262,0.094,0.0462,0.2312,0.09
6566,-118.295,34.205,0.1678,0.0501,0.0648,0.0255,0.5036,0.212,0.4492,0.119,0.4476,0.1418,0.0367,0.0221,0.0815,0.0384,0.2164,0.0823
6567,-118.285,34.205,0.1629,0.0476,0.0572,0.0217,0.4574,0.1894,0.3963,0.1021,0.4272,0.131,0.0333,0.0193,0.073,0.0335,0.2035,0.0758
6568,-118.275,34.205,0.1689,0.0492,0.0552,0.0207,0.4537,0.1885,0.3835,0.0967,0.4361,0.1326,0.033,0.0188,0.0719,0.033,0.2039,0.0757
6569,-118.265,34.205,0.1753,0.0508,0.0545,0.0204,0.4626,0.1938,0.3822,0.0939,0.4447,0.1346,0.0337,0.019,0.0729,0.0337,0.2077,0.0772
6570,-118.255,34.205,0.182,0.0525,0.0543,0.0202,0.4903,0.2076,0.3963,0.0928,0.4534,0.1374,0.0359,0.0202,0.0773,0.0365,0.221,0.0835
6571,-118.245,34.205,0.2372,0.0749,0.0657,0.0261,0.5709,0.2617,0.4605,0.1061,0.5543,0.1927,0.0445,0.0266,0.0944,0.0478,0.2597,0.1026
6572,-118.235,34.205,0.3172,0.1091,0.0888,0.0381,0.7044,0.356,0.5748,0.1339,0.6974,0.2807,0.0594,0.038,0.1242,0.0677,0.3202,0.1388
6573,-118.225,34.205,0.3159,0.1057,0.0771,0.0317,0.6229,0.2925,0.4963,0.1121,0.6975,0.2768,0.0514,0.0316,0.1072,0.0566,0.3116,0.1327
6574,-118.215,34.205,0.2361,0.0691,0.0637,0.0245,0.5332,0.2205,0.4087,0.0903,0.5468,0.1867,0.0424,0.0244,0.0883,0.0442,0.2863,0.1161
6575,-118.205,34.205,0.3087,0.0988,0.0775,0.0316,0.618,0.2656,0.4694,0.1188,0.6756,0.2666,0.0518,0.0303,0.1066,0.0563,0.3133,0.1313
6576,-118.195,34.205,0.3214,0.1024,0.0808,0.0331,0.627,0.264,0.4719,0.126,0.692,0.276,0.0532,0.0309,0.1096,0.0583,0.3205,0.1352
6577,-118.185,34.205,0.2954,0.0895,0.0736,0.0289,0.5603,0.2155,0.4162,0.112,0.634,0.2364,0.0467,0.0259,0.097,0.0503,0.3061,0.126
6578,-118.175,34.205,0.2909,0.0864,0.0736,0.0288,0.5239,0.189,0.3903,0.1063,0.6098,0.2206,0.0432,0.0232,0.0912,0.0466,0.2924,0.1171
6579,-118.165,34.205,0.2898,0.0852,0.0744,0.0291,0.4986,0.1711,0.3749,0.1039,0.6007,0.215,0.0408,0.0213,0.0879,0.0446,0.2947,0.1178
6580,-118.155,34.205,0.3035,0.0906,0.0714,0.0275,0.4966,0.1727,0.3813,0.1092,0.6184,0.2268,0.0411,0.0209,0.0902,0.0464,0.3013,0.1213
6581,-118.145,34.205,0.2918,0.0852,0.0697,0.0265,0.488,0.1704,0.384,0.1118,0.5942,0.212,0.0406,0.0198,0.0911,0.0471,0.3037,0.1222
6582,-118.135,34.205,0.2818,0.0811,0.0694,0.0263,0.4728,0.1642,0.3832,0.1115,0.5774,0.2026,0.0395,0.0182,0.0906,0.047,0.296,0.1176
6583,-118.125,34.205,0.2598,0.0727,0.0677,0.0254,0.413,0.1367,0.3449,0.0958,0.5419,0.1841,0.0344,0.0147,0.0803,0.0404,0.2781,0.1078
6584,-118.115,34.205,0.2277,0.0602,0.0657,0.0244,0.3514,0.1084,0.3047,0.0792,0.495,0.1574,0.0294,0.0114,0.0696,0.0336,0.2591,0.0982
6585,-118.105,34.205,0.2201,0.0575,0.0635,0.0231,0.3251,0.0976,0.2921,0.0734,0.5013,0.1589,0.028,0.011,0.0664,0.0318,0.2557,0.0965
6586,-118.095,34.205,0.2201,0.0577,0.0626,0.0226,0.3073,0.09,0.2857,0.0699,0.5298,0.17,0.0274,0.011,0.0649,0.031,0.2594,0.0982
6587,-118.085,34.205,0.2185,0.0576,0.0631,0.0227,0.2978,0.0854,0.2857,0.0686,0.5589,0.1816,0.0276,0.0116,0.0651,0.0312,0.2666,0.1017
6588,-118.075,34.205,0.2152,0.0572,0.0639,0.023,0.2877,0.0805,0.2825,0.0676,0.5878,0.1932,0.0274,0.0119,0.0649,0.0313,0.2734,0.105
6589,-118.065,34.205,0.2103,0.0564,0.0647,0.0233,0.2777,0.0755,0.2779,0.0669,0.6152,0.2043,0.027,0.0121,0.0647,0.0312,0.2789,0.1076
6590,-118.055,34.205,0.2056,0.0555,0.0651,0.0234,0.2685,0.0707,0.2704,0.0669,0.6415,0.2148,0.0259,0.0118,0.0642,0.031,0.2835,0.1098
6591,-118.045,34.205,0.2017,0.0545,0.0655,0.0236,0.26,0.0662,0.2622,0.0673,0.6676,0.2252,0.0245,0.0115,0.0636,0.0308,0.2876,0.1117
6592,-118.035,34.205,0.1986,0.0536,0.0658,0.0237,0.2522,0.0621,0.2533,0.0679,0.6936,0.2355,0.0229,0.011,0.063,0.0305,0.2912,0.1133
6593,-118.025,34.205,0.1959,0.0527,0.066,0.0238,0.2443,0.0586,0.2435,0.0673,0.7188,0.2455,0.0221,0.0109,0.0624,0.0303,0.2945,0.1147
6594,-118.015,34.205,0.1933,0.0519,0.0662,0.0238,0.2362,0.0557,0.2336,0.0663,0.7352,0.2522,0.0216,0.0109,0.0619,0.0301,0.2975,0.116
6595,-118.005,34.205,0.1908,0.051,0.0662,0.0238,0.2276,0.0546,0.2238,0.0646,0.7403,0.2547,0.0221,0.0114,0.0612,0.0298,0.3002,0.1171
6596,-117.995,34.205,0.1884,0.0502,0.0661,0.0238,0.2193,0.0538,0.2144,0.0627,0.734,0.2529,0.0226,0.0118,0.0606,0.0295,0.3028,0.1181
6597,-117.985,34.205,0.1861,0.0494,0.066,0.0238,0.2114,0.0533,0.2054,0.0606,0.7177,0.2475,0.0233,0.0123,0.06,0.0293,0.3055,0.1191
6598,-117.975,34.205,0.1836,0.0486,0.0658,0.0238,0.2043,0.0528,0.1971,0.0584,0.6933,0.2391,0.0239,0.0127,0.0595,0.0291,0.3085,0.1203
6599,-117.965,34.205,0.181,0.0478,0.0656,0.0238,0.1976,0.0524,0.1891,0.0562,0.6629,0.2284,0.0244,0.013,0.059,0.0289,0.3116,0.1215
6600,-117.955,34.205,0.1783,0.047,0.0655,0.0238,0.1918,0.0519,0.1823,0.0542,0.6301,0.217,0.0249,0.0132,0.0586,0.0287,0.3149,0.1228
6601,-117.945,34.205,0.1753,0.0462,0.0653,0.0238,0.1865,0.0514,0.1761,0.0524,0.5962,0.2051,0.0253,0.0135,0.0583,0.0286,0.3184,0.1242
6602,-117.935,34.205,0.1725,0.0454,0.0651,0.0238,0.1816,0.051,0.1708,0.0509,0.5631,0.1935,0.0257,0.0136,0.0579,0.0285,0.3221,0.1257
6603,-117.925,34.205,0.1694,0.0446,0.0649,0.0239,0.1773,0.0505,0.1665,0.0498,0.5311,0.1823,0.026,0.0138,0.0576,0.0284,0.326,0.1272
6604,-117.915,34.205,0.1663,0.0438,0.0647,0.0239,0.1733,0.0501,0.1627,0.0489,0.5011,0.1718,0.0264,0.0139,0.0574,0.0284,0.3301,0.1287
6605,-117.905,34.205,0.1632,0.043,0.0645,0.0239,0.1697,0.0496,0.1599,0.0484,0.4731,0.1619,0.0267,0.0141,0.0572,0.0284,0.3342,0.1302
6606,-117.895,34.205,0.1599,0.0422,0.0643,0.024,0.1664,0.0491,0.1574,0.0481,0.4468,0.1526,0.0271,0.0142,0.0569,0.0283,0.3383,0.1316
6607,-117.885,34.205,0.1566,0.0413,0.0641,0.024,0.1634,0.0486,0.1553,0.0479,0.4225,0.144,0.0274,0.0144,0.0567,0.0283,0.3424,0.1331
6608,-117.875,34.205,0.1531,0.0404,0.0638,0.024,0.1606,0.048,0.1535,0.0478,0.3998,0.1359,0.0278,0.0145,0.0565,0.0283,0.3466,0.1344
6609,-117.865,34.205,0.1495,0.0396,0.0635,0.024,0.1579,0.0475,0.1518,0.0478,0.3789,0.1286,0.0281,0.0146,0.0563,0.0283,0.3506,0.1358
6610,-117.855,34.205,0.1459,0.0386,0.0632,0.024,0.1555,0.0469,0.1503,0.0478,0.3596,0.1217,0.0284,0.0146,0.0561,0.0282,0.3549,0.1372
6611,-117.845,34.205,0.1423,0.0377,0.0629,0.024,0.1533,0.0462,0.1488,0.0478,0.3415,0.1153,0.0288,0.0147,0.0558,0.0282,0.359,0.1386
6612,-117.835,34.205,0.1386,0.0368,0.0625,0.024,0.1512,0.0455,0.1474,0.0478,0.3248,0.1095,0.0291,0.0147,0.0556,0.0281,0.3631,0.1399
6613,-117.825,34.205,0.1349,0.0358,0.0621,0.024,0.1493,0.0449,0.1462,0.0478,0.3091,0.1039,0.0294,0.0147,0.0553,0.028,0.3672,0.1413
6614,-117.815,34.205,0.1312,0.0349,0.0617,0.0239,0.1476,0.0442,0.145,0.0477,0.2945,0.0988,0.0296,0.0147,0.055,0.028,0.3713,0.1426
6615,-117.805,34.205,0.1275,0.034,0.0612,0.0239,0.1461,0.0434,0.1439,0.0476,0.2809,0.094,0.0298,0.0146,0.0547,0.0279,0.3753,0.1439
6616,-117.795,34.205,0.1239,0.033,0.0607,0.0238,0.1447,0.0427,0.1429,0.0475,0.2679,0.0895,0.03,0.0146,0.0543,0.0277,0.3793,0.1451
6617,-117.785,34.205,0.1203,0.0321,0.0602,0.0237,0.1435,0.042,0.1419,0.0472,0.2559,0.0852,0.0302,0.0145,0.054,0.0276,0.3831,0.1462
6618,-117.775,34.205,0.1168,0.0312,0.0596,0.0236,0.1424,0.0412,0.141,0.0469,0.2444,0.0812,0.0302,0.0143,0.0536,0.0275,0.3868,0.1473
6619,-117.765,34.205,0.1133,0.0304,0.059,0.0235,0.1415,0.0404,0.1401,0.0465,0.2337,0.0775,0.0303,0.0142,0.0531,0.0273,0.3903,0.1483
6620,-117.755,34.205,0.1099,0.0295,0.0583,0.0233,0.1408,0.0397,0.1393,0.046,0.2237,0.074,0.0302,0.014,0.0527,0.0271,0.3939,0.1492
6621,-117.745,34.205,0.1066,0.0287,0.0576,0.0232,0.1402,0.0389,0.1384,0.0455,0.214,0.0706,0.03,0.0137,0.0522,0.0269,0.3974,0.1501
6622,-117.735,34.205,0.1034,0.0278,0.0568,0.023,0.1396,0.0381,0.1376,0.0448,0.205,0.0675,0.0298,0.0135,0.0517,0.0267,0.4005,0.1508
6623,-117.725,34.205,0.1002,0.027,0.0575,0.0235,0.1391,0.0374,0.1367,0.044,0.1963,0.0645,0.0295,0.0132,0.0511,0.0264,0.4054,0.1523
6624,-117.715,34.205,0.097,0.0263,0.0578,0.0239,0.1385,0.0366,0.1358,0.0432,0.1881,0.0617,0.0292,0.0129,0.0505,0.0261,0.409,0.1532
6625,-117.705,34.205,0.094,0.0255,0.055,0.0227,0.1376,0.0359,0.1349,0.0422,0.1803,0.0591,0.0288,0.0125,0.0499,0.0258,0.4116,0.1536
6626,-117.695,34.205,0.091,0.0248,0.0532,0.0219,0.1367,0.0353,0.1341,0.0413,0.1728,0.0565,0.0285,0.0122,0.0493,0.0255,0.4146,0.1542
6627,-117.685,34.205,0.0882,0.0241,0.0522,0.0216,0.1355,0.0349,0.1334,0.0404,0.1658,0.0542,0.0282,0.0119,0.0487,0.0253,0.4356,0.1632
6628,-117.675,34.205,0.1042,0.0303,0.0609,0.0266,0.1356,0.0353,0.1347,0.0404,0.1929,0.0674,0.0285,0.0119,0.0489,0.0255,0.4718,0.1799
6629,-117.665,34.205,0.1059,0.0312,0.0677,0.0306,0.135,0.0357,0.1353,0.0402,0.1949,0.0684,0.0287,0.0119,0.0489,0.0256,0.4945,0.19
6630,-117.655,34.205,0.0902,0.0257,0.0557,0.0241,0.1295,0.0347,0.1314,0.0388,0.1658,0.0559,0.0282,0.0116,0.0474,0.0247,0.4734,0.1785
6631,-118.945,34.215,0.0674,0.026,0.0712,0.0348,0.197,0.0861,0.4125,0.1832,0.1333,0.0499,0.0172,0.0107,0.1554,0.073,0.1992,0.0892
6632,-118.935,34.215,0.0691,0.0267,0.074,0.0363,0.2002,0.0873,0.4239,0.1877,0.138,0.0521,0.0184,0.011,0.1549,0.0727,0.2028,0.0913
6633,-118.925,34.215,0.0699,0.0268,0.0745,0.0364,0.2053,0.0897,0.439,0.1951,0.141,0.0534,0.0198,0.0118,0.1557,0.0734,0.2062,0.0934
6634,-118.915,34.215,0.0731,0.0281,0.0749,0.0364,0.214,0.0944,0.4612,0.2079,0.1484,0.057,0.0215,0.0131,0.1592,0.0759,0.2142,0.0982
6635,-118.905,34.215,0.0819,0.0323,0.0774,0.0377,0.2387,0.1089,0.514,0.244,0.166,0.066,0.0249,0.0165,0.1745,0.0861,0.2263,0.1059
6636,-118.895,34.215,0.0912,0.0367,0.0823,0.0407,0.256,0.1189,0.5548,0.2723,0.1843,0.0757,0.0274,0.0194,0.1841,0.0927,0.2396,0.1148
6637,-118.885,34.215,0.097,0.0394,0.0897,0.0452,0.2658,0.1243,0.5837,0.2928,0.1964,0.0822,0.029,0.0219,0.188,0.0956,0.252,0.1233
6638,-118.875,34.215,0.103,0.0422,0.0913,0.046,0.2726,0.1278,0.6087,0.3102,0.2088,0.089,0.03,0.0242,0.1896,0.0969,0.2611,0.1296
6639,-118.865,34.215,0.103,0.0418,0.092,0.0463,0.2771,0.1296,0.63,0.3241,0.21,0.0888,0.0307,0.0262,0.1894,0.097,0.2599,0.1281
6640,-118.855,34.215,0.1027,0.0412,0.0943,0.0475,0.273,0.1255,0.6375,0.3239,0.2087,0.0871,0.03,0.0269,0.183,0.0925,0.2577,0.1258
6641,-118.845,34.215,0.1036,0.0414,0.0952,0.0479,0.2725,0.1238,0.6502,0.3292,0.2097,0.0867,0.0297,0.028,0.179,0.0898,0.2565,0.1243
6642,-118.835,34.215,0.1038,0.0411,0.0946,0.0473,0.2756,0.1246,0.6681,0.3401,0.2097,0.0857,0.0297,0.0295,0.1775,0.0889,0.2505,0.1194
6643,-118.825,34.215,0.0924,0.0351,0.0869,0.0423,0.2572,0.1123,0.6445,0.3136,0.189,0.0733,0.027,0.027,0.1619,0.0788,0.2318,0.1064
6644,-118.815,34.215,0.0865,0.032,0.0788,0.0371,0.2386,0.0998,0.6204,0.2861,0.1783,0.0669,0.0241,0.0242,0.1462,0.0687,0.2189,0.0975
6645,-118.805,34.215,0.0871,0.032,0.0759,0.0353,0.2407,0.0999,0.6356,0.2908,0.18,0.067,0.0237,0.0241,0.144,0.0674,0.2127,0.0933
6646,-118.795,34.215,0.0878,0.0321,0.0746,0.0344,0.243,0.1002,0.6511,0.2953,0.1821,0.0674,0.0234,0.0241,0.142,0.0662,0.209,0.0907
6647,-118.785,34.215,0.0892,0.0325,0.0749,0.0344,0.2458,0.1009,0.6668,0.2993,0.1857,0.0685,0.0233,0.024,0.1402,0.0652,0.2086,0.0902
6648,-118.775,34.215,0.0906,0.0329,0.0751,0.0344,0.2498,0.1022,0.685,0.3032,0.1896,0.0697,0.0234,0.0241,0.1389,0.0645,0.2087,0.09
6649,-118.765,34.215,0.0917,0.0332,0.0753,0.0344,0.2541,0.1037,0.7032,0.3065,0.1932,0.0708,0.0235,0.0242,0.1375,0.0639,0.2089,0.0899
6650,-118.755,34.215,0.0926,0.0334,0.0753,0.0343,0.2581,0.105,0.7196,0.3072,0.1968,0.0718,0.0238,0.0241,0.1359,0.063,0.2091,0.0897
6651,-118.745,34.215,0.0933,0.0334,0.0753,0.0342,0.2623,0.1064,0.7349,0.3067,0.2002,0.0727,0.024,0.0241,0.1342,0.0621,0.2087,0.0893
6652,-118.735,34.215,0.094,0.0335,0.0753,0.034,0.2665,0.1079,0.7492,0.305,0.2038,0.0737,0.0244,0.024,0.1325,0.0612,0.2083,0.0888
6653,-118.725,34.215,0.0945,0.0334,0.0749,0.0336,0.2709,0.1094,0.7613,0.3024,0.2073,0.0747,0.0247,0.024,0.1307,0.0602,0.2077,0.0883
6654,-118.715,34.215,0.0952,0.0335,0.0745,0.0333,0.2754,0.111,0.7739,0.301,0.2114,0.0759,0.0251,0.0239,0.1289,0.0593,0.2071,0.0878
6655,-118.705,34.215,0.0952,0.0332,0.0748,0.0333,0.2805,0.1131,0.7914,0.3063,0.2146,0.0766,0.0257,0.0239,0.1274,0.0586,0.2075,0.0878
6656,-118.695,34.215,0.095,0.0328,0.076,0.0338,0.2873,0.116,0.815,0.3164,0.2176,0.0772,0.0263,0.0241,0.1266,0.0583,0.2095,0.0888
6657,-118.685,34.215,0.0975,0.0336,0.0782,0.0349,0.2956,0.1196,0.845,0.3313,0.2264,0.0807,0.027,0.0243,0.1265,0.0584,0.2145,0.0915
6658,-118.675,34.215,0.1014,0.0351,0.0849,0.0388,0.3173,0.1307,0.9048,0.3658,0.2386,0.0858,0.029,0.0258,0.1322,0.0621,0.2243,0.0971
6659,-118.665,34.215,0.1178,0.0421,0.0922,0.043,0.3439,0.1449,0.9722,0.4076,0.2776,0.1051,0.0315,0.0278,0.1402,0.0672,0.2439,0.1088
6660,-118.655,34.215,0.1326,0.0486,0.098,0.0462,0.3811,0.167,1.0464,0.4661,0.313,0.1235,0.035,0.0307,0.1529,0.0757,0.2675,0.1242
6661,-118.645,34.215,0.1509,0.0574,0.1061,0.0511,0.4199,0.1928,1.1004,0.5246,0.3516,0.1475,0.039,0.034,0.1669,0.0858,0.2934,0.143
6662,-118.635,34.215,0.1654,0.0643,0.1163,0.0575,0.46,0.2223,1.1341,0.5833,0.3836,0.1676,0.0433,0.0377,0.1823,0.0973,0.3175,0.1616
6663,-118.625,34.215,0.176,0.0693,0.1243,0.0625,0.4842,0.2405,1.1557,0.6121,0.4068,0.1828,0.0457,0.0393,0.1893,0.1029,0.3303,0.1719
6664,-118.615,34.215,0.1805,0.071,0.1313,0.0669,0.5041,0.2555,1.1757,0.6352,0.4179,0.1883,0.0475,0.0405,0.1939,0.1068,0.3358,0.1758
6665,-118.605,34.215,0.185,0.0727,0.1354,0.0694,0.5183,0.2659,1.1996,0.6606,0.4298,0.1945,0.0486,0.0423,0.1949,0.1079,0.3407,0.1792
6666,-118.595,34.215,0.1892,0.0741,0.1382,0.071,0.5309,0.2751,1.2247,0.6891,0.4426,0.2013,0.0498,0.0451,0.1951,0.1084,0.345,0.1822
6667,-118.585,34.215,0.1918,0.0746,0.1397,0.0717,0.5418,0.2832,1.2509,0.7208,0.4546,0.2074,0.0509,0.0489,0.1945,0.1083,0.3478,0.1837
6668,-118.575,34.215,0.1942,0.0751,0.1407,0.072,0.5513,0.2902,1.2737,0.7467,0.4674,0.2141,0.0516,0.0527,0.1935,0.1079,0.3503,0.1848
6669,-118.565,34.215,0.1971,0.0759,0.1416,0.0723,0.5601,0.2969,1.2948,0.7705,0.4804,0.2209,0.052,0.0557,0.1924,0.1074,0.3528,0.1861
6670,-118.555,34.215,0.2007,0.0772,0.1426,0.0727,0.567,0.3026,1.3102,0.7892,0.4933,0.2278,0.0514,0.0557,0.1915,0.1071,0.3551,0.1871
6671,-118.545,34.215,0.2038,0.0783,0.1433,0.0728,0.5721,0.3067,1.3237,0.8038,0.5057,0.2344,0.05,0.055,0.1901,0.1063,0.357,0.1878
6672,-118.535,34.215,0.2052,0.0784,0.1436,0.0727,0.5754,0.3092,1.3353,0.8143,0.5166,0.2398,0.048,0.0534,0.1881,0.1051,0.3579,0.1876
6673,-118.525,34.215,0.2052,0.0777,0.1431,0.0721,0.5772,0.31,1.3463,0.8196,0.5275,0.245,0.0452,0.0508,0.1858,0.1037,0.359,0.1876
6674,-118.515,34.215,0.2049,0.0767,0.1425,0.0713,0.5785,0.3101,1.3565,0.822,0.539,0.2512,0.0424,0.048,0.1835,0.1022,0.3608,0.1884
6675,-118.505,34.215,0.2044,0.0756,0.142,0.0708,0.5788,0.3086,1.3636,0.8156,0.5508,0.2578,0.041,0.0458,0.1812,0.1008,0.3636,0.1901
6676,-118.495,34.215,0.2034,0.0743,0.1413,0.07,0.5782,0.3054,1.3594,0.8007,0.562,0.2639,0.0403,0.0441,0.1787,0.0992,0.3664,0.1918
6677,-118.485,34.215,0.2024,0.073,0.1404,0.0692,0.5768,0.3003,1.3437,0.7775,0.5727,0.2696,0.0403,0.0429,0.1759,0.0974,0.369,0.1933
6678,-118.475,34.215,0.201,0.0715,0.1395,0.0684,0.5752,0.2956,1.297,0.7405,0.5824,0.2737,0.0413,0.0428,0.1732,0.0957,0.3719,0.195
6679,-118.465,34.215,0.2026,0.0716,0.1388,0.0678,0.575,0.2927,1.2397,0.7011,0.5954,0.2816,0.0427,0.0432,0.171,0.0944,0.3754,0.1971
6680,-118.455,34.215,0.2064,0.0729,0.1389,0.0677,0.5814,0.299,1.1619,0.6633,0.6105,0.2919,0.0448,0.0441,0.171,0.0947,0.3805,0.2007
6681,-118.445,34.215,0.2098,0.0741,0.1387,0.0674,0.5935,0.306,1.083,0.6265,0.6245,0.3005,0.047,0.0446,0.1706,0.0947,0.385,0.2038
6682,-118.435,34.215,0.2141,0.0758,0.1383,0.0671,0.6114,0.3139,1.0031,0.5907,0.6386,0.3093,0.0492,0.0445,0.1698,0.0945,0.3893,0.2067
6683,-118.425,34.215,0.2199,0.0783,0.1374,0.0664,0.631,0.3228,0.9412,0.5609,0.6522,0.3182,0.0516,0.0459,0.1689,0.0942,0.392,0.2081
6684,-118.415,34.215,0.2233,0.0796,0.136,0.0655,0.6496,0.3304,0.8877,0.5302,0.6604,0.3207,0.0537,0.0474,0.1674,0.0934,0.3907,0.2059
6685,-118.405,34.215,0.2243,0.0796,0.1325,0.0633,0.6614,0.3307,0.8566,0.4887,0.6639,0.3172,0.0548,0.0475,0.1627,0.0902,0.3863,0.2008
6686,-118.395,34.215,0.2277,0.0808,0.1296,0.0614,0.6743,0.3335,0.8336,0.4551,0.6677,0.3158,0.0564,0.0475,0.1592,0.0878,0.3833,0.197
6687,-118.385,34.215,0.2326,0.0828,0.1273,0.06,0.6881,0.3387,0.8187,0.4293,0.6707,0.3149,0.0586,0.0472,0.1567,0.0863,0.3813,0.1943
6688,-118.375,34.215,0.2386,0.0853,0.1249,0.0586,0.7016,0.3454,0.8036,0.4056,0.6718,0.3134,0.0608,0.0461,0.1546,0.0851,0.3791,0.1915
6689,-118.365,34.215,0.2432,0.0871,0.1202,0.0559,0.7007,0.3407,0.7747,0.3714,0.6682,0.3076,0.0609,0.0433,0.1484,0.081,0.3649,0.1782
6690,-118.355,34.215,0.2242,0.0776,0.1042,0.047,0.6293,0.279,0.6794,0.284,0.6186,0.2658,0.0511,0.0331,0.1222,0.0631,0.3177,0.145
6691,-118.345,34.215,0.1711,0.0543,0.0922,0.0403,0.5547,0.2286,0.579,0.2138,0.4817,0.1806,0.043,0.0255,0.1005,0.0492,0.2678,0.1128
6692,-118.335,34.215,0.1541,0.0469,0.0841,0.0356,0.4769,0.1896,0.4736,0.1607,0.4257,0.1488,0.0363,0.0206,0.0833,0.0392,0.2334,0.0936
6693,-118.325,34.215,0.145,0.0423,0.0707,0.0286,0.4715,0.1872,0.4442,0.1417,0.3924,0.1273,0.0353,0.02,0.0797,0.0371,0.2205,0.0856
6694,-118.315,34.215,0.1451,0.0419,0.0587,0.0223,0.4793,0.1914,0.4295,0.1294,0.3794,0.1201,0.0352,0.0201,0.0785,0.0364,0.2114,0.0802
6695,-118.305,34.215,0.1503,0.0434,0.0587,0.0224,0.4796,0.1906,0.4106,0.1159,0.3846,0.1202,0.0345,0.0195,0.0762,0.035,0.2071,0.0774
6696,-118.295,34.215,0.1555,0.0449,0.0574,0.0218,0.4792,0.1904,0.3941,0.1064,0.3903,0.1205,0.034,0.019,0.0744,0.034,0.2065,0.0768
6697,-118.285,34.215,0.1597,0.0459,0.0549,0.0206,0.4783,0.1909,0.38,0.1008,0.3936,0.1198,0.0337,0.0186,0.0732,0.0334,0.2054,0.076
6698,-118.275,34.215,0.1654,0.0474,0.0542,0.0202,0.4822,0.1931,0.3728,0.0964,0.4003,0.1206,0.0339,0.0183,0.0733,0.0336,0.2083,0.0771
6699,-118.265,34.215,0.1715,0.049,0.0552,0.0208,0.4987,0.2017,0.3764,0.0949,0.4063,0.1215,0.035,0.0187,0.0755,0.0351,0.2178,0.0814
6700,-118.255,34.215,0.1938,0.0566,0.0632,0.0248,0.5721,0.2399,0.4256,0.1057,0.4468,0.1376,0.0406,0.0222,0.0876,0.0425,0.2461,0.0959
6701,-118.245,34.215,0.2776,0.0919,0.0759,0.0314,0.6561,0.2965,0.4899,0.1241,0.5945,0.2204,0.0495,0.0288,0.1056,0.0545,0.3163,0.1344
6702,-118.235,34.215,0.3191,0.1096,0.0933,0.0405,0.7508,0.3716,0.5692,0.1502,0.6598,0.2658,0.0615,0.0382,0.1296,0.0711,0.3541,0.1603
6703,-118.225,34.215,0.3218,0.109,0.0827,0.0346,0.7237,0.341,0.5426,0.1394,0.6624,0.2698,0.0587,0.0359,0.1228,0.0665,0.3489,0.1558
6704,-118.215,34.215,0.2885,0.0909,0.0701,0.0277,0.6822,0.2979,0.5036,0.126,0.613,0.2311,0.0543,0.0322,0.1126,0.0595,0.3298,0.1411
6705,-118.205,34.215,0.3181,0.1035,0.0756,0.0306,0.6924,0.2996,0.5098,0.1361,0.6537,0.2648,0.0571,0.0335,0.1168,0.0626,0.3317,0.1415
6706,-118.195,34.215,0.275,0.0832,0.074,0.0297,0.6176,0.2539,0.4528,0.1219,0.5766,0.2148,0.0511,0.0289,0.1043,0.0549,0.2902,0.1167
6707,-118.185,34.215,0.2119,0.0581,0.0654,0.0251,0.4579,0.1607,0.3325,0.0833,0.4467,0.1485,0.0365,0.0186,0.0752,0.0363,0.253,0.0967
6708,-118.175,34.215,0.2024,0.0544,0.0633,0.0239,0.4152,0.1358,0.3036,0.076,0.417,0.1351,0.0328,0.0159,0.0687,0.0324,0.2322,0.086
6709,-118.165,34.215,0.2046,0.0548,0.0624,0.0234,0.3982,0.1262,0.2951,0.0755,0.4161,0.1343,0.0316,0.0149,0.0673,0.0316,0.2344,0.0867
6710,-118.155,34.215,0.2095,0.0564,0.0607,0.0225,0.3896,0.123,0.2948,0.0771,0.4223,0.1374,0.0312,0.0143,0.0676,0.032,0.2403,0.0895
6711,-118.145,34.215,0.2077,0.0551,0.0598,0.0219,0.3805,0.1196,0.2949,0.0781,0.4193,0.134,0.0308,0.0137,0.0679,0.0323,0.2457,0.0919
6712,-118.135,34.215,0.2068,0.0546,0.0597,0.0218,0.3707,0.116,0.2955,0.0786,0.4226,0.1341,0.0303,0.013,0.0681,0.0325,0.2482,0.0929
6713,-118.125,34.215,0.2029,0.0531,0.0587,0.0212,0.3537,0.1087,0.2911,0.0763,0.4235,0.1333,0.0295,0.0122,0.0669,0.0318,0.248,0.0925
6714,-118.115,34.215,0.204,0.0536,0.0578,0.0208,0.3363,0.1012,0.2863,0.0736,0.4429,0.1399,0.0286,0.0115,0.0655,0.031,0.2503,0.0934
6715,-118.105,34.215,0.2042,0.0538,0.0591,0.0213,0.3238,0.0959,0.2849,0.0719,0.465,0.1479,0.0285,0.0116,0.0652,0.0309,0.2563,0.0961
6716,-118.095,34.215,0.2028,0.0538,0.0603,0.0217,0.3122,0.0909,0.2837,0.0703,0.4888,0.1569,0.0285,0.0118,0.0651,0.031,0.2634,0.0995
6717,-118.085,34.215,0.2001,0.0536,0.0613,0.0222,0.3017,0.0862,0.2827,0.0688,0.5133,0.1664,0.0288,0.0122,0.0652,0.0311,0.2708,0.1031
6718,-118.075,34.215,0.1961,0.0532,0.0622,0.0225,0.2909,0.0814,0.2798,0.0672,0.5381,0.1762,0.0289,0.0126,0.065,0.0311,0.2777,0.1063
6719,-118.065,34.215,0.1909,0.0525,0.0629,0.0228,0.2803,0.0766,0.2759,0.0659,0.5625,0.1859,0.0288,0.0129,0.0648,0.0311,0.2836,0.1091
6720,-118.055,34.215,0.187,0.0518,0.0634,0.0229,0.2712,0.0722,0.2692,0.0658,0.5865,0.1955,0.0278,0.0128,0.0643,0.0309,0.2888,0.1115
6721,-118.045,34.215,0.1853,0.0511,0.0638,0.0231,0.2627,0.0681,0.2615,0.066,0.6105,0.205,0.0266,0.0126,0.0639,0.0308,0.2934,0.1137
6722,-118.035,34.215,0.1843,0.0505,0.0642,0.0232,0.2548,0.0644,0.2525,0.0666,0.6342,0.2143,0.025,0.0121,0.0633,0.0306,0.2977,0.1156
6723,-118.025,34.215,0.1833,0.0498,0.0644,0.0233,0.2468,0.0614,0.2432,0.0663,0.6548,0.2225,0.024,0.0119,0.0628,0.0303,0.3015,0.1173
6724,-118.015,34.215,0.182,0.0492,0.0645,0.0234,0.2387,0.0587,0.2337,0.0656,0.6676,0.2279,0.0233,0.0118,0.0623,0.0301,0.305,0.1188
6725,-118.005,34.215,0.1805,0.0485,0.0646,0.0234,0.2305,0.0571,0.2245,0.0643,0.6722,0.2302,0.0234,0.012,0.0617,0.0299,0.3083,0.1202
6726,-117.995,34.215,0.179,0.0479,0.0646,0.0235,0.2226,0.0558,0.2157,0.0628,0.6683,0.2293,0.0236,0.0123,0.0611,0.0297,0.3115,0.1214
6727,-117.985,34.215,0.1774,0.0472,0.0645,0.0235,0.215,0.0549,0.2071,0.0611,0.6568,0.2256,0.024,0.0126,0.0606,0.0295,0.3147,0.1227
6728,-117.975,34.215,0.1756,0.0466,0.0644,0.0235,0.208,0.0542,0.1994,0.0592,0.6387,0.2195,0.0244,0.0129,0.0601,0.0293,0.3179,0.1239
6729,-117.965,34.215,0.1735,0.0459,0.0643,0.0235,0.2014,0.0535,0.192,0.0574,0.6154,0.2114,0.0249,0.0132,0.0597,0.0291,0.3213,0.1253
6730,-117.955,34.215,0.1712,0.0452,0.0642,0.0235,0.1955,0.0529,0.1855,0.0557,0.5894,0.2023,0.0253,0.0134,0.0593,0.029,0.3249,0.1266
6731,-117.945,34.215,0.1687,0.0445,0.064,0.0236,0.1901,0.0524,0.1797,0.0542,0.5618,0.1927,0.0257,0.0136,0.0589,0.0288,0.3286,0.1281
6732,-117.935,34.215,0.1662,0.0438,0.0639,0.0236,0.1851,0.0518,0.1745,0.0528,0.5341,0.1831,0.0261,0.0138,0.0586,0.0287,0.3325,0.1296
6733,-117.925,34.215,0.1635,0.0431,0.0637,0.0236,0.1806,0.0513,0.1702,0.0518,0.5067,0.1735,0.0265,0.014,0.0583,0.0287,0.3365,0.1311
6734,-117.915,34.215,0.1607,0.0424,0.0636,0.0236,0.1764,0.0507,0.1663,0.0509,0.4805,0.1643,0.0268,0.0141,0.058,0.0286,0.3406,0.1326
6735,-117.905,34.215,0.1578,0.0416,0.0634,0.0237,0.1727,0.0502,0.1632,0.0503,0.4557,0.1556,0.0272,0.0143,0.0578,0.0286,0.3448,0.1342
6736,-117.895,34.215,0.1548,0.0409,0.0632,0.0237,0.1693,0.0496,0.1605,0.0498,0.432,0.1473,0.0275,0.0144,0.0575,0.0285,0.3491,0.1357
6737,-117.885,34.215,0.1517,0.0401,0.063,0.0237,0.1661,0.0491,0.1581,0.0495,0.4099,0.1395,0.0279,0.0145,0.0573,0.0285,0.3534,0.1372
6738,-117.875,34.215,0.1486,0.0393,0.0628,0.0238,0.1632,0.0485,0.156,0.0493,0.3891,0.1321,0.0282,0.0146,0.0571,0.0285,0.3578,0.1387
6739,-117.865,34.215,0.1453,0.0385,0.0625,0.0238,0.1605,0.0479,0.1541,0.0491,0.3697,0.1253,0.0286,0.0147,0.0568,0.0284,0.3621,0.1401
6740,-117.855,34.215,0.142,0.0376,0.0622,0.0238,0.158,0.0473,0.1524,0.049,0.3518,0.119,0.0289,0.0147,0.0566,0.0284,0.3665,0.1417
6741,-117.845,34.215,0.1386,0.0368,0.0619,0.0238,0.1557,0.0466,0.1508,0.0488,0.3348,0.113,0.0292,0.0148,0.0564,0.0283,0.3709,0.1431
6742,-117.835,34.215,0.1352,0.0359,0.0616,0.0238,0.1536,0.046,0.1493,0.0487,0.319,0.1075,0.0295,0.0148,0.0561,0.0283,0.3754,0.1446
6743,-117.825,34.215,0.1318,0.0351,0.0612,0.0237,0.1516,0.0453,0.148,0.0486,0.3041,0.1023,0.0298,0.0148,0.0558,0.0282,0.3799,0.1461
6744,-117.815,34.215,0.1284,0.0342,0.0608,0.0237,0.1498,0.0446,0.1468,0.0484,0.2902,0.0974,0.0301,0.0148,0.0555,0.0281,0.3842,0.1476
6745,-117.805,34.215,0.125,0.0334,0.0603,0.0237,0.1482,0.0439,0.1456,0.0482,0.2773,0.0929,0.0303,0.0148,0.0552,0.028,0.3885,0.149
6746,-117.795,34.215,0.1216,0.0325,0.0599,0.0236,0.1467,0.0432,0.1445,0.0479,0.2649,0.0885,0.0305,0.0147,0.0548,0.0279,0.3928,0.1503
6747,-117.785,34.215,0.1183,0.0317,0.0594,0.0235,0.1454,0.0425,0.1435,0.0476,0.2533,0.0845,0.0306,0.0146,0.0545,0.0278,0.397,0.1516
6748,-117.775,34.215,0.115,0.0309,0.0588,0.0234,0.1442,0.0417,0.1425,0.0472,0.2423,0.0807,0.0307,0.0144,0.0541,0.0276,0.401,0.1528
6749,-117.765,34.215,0.1117,0.03,0.0582,0.0233,0.1432,0.041,0.1416,0.0467,0.2319,0.077,0.0307,0.0143,0.0536,0.0275,0.4049,0.1539
6750,-117.755,34.215,0.1085,0.0293,0.0576,0.0232,0.1422,0.0403,0.1408,0.0462,0.2221,0.0736,0.0306,0.014,0.0532,0.0273,0.4086,0.155
6751,-117.745,34.215,0.1053,0.0285,0.0569,0.023,0.1414,0.0396,0.1399,0.0455,0.2127,0.0704,0.0304,0.0138,0.0527,0.0271,0.4122,0.156
6752,-117.735,34.215,0.1023,0.0277,0.0561,0.0228,0.1405,0.0388,0.1391,0.0447,0.2037,0.0673,0.0302,0.0135,0.0521,0.0268,0.4153,0.1566
6753,-117.725,34.215,0.0992,0.0269,0.0553,0.0226,0.1396,0.0381,0.1382,0.0439,0.1952,0.0643,0.0299,0.0131,0.0515,0.0265,0.4187,0.1575
6754,-117.715,34.215,0.0962,0.0262,0.0545,0.0224,0.1386,0.0374,0.1373,0.0429,0.1869,0.0615,0.0295,0.0128,0.0509,0.0262,0.4221,0.1583
6755,-117.705,34.215,0.0932,0.0254,0.0536,0.0221,0.1373,0.0368,0.1363,0.0418,0.179,0.0588,0.0291,0.0124,0.0502,0.0259,0.4255,0.159
6756,-117.695,34.215,0.0903,0.0247,0.0528,0.022,0.1362,0.0364,0.1358,0.0409,0.1714,0.0562,0.0287,0.012,0.0496,0.0256,0.4288,0.1597
6757,-117.685,34.215,0.0881,0.0242,0.0522,0.0218,0.1353,0.0362,0.1358,0.0401,0.1655,0.0543,0.0284,0.0117,0.0492,0.0254,0.4423,0.1652
6758,-117.675,34.215,0.0881,0.0244,0.0591,0.0259,0.1355,0.0367,0.1373,0.0399,0.1636,0.054,0.0286,0.0116,0.0494,0.0257,0.473,0.179
6759,-117.665,34.215,0.0994,0.029,0.0644,0.029,0.1348,0.0369,0.138,0.0397,0.1822,0.0631,0.0287,0.0115,0.0493,0.0257,0.5042,0.1932
6760,-117.655,34.215,0.1046,0.0313,0.054,0.0234,0.1285,0.0355,0.1329,0.038,0.1899,0.0674,0.0281,0.0111,0.0474,0.0246,0.5165,0.1983
6761,-118.945,34.225,0.0709,0.0278,0.0728,0.036,0.2268,0.1049,0.4552,0.2172,0.1402,0.0536,0.0216,0.0166,0.1805,0.0895,0.2198,0.1022
6762,-118.935,34.225,0.0751,0.0297,0.0754,0.0374,0.2302,0.1063,0.4664,0.2219,0.1485,0.0576,0.0226,0.0167,0.1798,0.0891,0.2224,0.1035
6763,-118.925,34.225,0.0697,0.0268,0.0744,0.0366,0.2334,0.1074,0.4793,0.2274,0.1395,0.0527,0.0236,0.0173,0.1788,0.0885,0.2227,0.1033
6764,-118.915,34.225,0.0744,0.0288,0.0735,0.0358,0.2364,0.1084,0.4935,0.2333,0.1493,0.0574,0.0245,0.0179,0.1776,0.0877,0.2267,0.1055
6765,-118.905,34.225,0.0759,0.0293,0.0757,0.037,0.2386,0.1084,0.5116,0.2402,0.1534,0.0592,0.025,0.0185,0.1757,0.0862,0.2288,0.1064
6766,-118.895,34.225,0.0813,0.0317,0.0786,0.0386,0.2411,0.1089,0.5296,0.2489,0.1647,0.0647,0.0256,0.0194,0.1741,0.0851,0.2315,0.1079
6767,-118.885,34.225,0.0864,0.034,0.0819,0.0405,0.2437,0.1099,0.5475,0.2595,0.1756,0.0702,0.0261,0.0207,0.1727,0.0846,0.2362,0.1109
6768,-118.875,34.225,0.0995,0.0404,0.0813,0.0399,0.2476,0.1114,0.5693,0.2723,0.2004,0.084,0.0266,0.0222,0.1721,0.0844,0.2419,0.1146
6769,-118.865,34.225,0.0866,0.0335,0.081,0.0395,0.2528,0.1136,0.5946,0.2875,0.1785,0.0705,0.0272,0.0239,0.1724,0.0847,0.2402,0.113
6770,-118.855,34.225,0.0914,0.0355,0.0866,0.0428,0.2637,0.1189,0.6329,0.3117,0.1866,0.0744,0.0283,0.0264,0.1764,0.0873,0.2435,0.1147
6771,-118.845,34.225,0.1001,0.0397,0.0898,0.0447,0.2683,0.1205,0.6577,0.3257,0.2017,0.0822,0.0285,0.0278,0.1761,0.087,0.2514,0.1194
6772,-118.835,34.225,0.1022,0.0404,0.0907,0.0451,0.2667,0.1182,0.6692,0.3296,0.205,0.0832,0.0279,0.0282,0.1713,0.0839,0.2446,0.114
6773,-118.825,34.225,0.0864,0.0323,0.0825,0.0399,0.2519,0.1082,0.6524,0.3095,0.1763,0.0667,0.0256,0.0261,0.1581,0.0755,0.2274,0.1023
6774,-118.815,34.225,0.0858,0.0317,0.0742,0.0347,0.2382,0.0988,0.637,0.2902,0.1752,0.0655,0.0232,0.024,0.1455,0.0675,0.2171,0.0954
6775,-118.805,34.225,0.0872,0.0321,0.0745,0.0348,0.2424,0.1002,0.6569,0.2991,0.1783,0.0664,0.023,0.0241,0.1447,0.0672,0.2144,0.0935
6776,-118.795,34.225,0.0886,0.0325,0.0747,0.0348,0.2465,0.1016,0.677,0.3069,0.1816,0.0674,0.0227,0.0242,0.1438,0.0667,0.2141,0.0929
6777,-118.785,34.225,0.09,0.0329,0.075,0.0348,0.2506,0.1029,0.6972,0.3135,0.1851,0.0685,0.0226,0.0241,0.1427,0.0662,0.2143,0.0928
6778,-118.775,34.225,0.0912,0.0332,0.0751,0.0348,0.2549,0.1043,0.7177,0.3182,0.1886,0.0696,0.0227,0.0242,0.1414,0.0656,0.2146,0.0927
6779,-118.765,34.225,0.0923,0.0335,0.0753,0.0347,0.2592,0.1057,0.738,0.3219,0.1922,0.0706,0.0228,0.0242,0.14,0.0649,0.2149,0.0926
6780,-118.755,34.225,0.0932,0.0337,0.0753,0.0346,0.2635,0.1071,0.7568,0.323,0.1957,0.0716,0.0232,0.0243,0.1383,0.064,0.2151,0.0924
6781,-118.745,34.225,0.0939,0.0337,0.0751,0.0344,0.2676,0.1084,0.7739,0.3222,0.1989,0.0725,0.0235,0.0243,0.1364,0.0629,0.2145,0.0919
6782,-118.735,34.225,0.0942,0.0336,0.0749,0.0341,0.2716,0.1097,0.7893,0.3196,0.2017,0.0732,0.0239,0.0243,0.1343,0.0618,0.2135,0.0911
6783,-118.725,34.225,0.094,0.0333,0.0737,0.0333,0.272,0.1091,0.7915,0.309,0.204,0.0736,0.024,0.0239,0.1303,0.0596,0.2113,0.0897
6784,-118.715,34.225,0.0925,0.0323,0.0726,0.0324,0.2726,0.1086,0.7943,0.2998,0.2034,0.0726,0.0241,0.0235,0.1263,0.0574,0.208,0.0876
6785,-118.705,34.225,0.0925,0.032,0.0722,0.0321,0.2777,0.1103,0.8135,0.3051,0.2064,0.0733,0.0245,0.0236,0.1245,0.0564,0.2072,0.0871
6786,-118.695,34.225,0.0935,0.0322,0.0724,0.0321,0.2845,0.113,0.8396,0.3164,0.2118,0.0752,0.0251,0.0238,0.1235,0.056,0.2085,0.0876
6787,-118.685,34.225,0.0952,0.0326,0.0733,0.0324,0.293,0.1166,0.8725,0.3336,0.2189,0.0778,0.0259,0.0242,0.1232,0.0559,0.2115,0.0891
6788,-118.675,34.225,0.0969,0.0331,0.0742,0.0328,0.3091,0.1244,0.92,0.36,0.2262,0.0806,0.0272,0.0249,0.1263,0.0579,0.2167,0.0919
6789,-118.665,34.225,0.1004,0.0343,0.0769,0.0342,0.3282,0.134,0.9712,0.39,0.2378,0.0853,0.0288,0.0258,0.1305,0.0608,0.2276,0.0982
6790,-118.655,34.225,0.1144,0.0403,0.0882,0.0406,0.3542,0.1485,1.0257,0.4287,0.2721,0.102,0.0308,0.0269,0.1379,0.0657,0.2483,0.1109
6791,-118.645,34.225,0.1451,0.0546,0.0952,0.0446,0.3976,0.1761,1.0924,0.4956,0.336,0.1394,0.0348,0.0298,0.153,0.0761,0.2762,0.1295
6792,-118.635,34.225,0.1385,0.0507,0.0981,0.0462,0.4584,0.2166,1.1711,0.5906,0.3314,0.1332,0.0407,0.0346,0.1758,0.0919,0.3051,0.1499
6793,-118.625,34.225,0.1545,0.058,0.1086,0.0527,0.4863,0.2361,1.199,0.627,0.3664,0.1544,0.043,0.0353,0.1836,0.0978,0.3208,0.1619
6794,-118.615,34.225,0.1627,0.0616,0.1199,0.0597,0.5073,0.2513,1.2165,0.6527,0.3843,0.1647,0.0446,0.0356,0.1881,0.1016,0.3271,0.1662
6795,-118.605,34.225,0.1702,0.0649,0.1276,0.0646,0.5268,0.2662,1.2342,0.6853,0.401,0.1748,0.0463,0.0374,0.1917,0.1046,0.3369,0.1738
6796,-118.595,34.225,0.1845,0.0717,0.1325,0.0677,0.5445,0.2798,1.2536,0.719,0.4296,0.1946,0.048,0.0407,0.194,0.1067,0.3478,0.1825
6797,-118.585,34.225,0.1878,0.0726,0.1346,0.0688,0.5603,0.2921,1.2749,0.7538,0.4424,0.2018,0.0498,0.0454,0.195,0.1079,0.3543,0.1875
6798,-118.575,34.225,0.1902,0.0731,0.1359,0.0694,0.5727,0.3015,1.298,0.7825,0.4552,0.2087,0.0508,0.0497,0.1942,0.1077,0.3577,0.1894
6799,-118.565,34.225,0.193,0.0739,0.1369,0.0697,0.5841,0.3098,1.3211,0.8092,0.4682,0.2158,0.0514,0.0531,0.193,0.1071,0.361,0.1913
6800,-118.555,34.225,0.196,0.0749,0.1376,0.0698,0.5933,0.3166,1.342,0.832,0.4797,0.2217,0.0509,0.0534,0.1915,0.1063,0.3631,0.1922
6801,-118.545,34.225,0.1987,0.0757,0.1377,0.0695,0.6008,0.3217,1.3612,0.8498,0.4885,0.2254,0.0499,0.053,0.1895,0.1051,0.3632,0.1912
6802,-118.535,34.225,0.1996,0.0755,0.1372,0.0689,0.6066,0.3252,1.3785,0.8625,0.496,0.2278,0.0484,0.0517,0.187,0.1035,0.3625,0.1895
6803,-118.525,34.225,0.199,0.0744,0.1371,0.0685,0.6117,0.328,1.3932,0.8698,0.5043,0.2311,0.0467,0.0502,0.1846,0.1019,0.3628,0.1886
6804,-118.515,34.225,0.1989,0.0735,0.1372,0.0682,0.6169,0.3307,1.4062,0.8746,0.515,0.237,0.0451,0.0487,0.1823,0.1006,0.3643,0.1891
6805,-118.505,34.225,0.199,0.0728,0.1377,0.0683,0.6225,0.3334,1.4131,0.8725,0.5263,0.2438,0.0446,0.0479,0.1809,0.0998,0.367,0.1906
6806,-118.495,34.225,0.1981,0.0716,0.1375,0.0679,0.6266,0.3333,1.4128,0.8608,0.5361,0.249,0.0444,0.0473,0.1789,0.0987,0.3692,0.1916
6807,-118.485,34.225,0.197,0.0702,0.1366,0.0671,0.6291,0.3305,1.4053,0.8394,0.5453,0.2537,0.0446,0.0467,0.1763,0.097,0.3709,0.1923
6808,-118.475,34.225,0.1964,0.0691,0.1359,0.0664,0.6318,0.3284,1.3582,0.7974,0.555,0.2586,0.0456,0.0467,0.1741,0.0957,0.3735,0.1935
6809,-118.465,34.225,0.1975,0.0688,0.1354,0.0659,0.6352,0.3278,1.2962,0.7498,0.5664,0.2651,0.0469,0.0469,0.1722,0.0946,0.3772,0.1959
6810,-118.455,34.225,0.1994,0.0692,0.1352,0.0656,0.6414,0.3337,1.2004,0.6953,0.5783,0.272,0.0486,0.0471,0.1716,0.0945,0.3823,0.1995
6811,-118.445,34.225,0.2025,0.0702,0.1351,0.0654,0.6513,0.3401,1.1086,0.6457,0.5908,0.2796,0.0504,0.047,0.1708,0.0943,0.3866,0.2024
6812,-118.435,34.225,0.207,0.072,0.135,0.0653,0.6651,0.347,1.0207,0.601,0.6039,0.2876,0.0523,0.0466,0.1699,0.0939,0.3903,0.2048
6813,-118.425,34.225,0.2134,0.0748,0.1354,0.0655,0.6811,0.3544,0.9612,0.57,0.617,0.2966,0.0542,0.0475,0.1687,0.0934,0.3926,0.2059
6814,-118.415,34.225,0.2187,0.077,0.135,0.0653,0.6967,0.361,0.9106,0.5401,0.6252,0.3007,0.056,0.0485,0.1671,0.0926,0.392,0.2044
6815,-118.405,34.225,0.2188,0.0765,0.1306,0.0624,0.7086,0.3629,0.8755,0.5017,0.625,0.2946,0.0573,0.0488,0.1636,0.0903,0.3878,0.1995
6816,-118.395,34.225,0.2218,0.0774,0.1271,0.0601,0.7208,0.366,0.8456,0.4681,0.6256,0.2911,0.0589,0.0489,0.1606,0.0883,0.3842,0.1953
6817,-118.385,34.225,0.2261,0.079,0.1244,0.0585,0.7333,0.3702,0.8208,0.4393,0.6254,0.2879,0.061,0.0487,0.1581,0.0868,0.3803,0.191
6818,-118.375,34.225,0.2313,0.0811,0.1212,0.0566,0.7388,0.3666,0.7939,0.4059,0.6235,0.2841,0.0616,0.0467,0.153,0.0833,0.3741,0.1848
6819,-118.365,34.225,0.2206,0.0756,0.1127,0.0518,0.7339,0.3544,0.7579,0.3656,0.5895,0.2555,0.0607,0.0434,0.1449,0.0778,0.3431,0.1592
6820,-118.355,34.225,0.1551,0.0464,0.0779,0.0327,0.6849,0.3077,0.6801,0.2955,0.436,0.1536,0.0537,0.0356,0.1252,0.0644,0.2938,0.1261
6821,-118.345,34.225,0.1289,0.0364,0.0592,0.0225,0.6098,0.2553,0.5807,0.2274,0.3525,0.1147,0.0458,0.0282,0.1044,0.0511,0.2475,0.098
6822,-118.335,34.225,0.1303,0.0367,0.0564,0.0213,0.5085,0.1971,0.4596,0.1613,0.3433,0.1098,0.0369,0.021,0.0826,0.0381,0.2169,0.082
6823,-118.325,34.225,0.1351,0.0381,0.0555,0.0209,0.4857,0.1848,0.4169,0.1378,0.3434,0.1086,0.0347,0.0192,0.0764,0.0346,0.2039,0.0755
6824,-118.315,34.225,0.1402,0.0396,0.055,0.0207,0.4819,0.1833,0.3932,0.1242,0.3458,0.1082,0.0339,0.0186,0.074,0.0333,0.2012,0.074
6825,-118.305,34.225,0.1454,0.0412,0.0545,0.0204,0.4925,0.189,0.3843,0.1172,0.3516,0.1088,0.0342,0.0187,0.0741,0.0335,0.2027,0.0744
6826,-118.295,34.225,0.1508,0.0427,0.0541,0.0202,0.5016,0.1939,0.3762,0.1113,0.3576,0.1094,0.0345,0.0187,0.0741,0.0336,0.2057,0.0756
6827,-118.285,34.225,0.156,0.0441,0.0537,0.0201,0.5094,0.1982,0.3688,0.1065,0.3635,0.1099,0.0347,0.0185,0.0742,0.0338,0.2091,0.0769
6828,-118.275,34.225,0.1615,0.0456,0.0535,0.0199,0.5572,0.2236,0.3891,0.1123,0.3686,0.1102,0.0379,0.0201,0.0809,0.0379,0.222,0.0829
6829,-118.265,34.225,0.1729,0.0491,0.0567,0.0216,0.6178,0.2585,0.4198,0.1222,0.3849,0.115,0.0426,0.0226,0.0905,0.044,0.2527,0.0987
6830,-118.255,34.225,0.2307,0.0712,0.0768,0.0318,0.7014,0.3185,0.4732,0.1411,0.4891,0.1621,0.0511,0.0275,0.1081,0.0557,0.2988,0.1242
6831,-118.245,34.225,0.2934,0.0979,0.0892,0.0382,0.7611,0.3615,0.5189,0.1553,0.5903,0.2228,0.0579,0.0323,0.1218,0.0651,0.3526,0.1574
6832,-118.235,34.225,0.3057,0.1027,0.0938,0.0407,0.7969,0.3875,0.5571,0.1647,0.6068,0.2384,0.0629,0.037,0.1317,0.0721,0.3631,0.1642
6833,-118.225,34.225,0.3089,0.1027,0.0861,0.0364,0.7053,0.3192,0.4958,0.1366,0.6106,0.2432,0.0546,0.0316,0.114,0.0605,0.3359,0.146
6834,-118.215,34.225,0.2626,0.0793,0.0757,0.0306,0.6059,0.2452,0.4273,0.1075,0.5427,0.1935,0.0455,0.0253,0.0946,0.0478,0.2976,0.1212
6835,-118.205,34.225,0.232,0.0665,0.0637,0.0245,0.5954,0.2371,0.4226,0.1104,0.4818,0.1646,0.0462,0.0254,0.0947,0.0482,0.2788,0.1113
6836,-118.195,34.225,0.2059,0.0561,0.0559,0.0207,0.5416,0.2053,0.3854,0.101,0.4265,0.14,0.0424,0.0224,0.0865,0.0432,0.2521,0.0961
6837,-118.185,34.225,0.1884,0.0499,0.0523,0.019,0.4443,0.1498,0.3157,0.0791,0.3851,0.1237,0.034,0.0165,0.0699,0.0327,0.2308,0.085
6838,-118.175,34.225,0.1802,0.0469,0.0514,0.0185,0.4136,0.1331,0.2975,0.075,0.3627,0.1144,0.0318,0.0149,0.0661,0.0305,0.22,0.0795
6839,-118.165,34.225,0.182,0.0473,0.0513,0.0184,0.3974,0.1249,0.2906,0.0746,0.3623,0.1139,0.031,0.0142,0.0651,0.0301,0.2224,0.0804
6840,-118.155,34.225,0.1844,0.048,0.0523,0.0188,0.3853,0.1198,0.2877,0.0748,0.3651,0.1147,0.0304,0.0137,0.065,0.0301,0.2281,0.0829
6841,-118.145,34.225,0.1871,0.0487,0.0533,0.0192,0.3738,0.1151,0.2859,0.0749,0.3713,0.1167,0.03,0.0132,0.065,0.0302,0.2345,0.0857
6842,-118.135,34.225,0.1893,0.0495,0.0545,0.0196,0.3629,0.1109,0.2851,0.0749,0.3819,0.1203,0.0297,0.0127,0.0651,0.0304,0.2407,0.0885
6843,-118.125,34.225,0.1909,0.05,0.0557,0.0201,0.3517,0.1064,0.2847,0.0745,0.3964,0.1253,0.0295,0.0125,0.0652,0.0306,0.2467,0.0913
6844,-118.115,34.225,0.1913,0.0504,0.0569,0.0206,0.3404,0.102,0.2844,0.0738,0.4145,0.1316,0.0293,0.0123,0.0654,0.0307,0.2539,0.0945
6845,-118.105,34.225,0.1906,0.0505,0.0579,0.021,0.3292,0.0973,0.2836,0.0726,0.4337,0.1385,0.0294,0.0124,0.0655,0.0309,0.2617,0.0981
6846,-118.095,34.225,0.1886,0.0504,0.059,0.0214,0.3179,0.0926,0.2822,0.0712,0.454,0.1461,0.0295,0.0126,0.0655,0.031,0.2693,0.1017
6847,-118.085,34.225,0.1855,0.0502,0.0599,0.0217,0.3065,0.0878,0.2801,0.0695,0.4748,0.154,0.0297,0.0129,0.0654,0.0311,0.2766,0.1052
6848,-118.075,34.225,0.1812,0.0497,0.0606,0.022,0.2953,0.0831,0.2767,0.0678,0.4962,0.1624,0.0299,0.0133,0.0652,0.0311,0.2835,0.1084
6849,-118.065,34.225,0.1756,0.0491,0.0613,0.0223,0.2843,0.0784,0.2725,0.0663,0.5177,0.1708,0.0299,0.0137,0.065,0.031,0.2896,0.1113
6850,-118.055,34.225,0.1714,0.0485,0.0618,0.0225,0.2748,0.0742,0.2663,0.0659,0.5393,0.1793,0.0291,0.0136,0.0646,0.0309,0.2952,0.1139
6851,-118.045,34.225,0.1719,0.0481,0.0622,0.0227,0.2659,0.0703,0.259,0.0658,0.5609,0.1878,0.028,0.0134,0.0642,0.0308,0.3003,0.1162
6852,-118.035,34.225,0.1724,0.0476,0.0626,0.0228,0.2575,0.0668,0.2505,0.0662,0.5813,0.1958,0.0265,0.013,0.0637,0.0306,0.3051,0.1184
6853,-118.025,34.225,0.1724,0.0472,0.0628,0.0229,0.2493,0.0639,0.2417,0.0659,0.5977,0.2024,0.0256,0.0128,0.0632,0.0304,0.3094,0.1203
6854,-118.015,34.225,0.1719,0.0466,0.063,0.023,0.2411,0.0613,0.2328,0.0654,0.6079,0.2067,0.0248,0.0126,0.0627,0.0302,0.3134,0.122
6855,-118.005,34.225,0.1711,0.0461,0.0631,0.0231,0.2331,0.0594,0.2243,0.0643,0.6119,0.2087,0.0246,0.0127,0.0622,0.03,0.3171,0.1236
6856,-117.995,34.225,0.1701,0.0456,0.0631,0.0231,0.2254,0.0579,0.216,0.063,0.6096,0.2083,0.0246,0.0129,0.0616,0.0298,0.3208,0.1251
6857,-117.985,34.225,0.1691,0.0451,0.0631,0.0232,0.2179,0.0567,0.2081,0.0616,0.6014,0.2058,0.0248,0.0131,0.0612,0.0296,0.3244,0.1265
6858,-117.975,34.225,0.1678,0.0446,0.0631,0.0232,0.211,0.0557,0.2008,0.0601,0.588,0.2014,0.0251,0.0133,0.0607,0.0294,0.328,0.1279
6859,-117.965,34.225,0.1661,0.044,0.063,0.0232,0.2044,0.0548,0.1939,0.0585,0.57,0.1952,0.0255,0.0135,0.0603,0.0293,0.3317,0.1293
6860,-117.955,34.225,0.1642,0.0435,0.0629,0.0233,0.1985,0.0541,0.1878,0.057,0.5496,0.1882,0.0258,0.0137,0.0599,0.0292,0.3355,0.1308
6861,-117.945,34.225,0.1621,0.0428,0.0628,0.0233,0.193,0.0534,0.1823,0.0557,0.5273,0.1805,0.0262,0.0139,0.0595,0.0291,0.3394,0.1323
6862,-117.935,34.225,0.16,0.0422,0.0627,0.0233,0.1879,0.0527,0.1772,0.0544,0.5044,0.1725,0.0266,0.0141,0.0592,0.029,0.3434,0.1338
6863,-117.925,34.225,0.1576,0.0416,0.0626,0.0234,0.1834,0.0521,0.1729,0.0534,0.4813,0.1644,0.0269,0.0142,0.0589,0.0289,0.3476,0.1353
6864,-117.915,34.225,0.1551,0.0409,0.0625,0.0234,0.1792,0.0514,0.169,0.0525,0.4587,0.1565,0.0273,0.0143,0.0586,0.0288,0.3519,0.1369
6865,-117.905,34.225,0.1524,0.0402,0.0623,0.0234,0.1754,0.0508,0.1658,0.0519,0.4369,0.1489,0.0276,0.0145,0.0583,0.0288,0.3562,0.1385
6866,-117.895,34.225,0.1497,0.0396,0.0621,0.0235,0.1718,0.0502,0.1629,0.0513,0.416,0.1416,0.028,0.0146,0.0581,0.0287,0.3607,0.1401
6867,-117.885,34.225,0.1469,0.0388,0.0619,0.0235,0.1685,0.0496,0.1603,0.0509,0.3961,0.1346,0.0284,0.0147,0.0579,0.0287,0.3652,0.1417
6868,-117.875,34.225,0.144,0.0381,0.0617,0.0235,0.1656,0.049,0.1582,0.0506,0.3772,0.128,0.0287,0.0148,0.0576,0.0287,0.3699,0.1433
6869,-117.865,34.225,0.141,0.0374,0.0615,0.0236,0.1627,0.0484,0.1561,0.0503,0.3595,0.1218,0.0291,0.0149,0.0574,0.0286,0.3744,0.1449
6870,-117.855,34.225,0.138,0.0366,0.0612,0.0236,0.1602,0.0477,0.1543,0.0501,0.343,0.116,0.0294,0.0149,0.0571,0.0286,0.3792,0.1466
6871,-117.845,34.225,0.1349,0.0359,0.0609,0.0236,0.1578,0.0471,0.1526,0.0499,0.3272,0.1105,0.0297,0.015,0.0569,0.0285,0.3839,0.1482
6872,-117.835,34.225,0.1318,0.0351,0.0606,0.0236,0.1556,0.0464,0.1511,0.0497,0.3125,0.1053,0.0301,0.015,0.0566,0.0285,0.3887,0.1498
6873,-117.825,34.225,0.1287,0.0343,0.0603,0.0235,0.1536,0.0457,0.1497,0.0494,0.2985,0.1004,0.0303,0.015,0.0563,0.0284,0.3936,0.1515
6874,-117.815,34.225,0.1256,0.0335,0.0599,0.0235,0.1517,0.0451,0.1483,0.0492,0.2855,0.0959,0.0306,0.015,0.056,0.0283,0.3983,0.1531
6875,-117.805,34.225,0.1224,0.0328,0.0595,0.0235,0.15,0.0444,0.1471,0.0489,0.2731,0.0916,0.0308,0.0149,0.0557,0.0282,0.4031,0.1547
6876,-117.795,34.225,0.1193,0.032,0.059,0.0234,0.1485,0.0437,0.146,0.0485,0.2614,0.0875,0.031,0.0149,0.0554,0.0281,0.4077,0.1562
6877,-117.785,34.225,0.1162,0.0312,0.0586,0.0234,0.1471,0.043,0.145,0.0481,0.2503,0.0837,0.0312,0.0148,0.055,0.028,0.4124,0.1577
6878,-117.775,34.225,0.1131,0.0305,0.058,0.0233,0.1458,0.0423,0.144,0.0477,0.2398,0.08,0.0312,0.0146,0.0546,0.0278,0.4168,0.1591
6879,-117.765,34.225,0.1101,0.0297,0.0575,0.0232,0.1446,0.0416,0.1431,0.0471,0.2298,0.0765,0.0312,0.0144,0.0542,0.0277,0.4211,0.1603
6880,-117.755,34.225,0.1071,0.029,0.0568,0.023,0.1435,0.0409,0.1422,0.0465,0.2203,0.0732,0.0311,0.0142,0.0537,0.0275,0.4252,0.1615
6881,-117.745,34.225,0.1041,0.0282,0.0562,0.0229,0.1424,0.0402,0.1413,0.0457,0.2111,0.0701,0.031,0.0139,0.0532,0.0273,0.4291,0.1627
6882,-117.735,34.225,0.1011,0.0275,0.0555,0.0227,0.1413,0.0396,0.1404,0.0449,0.2024,0.0671,0.0308,0.0136,0.0527,0.027,0.4325,0.1635
6883,-117.725,34.225,0.0982,0.0268,0.0547,0.0225,0.1401,0.0389,0.1395,0.044,0.1939,0.0641,0.0304,0.0133,0.0521,0.0267,0.4356,0.1642
6884,-117.715,34.225,0.0953,0.026,0.0539,0.0223,0.1388,0.0383,0.1386,0.0429,0.1858,0.0613,0.0301,0.0129,0.0514,0.0264,0.4388,0.1649
6885,-117.705,34.225,0.0924,0.0253,0.053,0.0221,0.1373,0.0377,0.1377,0.0418,0.1779,0.0586,0.0295,0.0124,0.0507,0.026,0.4421,0.1656
6886,-117.695,34.225,0.0895,0.0246,0.0526,0.022,0.1357,0.0372,0.1369,0.0406,0.17,0.0559,0.029,0.0119,0.0499,0.0257,0.4451,0.1661
6887,-117.685,34.225,0.0887,0.0245,0.0525,0.0222,0.134,0.0369,0.1363,0.0394,0.1664,0.0549,0.0285,0.0114,0.0493,0.0253,0.4593,0.1719
6888,-117.675,34.225,0.1005,0.029,0.0532,0.0229,0.1453,0.0416,0.1496,0.0432,0.186,0.0637,0.0308,0.0123,0.0535,0.0283,0.4949,0.1883
6889,-117.665,34.225,0.0896,0.0254,0.0534,0.0231,0.1575,0.0468,0.164,0.0477,0.1641,0.0549,0.0336,0.0135,0.0583,0.0316,0.5365,0.2078
6890,-117.655,34.225,0.0852,0.0241,0.0495,0.0212,0.1617,0.0497,0.1701,0.0506,0.1545,0.0514,0.0354,0.0144,0.0605,0.0334,0.5647,0.221
6891,-118.945,34.235,0.0878,0.0367,0.0782,0.0397,0.2528,0.1211,0.4937,0.2467,0.169,0.0699,0.0255,0.0221,0.2027,0.1039,0.2338,0.1106
6892,-118.935,34.235,0.0898,0.0374,0.0799,0.0406,0.2565,0.1227,0.5049,0.2518,0.1727,0.0715,0.0264,0.0221,0.2019,0.1034,0.2361,0.1118
6893,-118.925,34.235,0.0917,0.0382,0.0802,0.0406,0.2599,0.124,0.5188,0.2579,0.1768,0.0733,0.0273,0.0226,0.2006,0.1026,0.237,0.1119
6894,-118.915,34.235,0.0934,0.0387,0.0802,0.0404,0.2592,0.1226,0.5277,0.2593,0.1805,0.075,0.0276,0.0227,0.1963,0.0997,0.2388,0.1126
6895,-118.905,34.235,0.0891,0.0361,0.08,0.04,0.2389,0.1081,0.51,0.2365,0.1743,0.0709,0.0253,0.0206,0.1772,0.0864,0.2342,0.1089
6896,-118.895,34.235,0.079,0.0306,0.0798,0.0396,0.2266,0.0991,0.5045,0.2252,0.1578,0.0611,0.0238,0.0195,0.1644,0.0777,0.2291,0.1049
6897,-118.885,34.235,0.0779,0.0298,0.0795,0.0392,0.2222,0.0957,0.5113,0.2256,0.1567,0.0602,0.0233,0.0196,0.1578,0.0737,0.227,0.1032
6898,-118.875,34.235,0.0795,0.0304,0.0769,0.0374,0.2232,0.0954,0.5296,0.2339,0.1607,0.0619,0.0234,0.0203,0.1552,0.0722,0.2283,0.1037
6899,-118.865,34.235,0.0783,0.0295,0.0747,0.0359,0.2291,0.098,0.5581,0.2501,0.1591,0.0605,0.0239,0.0217,0.156,0.0729,0.2257,0.1018
6900,-118.855,34.235,0.0847,0.0324,0.0775,0.0375,0.2539,0.1122,0.625,0.2969,0.1708,0.0662,0.0266,0.0258,0.1697,0.0819,0.231,0.1049
6901,-118.845,34.235,0.0959,0.0376,0.0791,0.0383,0.2628,0.1164,0.6603,0.3183,0.1911,0.0765,0.0273,0.0275,0.1723,0.0837,0.2423,0.1118
6902,-118.835,34.235,0.0912,0.0349,0.0793,0.0384,0.2557,0.1107,0.6642,0.3143,0.1826,0.071,0.0259,0.0267,0.1638,0.0781,0.2362,0.1072
6903,-118.825,34.235,0.0871,0.0327,0.0787,0.0378,0.2494,0.1059,0.6642,0.3088,0.1751,0.0663,0.0245,0.0258,0.156,0.0734,0.2281,0.1017
6904,-118.815,34.235,0.0875,0.0325,0.0779,0.0372,0.2454,0.1026,0.6679,0.3066,0.1758,0.0661,0.0233,0.025,0.1499,0.0697,0.2243,0.0989
6905,-118.805,34.235,0.088,0.0325,0.0774,0.0368,0.2525,0.1058,0.6933,0.3219,0.1772,0.0661,0.0231,0.0253,0.1508,0.0705,0.2242,0.0985
6906,-118.795,34.235,0.0895,0.0329,0.0761,0.0359,0.2562,0.1068,0.714,0.3299,0.1805,0.0671,0.0226,0.0251,0.1495,0.0699,0.2239,0.098
6907,-118.785,34.235,0.0901,0.033,0.0739,0.0345,0.2566,0.1057,0.73,0.3305,0.1826,0.0675,0.0219,0.0243,0.146,0.0677,0.2213,0.0961
6908,-118.775,34.235,0.0914,0.0333,0.0736,0.0342,0.2599,0.1064,0.7506,0.334,0.1862,0.0686,0.0218,0.0241,0.144,0.0666,0.2202,0.0952
6909,-118.765,34.235,0.0925,0.0336,0.0737,0.0342,0.2639,0.1075,0.7721,0.3376,0.1897,0.0697,0.022,0.0241,0.1423,0.0658,0.2202,0.0949
6910,-118.755,34.235,0.0933,0.0337,0.0738,0.034,0.2683,0.1089,0.7934,0.3393,0.1931,0.0707,0.0225,0.0243,0.1405,0.0648,0.2204,0.0948
6911,-118.745,34.235,0.0939,0.0337,0.0736,0.0338,0.2725,0.1103,0.8132,0.3392,0.1961,0.0716,0.023,0.0245,0.1385,0.0637,0.2203,0.0945
6912,-118.735,34.235,0.0941,0.0336,0.0733,0.0335,0.2767,0.1116,0.8316,0.3371,0.1987,0.0721,0.0235,0.0246,0.1362,0.0625,0.219,0.0936
6913,-118.725,34.235,0.0937,0.0331,0.0723,0.0327,0.2739,0.1092,0.8272,0.321,0.2003,0.0723,0.0233,0.0239,0.1303,0.0591,0.2161,0.0917
6914,-118.715,34.235,0.0897,0.0311,0.0713,0.032,0.2718,0.1072,0.8246,0.3072,0.1948,0.069,0.0232,0.0232,0.1248,0.056,0.2118,0.0891
6915,-118.705,34.235,0.0907,0.0313,0.0707,0.0315,0.2807,0.1109,0.854,0.3185,0.1998,0.0708,0.0241,0.0239,0.1245,0.056,0.2111,0.0886
6916,-118.695,34.235,0.0924,0.0318,0.0706,0.0313,0.2892,0.1145,0.885,0.3332,0.2064,0.0733,0.0249,0.0244,0.1241,0.0559,0.2118,0.0889
6917,-118.685,34.235,0.0937,0.0321,0.071,0.0314,0.2975,0.1179,0.9177,0.3511,0.2125,0.0756,0.0256,0.0248,0.1234,0.0556,0.2131,0.0894
6918,-118.675,34.235,0.095,0.0323,0.0716,0.0316,0.3064,0.1215,0.9474,0.3662,0.2188,0.0779,0.0261,0.0246,0.1229,0.0555,0.2148,0.0902
6919,-118.665,34.235,0.0968,0.0328,0.073,0.0322,0.3159,0.1253,0.9764,0.3806,0.2259,0.0805,0.0265,0.0242,0.1226,0.0555,0.2182,0.0919
6920,-118.655,34.235,0.0991,0.0335,0.0783,0.0352,0.3278,0.1304,1.0057,0.3942,0.2343,0.0836,0.0269,0.0231,0.1232,0.056,0.2309,0.099
6921,-118.645,34.235,0.1142,0.0399,0.082,0.0372,0.3706,0.156,1.0776,0.4599,0.2701,0.1013,0.0304,0.0251,0.137,0.0651,0.2516,0.1118
6922,-118.635,34.235,0.1361,0.0499,0.0842,0.0383,0.4444,0.2022,1.1921,0.5779,0.3173,0.1276,0.037,0.0301,0.1639,0.0829,0.2767,0.1282
6923,-118.625,34.235,0.1527,0.0576,0.0999,0.0479,0.4826,0.2277,1.2332,0.6342,0.3511,0.1484,0.0399,0.0307,0.1753,0.091,0.2976,0.1424
6924,-118.615,34.235,0.1595,0.0602,0.1166,0.0581,0.5121,0.2485,1.2567,0.6772,0.369,0.1569,0.0421,0.0308,0.1833,0.097,0.3207,0.1594
6925,-118.605,34.235,0.1629,0.0614,0.1243,0.063,0.535,0.2666,1.2677,0.7167,0.379,0.1622,0.0443,0.0324,0.1894,0.1021,0.3391,0.1737
6926,-118.595,34.235,0.1807,0.0699,0.1291,0.066,0.5576,0.2845,1.2818,0.7545,0.4141,0.1863,0.0465,0.0359,0.1936,0.1056,0.352,0.1841
6927,-118.585,34.235,0.1846,0.0712,0.131,0.0669,0.5798,0.3021,1.299,0.7906,0.4281,0.1946,0.0488,0.0414,0.1958,0.1077,0.3593,0.1898
6928,-118.575,34.235,0.1867,0.0715,0.1322,0.0674,0.5956,0.314,1.3225,0.821,0.4404,0.2014,0.0502,0.046,0.1952,0.1076,0.3631,0.1922
6929,-118.565,34.235,0.1889,0.072,0.1332,0.0677,0.6097,0.3242,1.3474,0.8497,0.4518,0.2074,0.0512,0.0499,0.1938,0.1069,0.3664,0.194
6930,-118.555,34.235,0.1912,0.0725,0.1337,0.0677,0.6215,0.3323,1.3732,0.876,0.4616,0.212,0.051,0.0508,0.1918,0.1057,0.3683,0.1946
6931,-118.545,34.235,0.1934,0.0731,0.1337,0.0673,0.6318,0.3388,1.3974,0.8966,0.4693,0.2149,0.0504,0.0508,0.1893,0.1041,0.3679,0.1931
6932,-118.535,34.235,0.1942,0.0728,0.1333,0.0667,0.6404,0.3436,1.4199,0.9113,0.4753,0.2164,0.0493,0.0499,0.1862,0.1021,0.3665,0.1906
6933,-118.525,34.235,0.1926,0.0712,0.1329,0.0661,0.6478,0.347,1.4408,0.9181,0.481,0.2177,0.0483,0.0492,0.1829,0.0999,0.3652,0.1883
6934,-118.515,34.235,0.1917,0.0699,0.1323,0.0654,0.6558,0.3507,1.4593,0.9225,0.4898,0.222,0.0474,0.0487,0.1799,0.098,0.3648,0.187
6935,-118.505,34.235,0.1911,0.0689,0.1306,0.064,0.6673,0.357,1.4681,0.9226,0.499,0.2271,0.0476,0.049,0.1786,0.0974,0.3653,0.1865
6936,-118.495,34.235,0.1894,0.0672,0.1285,0.0624,0.6754,0.3598,1.4737,0.9149,0.5063,0.2304,0.0479,0.0492,0.1769,0.0965,0.3652,0.1854
6937,-118.485,34.235,0.1875,0.0655,0.126,0.0606,0.6801,0.3591,1.4762,0.8992,0.5129,0.233,0.0484,0.0494,0.1749,0.0953,0.3654,0.1846
6938,-118.475,34.235,0.1849,0.0635,0.1256,0.0601,0.6861,0.3598,1.4342,0.8557,0.5184,0.2342,0.0495,0.0496,0.1732,0.0944,0.3675,0.1855
6939,-118.465,34.235,0.1884,0.0645,0.1263,0.0604,0.6926,0.3616,1.372,0.8028,0.5331,0.2441,0.0507,0.0497,0.1716,0.0935,0.3721,0.1885
6940,-118.455,34.235,0.1922,0.0657,0.13,0.0626,0.7004,0.3677,1.2561,0.732,0.5469,0.2529,0.0521,0.0495,0.1706,0.0931,0.3794,0.1941
6941,-118.445,34.235,0.1953,0.0667,0.1314,0.0634,0.7104,0.3748,1.1494,0.6702,0.5581,0.2594,0.0537,0.0493,0.1699,0.0929,0.3852,0.1983
6942,-118.435,34.235,0.1982,0.0676,0.1306,0.0628,0.7224,0.3828,1.0521,0.6173,0.5676,0.2642,0.0553,0.0491,0.1693,0.0928,0.3885,0.2003
6943,-118.425,34.235,0.2014,0.0687,0.1296,0.062,0.7341,0.3873,0.9922,0.5812,0.5756,0.2675,0.0566,0.0492,0.1675,0.0919,0.3895,0.2002
6944,-118.415,34.235,0.2056,0.0702,0.1282,0.0612,0.7459,0.3913,0.9419,0.5486,0.5815,0.2694,0.058,0.0495,0.1654,0.0907,0.3889,0.1987
6945,-118.405,34.235,0.2103,0.072,0.126,0.0598,0.7586,0.3961,0.9013,0.5155,0.5857,0.2703,0.0597,0.0501,0.1635,0.0896,0.3866,0.1958
6946,-118.395,34.235,0.2143,0.0734,0.1242,0.0587,0.7709,0.4005,0.864,0.4838,0.5863,0.2681,0.0615,0.0505,0.1615,0.0884,0.3842,0.1928
6947,-118.385,34.235,0.2199,0.0756,0.1228,0.0578,0.7827,0.4047,0.83,0.4535,0.5865,0.2663,0.0635,0.0506,0.1593,0.0871,0.3792,0.1876
6948,-118.375,34.235,0.2234,0.0767,0.1098,0.0502,0.7808,0.3913,0.7918,0.4115,0.5812,0.2597,0.0626,0.0476,0.1515,0.0817,0.3678,0.1771
6949,-118.365,34.235,0.2011,0.0657,0.0931,0.0406,0.7745,0.3736,0.7508,0.3673,0.5277,0.2159,0.061,0.0438,0.1423,0.0753,0.3178,0.14
6950,-118.355,34.235,0.1873,0.0595,0.0692,0.028,0.7598,0.3524,0.7002,0.324,0.4832,0.1871,0.0586,0.0399,0.1327,0.0688,0.2752,0.1126
6951,-118.345,34.235,0.1906,0.0603,0.0581,0.0221,0.6969,0.3057,0.6126,0.2643,0.4753,0.1799,0.0522,0.0335,0.1155,0.0579,0.2435,0.0942
6952,-118.335,34.235,0.155,0.0455,0.0596,0.0229,0.5857,0.2335,0.4879,0.1883,0.3824,0.13,0.0419,0.0246,0.091,0.0427,0.2233,0.0836
6953,-118.325,34.235,0.1327,0.0368,0.0569,0.0216,0.5405,0.2075,0.4273,0.1554,0.3191,0.1003,0.0378,0.0213,0.0811,0.037,0.2054,0.075
6954,-118.315,34.235,0.1368,0.038,0.0539,0.0202,0.5163,0.1948,0.3864,0.1344,0.3211,0.0999,0.0355,0.0194,0.0755,0.034,0.2027,0.0736
6955,-118.305,34.235,0.1419,0.0395,0.0534,0.02,0.5289,0.2005,0.3775,0.1282,0.327,0.1008,0.0358,0.0194,0.0757,0.0342,0.2064,0.0751
6956,-118.295,34.235,0.1471,0.041,0.0532,0.0199,0.5487,0.2122,0.3753,0.1259,0.3329,0.1016,0.0368,0.0199,0.0776,0.0356,0.2137,0.0785
6957,-118.285,34.235,0.1523,0.0425,0.0531,0.0198,0.5759,0.2299,0.38,0.1277,0.3388,0.1024,0.0387,0.0209,0.0811,0.038,0.226,0.0842
6958,-118.275,34.235,0.1672,0.0474,0.0647,0.0259,0.6585,0.2729,0.4222,0.1404,0.3633,0.1109,0.0443,0.0238,0.0927,0.045,0.2564,0.0998
6959,-118.265,34.235,0.2383,0.0751,0.0779,0.0327,0.7473,0.3231,0.4699,0.1555,0.4892,0.1692,0.051,0.0272,0.1066,0.0537,0.2975,0.1221
6960,-118.255,34.235,0.2894,0.0976,0.0874,0.0376,0.8105,0.3833,0.5072,0.1723,0.5594,0.2132,0.0595,0.0316,0.1238,0.0659,0.3364,0.1444
6961,-118.245,34.235,0.2892,0.0961,0.0867,0.0372,0.8317,0.403,0.5261,0.1769,0.5569,0.2118,0.0629,0.0339,0.1307,0.071,0.3502,0.1544
6962,-118.235,34.235,0.2756,0.0889,0.0759,0.0314,0.811,0.3824,0.5265,0.1692,0.536,0.2011,0.0613,0.034,0.1272,0.0687,0.3332,0.1438
6963,-118.225,34.235,0.2547,0.0784,0.068,0.0272,0.66,0.2808,0.432,0.1263,0.5043,0.182,0.048,0.0256,0.0996,0.051,0.2962,0.1211
6964,-118.215,34.235,0.1726,0.0458,0.0611,0.0235,0.5093,0.1809,0.3364,0.0845,0.3525,0.1087,0.0349,0.0171,0.0725,0.0335,0.2577,0.0983
6965,-118.205,34.235,0.173,0.0456,0.0562,0.021,0.4905,0.1702,0.3302,0.0832,0.3504,0.1092,0.0345,0.0168,0.0711,0.0328,0.2383,0.0885
6966,-118.195,34.235,0.1734,0.0454,0.053,0.0194,0.4714,0.1598,0.323,0.0821,0.3478,0.1093,0.0341,0.0163,0.0697,0.0322,0.2313,0.0849
6967,-118.185,34.235,0.1739,0.0453,0.0516,0.0187,0.4522,0.1495,0.315,0.081,0.3454,0.109,0.0335,0.0158,0.0685,0.0316,0.2264,0.0824
6968,-118.175,34.235,0.1746,0.0453,0.0514,0.0186,0.4342,0.1407,0.3078,0.0801,0.3435,0.1084,0.0327,0.0152,0.0675,0.0311,0.225,0.0815
6969,-118.165,34.235,0.1759,0.0456,0.0516,0.0186,0.417,0.1324,0.3012,0.0793,0.3436,0.1083,0.032,0.0147,0.0667,0.0308,0.2279,0.0826
6970,-118.155,34.235,0.1774,0.0461,0.0523,0.0189,0.402,0.126,0.2967,0.0787,0.3455,0.109,0.0315,0.0142,0.0664,0.0307,0.2332,0.0849
6971,-118.145,34.235,0.179,0.0466,0.0532,0.0192,0.3879,0.1201,0.2931,0.0781,0.3508,0.1107,0.031,0.0138,0.0661,0.0307,0.2396,0.0877
6972,-118.135,34.235,0.1803,0.047,0.0541,0.0196,0.3744,0.1147,0.2903,0.0775,0.3602,0.114,0.0307,0.0134,0.066,0.0307,0.2466,0.0908
6973,-118.125,34.235,0.181,0.0474,0.0551,0.02,0.3614,0.1096,0.288,0.0765,0.3743,0.1188,0.0305,0.0132,0.066,0.0308,0.254,0.0942
6974,-118.115,34.235,0.1808,0.0476,0.0561,0.0204,0.3485,0.1045,0.2858,0.0754,0.3902,0.1245,0.0303,0.0131,0.066,0.0309,0.2615,0.0976
6975,-118.105,34.235,0.1797,0.0477,0.057,0.0208,0.336,0.0995,0.2834,0.074,0.4069,0.1305,0.0303,0.0132,0.066,0.031,0.2691,0.1011
6976,-118.095,34.235,0.1775,0.0475,0.0579,0.0211,0.3237,0.0945,0.2807,0.0724,0.4246,0.1371,0.0304,0.0134,0.0659,0.0311,0.2765,0.1045
6977,-118.085,34.235,0.1746,0.0473,0.0587,0.0214,0.3116,0.0896,0.2775,0.0706,0.4428,0.144,0.0305,0.0137,0.0658,0.0311,0.2837,0.1079
6978,-118.075,34.235,0.171,0.0469,0.0594,0.0217,0.2999,0.0849,0.2735,0.0688,0.4615,0.1512,0.0306,0.014,0.0655,0.0311,0.2906,0.1111
6979,-118.065,34.235,0.1673,0.0464,0.06,0.0219,0.2887,0.0804,0.269,0.0671,0.4806,0.1586,0.0306,0.0143,0.0653,0.031,0.2969,0.1141
6980,-118.055,34.235,0.1646,0.0459,0.0604,0.0221,0.2786,0.0763,0.263,0.0665,0.4996,0.1661,0.03,0.0143,0.0649,0.0309,0.3028,0.1168
6981,-118.045,34.235,0.1638,0.0455,0.0608,0.0223,0.2692,0.0726,0.2561,0.0661,0.5187,0.1735,0.029,0.0141,0.0645,0.0308,0.3083,0.1193
6982,-118.035,34.235,0.1638,0.0451,0.0612,0.0224,0.2603,0.0692,0.2481,0.0661,0.5354,0.1801,0.0278,0.0138,0.064,0.0306,0.3134,0.1216
6983,-118.025,34.235,0.1637,0.0447,0.0614,0.0225,0.2518,0.0663,0.2399,0.0658,0.5488,0.1855,0.0269,0.0136,0.0636,0.0304,0.3181,0.1237
6984,-118.015,34.235,0.1633,0.0443,0.0616,0.0226,0.2434,0.0637,0.2317,0.0653,0.5571,0.189,0.0261,0.0134,0.0631,0.0303,0.3226,0.1256
6985,-118.005,34.235,0.1628,0.0439,0.0617,0.0227,0.2355,0.0617,0.2237,0.0644,0.5605,0.1907,0.0258,0.0134,0.0626,0.0301,0.3268,0.1274
6986,-117.995,34.235,0.1622,0.0435,0.0618,0.0228,0.2279,0.0599,0.2161,0.0634,0.5591,0.1907,0.0257,0.0135,0.0621,0.0299,0.3308,0.129
6987,-117.985,34.235,0.1614,0.0431,0.0618,0.0228,0.2205,0.0585,0.2088,0.0622,0.5531,0.1889,0.0257,0.0136,0.0617,0.0298,0.3348,0.1306
6988,-117.975,34.235,0.1604,0.0427,0.0618,0.0229,0.2137,0.0573,0.202,0.0609,0.5429,0.1856,0.0259,0.0137,0.0613,0.0296,0.3387,0.1321
6989,-117.965,34.235,0.1591,0.0422,0.0618,0.0229,0.2072,0.0562,0.1955,0.0596,0.5289,0.1808,0.0261,0.0139,0.0608,0.0295,0.3426,0.1336
6990,-117.955,34.235,0.1576,0.0417,0.0617,0.023,0.2013,0.0553,0.1898,0.0583,0.5126,0.1752,0.0264,0.014,0.0605,0.0294,0.3467,0.1351
6991,-117.945,34.235,0.1558,0.0412,0.0617,0.023,0.1957,0.0544,0.1845,0.0571,0.4945,0.1689,0.0267,0.0142,0.0601,0.0293,0.3508,0.1367
6992,-117.935,34.235,0.1539,0.0406,0.0616,0.0231,0.1906,0.0536,0.1796,0.0559,0.4755,0.1623,0.0271,0.0143,0.0598,0.0292,0.355,0.1383
6993,-117.925,34.235,0.1517,0.0401,0.0615,0.0231,0.186,0.0529,0.1754,0.055,0.4561,0.1556,0.0274,0.0144,0.0595,0.0291,0.3594,0.1399
6994,-117.915,34.235,0.1496,0.0395,0.0614,0.0232,0.1817,0.0522,0.1714,0.0541,0.4367,0.1488,0.0278,0.0146,0.0592,0.029,0.3639,0.1415
6995,-117.905,34.235,0.1472,0.0389,0.0612,0.0232,0.1779,0.0515,0.1681,0.0534,0.4178,0.1422,0.0281,0.0147,0.0589,0.029,0.3684,0.1431
6996,-117.895,34.235,0.1447,0.0383,0.0611,0.0232,0.1742,0.0508,0.1651,0.0528,0.3993,0.1358,0.0285,0.0148,0.0587,0.0289,0.3731,0.1448
6997,-117.885,34.235,0.1422,0.0376,0.0609,0.0233,0.1708,0.0501,0.1624,0.0523,0.3816,0.1296,0.0289,0.0149,0.0584,0.0289,0.3779,0.1465
6998,-117.875,34.235,0.1396,0.037,0.0607,0.0233,0.1678,0.0495,0.1601,0.0519,0.3647,0.1237,0.0292,0.015,0.0582,0.0288,0.3828,0.1482
6999,-117.865,34.235,0.1368,0.0363,0.0605,0.0233,0.1649,0.0488,0.1579,0.0515,0.3487,0.1181,0.0296,0.015,0.0579,0.0288,0.3877,0.15
7000,-117.855,34.235,0.1341,0.0356,0.0603,0.0234,0.1623,0.0482,0.1561,0.0512,0.3335,0.1128,0.0299,0.0151,0.0577,0.0287,0.3928,0.1518
7001,-117.845,34.235,0.1313,0.0349,0.06,0.0234,0.1599,0.0475,0.1543,0.0509,0.319,0.1077,0.0303,0.0151,0.0574,0.0287,0.3979,0.1536
7002,-117.835,34.235,0.1284,0.0343,0.0597,0.0234,0.1576,0.0469,0.1527,0.0506,0.3054,0.103,0.0306,0.0152,0.0572,0.0286,0.4031,0.1554
7003,-117.825,34.235,0.1256,0.0336,0.0594,0.0234,0.1555,0.0462,0.1512,0.0503,0.2924,0.0985,0.0309,0.0152,0.0569,0.0286,0.4083,0.1573
7004,-117.815,34.235,0.1226,0.0329,0.0591,0.0233,0.1536,0.0455,0.1498,0.05,0.2802,0.0942,0.0312,0.0152,0.0566,0.0285,0.4136,0.1591
7005,-117.805,34.235,0.1198,0.0322,0.0587,0.0233,0.1518,0.0449,0.1486,0.0496,0.2686,0.0902,0.0314,0.0151,0.0563,0.0284,0.4188,0.1609
7006,-117.795,34.235,0.1169,0.0315,0.0583,0.0233,0.1502,0.0442,0.1475,0.0492,0.2575,0.0864,0.0316,0.0151,0.056,0.0283,0.424,0.1626
7007,-117.785,34.235,0.114,0.0308,0.0578,0.0232,0.1487,0.0435,0.1464,0.0487,0.2471,0.0827,0.0318,0.015,0.0556,0.0282,0.4291,0.1643
7008,-117.775,34.235,0.1112,0.0301,0.0573,0.0231,0.1473,0.0429,0.1454,0.0482,0.237,0.0792,0.0318,0.0148,0.0552,0.028,0.4341,0.1659
7009,-117.765,34.235,0.1084,0.0294,0.0568,0.023,0.1459,0.0422,0.1445,0.0476,0.2274,0.0759,0.0319,0.0146,0.0548,0.0279,0.4389,0.1675
7010,-117.755,34.235,0.1056,0.0287,0.0562,0.0229,0.1446,0.0415,0.1436,0.0468,0.2183,0.0728,0.0318,0.0144,0.0543,0.0277,0.4435,0.1689
7011,-117.745,34.235,0.1027,0.028,0.0556,0.0228,0.1433,0.0409,0.1427,0.0461,0.2095,0.0697,0.0316,0.0141,0.0538,0.0275,0.4478,0.1702
7012,-117.735,34.235,0.1,0.0273,0.0549,0.0226,0.1421,0.0403,0.1418,0.0452,0.201,0.0668,0.0314,0.0138,0.0532,0.0272,0.4517,0.1713
7013,-117.725,34.235,0.0972,0.0266,0.0542,0.0225,0.1407,0.0397,0.1409,0.0442,0.1927,0.064,0.0311,0.0134,0.0526,0.0269,0.4551,0.1721
7014,-117.715,34.235,0.0944,0.0259,0.0534,0.0223,0.1392,0.0391,0.1399,0.0431,0.1847,0.0612,0.0307,0.013,0.0519,0.0266,0.4583,0.1728
7015,-117.705,34.235,0.0916,0.0252,0.0526,0.022,0.1374,0.0385,0.139,0.0418,0.1769,0.0585,0.0301,0.0125,0.0512,0.0262,0.4613,0.1734
7016,-117.695,34.235,0.0887,0.0245,0.0518,0.0218,0.1353,0.038,0.1378,0.0405,0.169,0.0557,0.0295,0.0119,0.0503,0.0258,0.4642,0.1738
7017,-117.685,34.235,0.0857,0.0237,0.0512,0.0217,0.1329,0.0375,0.1365,0.039,0.1612,0.053,0.0287,0.0113,0.0493,0.0253,0.4751,0.178
7018,-117.675,34.235,0.0882,0.0248,0.0507,0.0217,0.1525,0.0454,0.1588,0.0457,0.1634,0.0544,0.0327,0.013,0.0567,0.0303,0.5037,0.191
7019,-117.665,34.235,0.107,0.0321,0.0511,0.0222,0.1749,0.0546,0.184,0.0539,0.1947,0.069,0.0374,0.0151,0.0652,0.0361,0.5436,0.2096
7020,-117.655,34.235,0.1169,0.0363,0.0558,0.025,0.188,0.0609,0.1995,0.0607,0.2096,0.0769,0.0414,0.017,0.071,0.0404,0.5848,0.2291
7021,-118.945,34.245,0.0788,0.0321,0.0797,0.0409,0.2304,0.1057,0.46,0.2155,0.1525,0.0607,0.0238,0.022,0.1864,0.0914,0.2337,0.1096
7022,-118.935,34.245,0.0804,0.0326,0.0808,0.0414,0.233,0.1065,0.4707,0.2193,0.1551,0.0617,0.0244,0.0219,0.1847,0.0904,0.2359,0.1106
7023,-118.925,34.245,0.083,0.0337,0.0823,0.0422,0.2362,0.1077,0.484,0.2246,0.1599,0.0639,0.025,0.0222,0.1835,0.0896,0.2392,0.1124
7024,-118.915,34.245,0.0843,0.034,0.0834,0.0427,0.2383,0.1081,0.4965,0.2289,0.1626,0.0649,0.0255,0.0225,0.1815,0.0883,0.2412,0.1131
7025,-118.905,34.245,0.085,0.0341,0.0814,0.0411,0.2343,0.1044,0.5021,0.2262,0.1646,0.0655,0.0251,0.0223,0.1747,0.0837,0.2382,0.1105
7026,-118.895,34.245,0.0837,0.033,0.0792,0.0395,0.2317,0.1017,0.5117,0.2269,0.1631,0.0641,0.0247,0.0223,0.1691,0.08,0.2335,0.1068
7027,-118.885,34.245,0.0828,0.0323,0.0767,0.0378,0.2304,0.1001,0.525,0.231,0.1626,0.0632,0.0245,0.0224,0.1646,0.0773,0.2291,0.1034
7028,-118.875,34.245,0.085,0.0331,0.0735,0.0356,0.2304,0.0992,0.542,0.2381,0.167,0.0653,0.0242,0.0227,0.161,0.0752,0.2262,0.1013
7029,-118.865,34.245,0.0792,0.03,0.071,0.0339,0.2334,0.1001,0.5657,0.2503,0.1571,0.0595,0.0243,0.0234,0.1596,0.0744,0.2237,0.0995
7030,-118.855,34.245,0.0821,0.0311,0.0735,0.0353,0.2506,0.1095,0.6189,0.285,0.1626,0.0619,0.0259,0.0261,0.1678,0.0798,0.227,0.1011
7031,-118.845,34.245,0.0881,0.0338,0.0738,0.0353,0.2554,0.1113,0.6475,0.3009,0.1737,0.0671,0.0259,0.027,0.1675,0.0797,0.2339,0.105
7032,-118.835,34.245,0.0848,0.0319,0.0718,0.034,0.2477,0.1056,0.6517,0.2981,0.1678,0.0635,0.0245,0.0259,0.1585,0.0742,0.2282,0.1011
7033,-118.825,34.245,0.0901,0.0341,0.0749,0.0358,0.253,0.1076,0.6815,0.3149,0.1776,0.0679,0.0243,0.0265,0.1582,0.0741,0.2308,0.1023
7034,-118.815,34.245,0.0948,0.0361,0.0784,0.0378,0.264,0.1132,0.7202,0.3411,0.1863,0.0717,0.0246,0.0278,0.1615,0.0765,0.2348,0.1044
7035,-118.805,34.245,0.0992,0.038,0.0784,0.0377,0.2897,0.1287,0.7767,0.3937,0.1937,0.0754,0.0259,0.0307,0.1743,0.0854,0.2382,0.1062
7036,-118.795,34.245,0.0987,0.0375,0.0779,0.0373,0.2921,0.1289,0.7969,0.4014,0.1938,0.0746,0.025,0.0299,0.1721,0.0842,0.24,0.1071
7037,-118.785,34.245,0.0929,0.0343,0.0767,0.0366,0.2715,0.1138,0.7806,0.3643,0.1846,0.0688,0.0217,0.0254,0.155,0.0728,0.2345,0.1034
7038,-118.775,34.245,0.0927,0.034,0.0768,0.0366,0.2689,0.1107,0.7921,0.3582,0.1854,0.0686,0.0211,0.0244,0.1493,0.0693,0.2318,0.1015
7039,-118.765,34.245,0.0934,0.034,0.0771,0.0366,0.2705,0.1103,0.8102,0.3588,0.1882,0.0693,0.0213,0.0242,0.1461,0.0675,0.2313,0.1009
7040,-118.755,34.245,0.094,0.0341,0.0766,0.0361,0.2742,0.1114,0.8326,0.3609,0.1912,0.0701,0.0219,0.0244,0.1436,0.0661,0.2312,0.1006
7041,-118.745,34.245,0.0952,0.0343,0.0762,0.0357,0.2794,0.1132,0.8581,0.3645,0.1953,0.0716,0.0226,0.0248,0.1417,0.0651,0.2325,0.1012
7042,-118.735,34.245,0.0954,0.0342,0.0759,0.0354,0.2859,0.1158,0.8869,0.3696,0.1979,0.0722,0.0235,0.0253,0.1403,0.0644,0.2299,0.0994
7043,-118.725,34.245,0.0944,0.0335,0.0732,0.0336,0.2867,0.1152,0.9,0.3644,0.1982,0.0717,0.0238,0.0251,0.1358,0.0619,0.2254,0.0965
7044,-118.715,34.245,0.0935,0.0329,0.0704,0.0317,0.2877,0.1147,0.9129,0.3599,0.1991,0.0716,0.024,0.0248,0.1314,0.0594,0.2206,0.0935
7045,-118.705,34.245,0.0933,0.0325,0.0698,0.0312,0.2951,0.1177,0.9402,0.3692,0.2014,0.0721,0.0247,0.0252,0.1299,0.0587,0.2186,0.0923
7046,-118.695,34.245,0.0931,0.0321,0.0694,0.0308,0.3005,0.1195,0.9613,0.3769,0.2042,0.0729,0.0252,0.0253,0.1276,0.0575,0.2178,0.0917
7047,-118.685,34.245,0.0927,0.0317,0.0693,0.0307,0.3039,0.1203,0.9759,0.3831,0.2065,0.0734,0.0254,0.0252,0.1243,0.0558,0.2172,0.0912
7048,-118.675,34.245,0.0928,0.0315,0.0693,0.0305,0.3107,0.1228,0.9931,0.3917,0.2102,0.0746,0.0257,0.0247,0.1225,0.0549,0.2168,0.0906
7049,-118.665,34.245,0.0941,0.0317,0.0695,0.0305,0.3193,0.1261,1.0123,0.4017,0.2155,0.0763,0.026,0.024,0.1215,0.0545,0.2179,0.0909
7050,-118.655,34.245,0.0966,0.0325,0.0709,0.0311,0.3335,0.1322,1.0384,0.4154,0.2234,0.0792,0.0265,0.0229,0.1227,0.0553,0.2223,0.0931
7051,-118.645,34.245,0.0999,0.0336,0.0725,0.0319,0.3587,0.1456,1.0793,0.447,0.2332,0.083,0.028,0.0227,0.1284,0.0591,0.2301,0.0973
7052,-118.635,34.245,0.1033,0.0348,0.0743,0.0328,0.3949,0.1662,1.1351,0.4965,0.2434,0.0871,0.0306,0.0235,0.1387,0.0659,0.2434,0.1049
7053,-118.625,34.245,0.111,0.0378,0.0916,0.0432,0.4659,0.2143,1.2137,0.6135,0.2628,0.0959,0.0366,0.0265,0.1634,0.0828,0.267,0.1189
7054,-118.615,34.245,0.1635,0.0624,0.1102,0.0544,0.5325,0.2607,1.2838,0.7286,0.3642,0.1567,0.0426,0.0295,0.1875,0.0994,0.3177,0.1563
7055,-118.605,34.245,0.1766,0.0687,0.1195,0.0603,0.543,0.271,1.2891,0.7674,0.3893,0.1735,0.0447,0.0299,0.1939,0.1047,0.346,0.1777
7056,-118.595,34.245,0.1799,0.0697,0.1249,0.0636,0.5659,0.2887,1.3018,0.8013,0.4009,0.1799,0.0469,0.033,0.1971,0.1075,0.3553,0.185
7057,-118.585,34.245,0.1818,0.0699,0.1263,0.0642,0.601,0.3139,1.3219,0.8304,0.4117,0.1857,0.0491,0.0387,0.1972,0.108,0.3596,0.188
7058,-118.575,34.245,0.1833,0.07,0.1277,0.0648,0.6214,0.3287,1.3462,0.8596,0.4226,0.1916,0.0508,0.0435,0.1959,0.1073,0.3642,0.191
7059,-118.565,34.245,0.1846,0.0699,0.1288,0.0652,0.6385,0.3411,1.3714,0.8887,0.4324,0.1964,0.0522,0.0475,0.1943,0.1065,0.3671,0.1925
7060,-118.555,34.245,0.1862,0.0701,0.1285,0.0646,0.6542,0.3523,1.3971,0.9176,0.4413,0.2006,0.0527,0.049,0.1925,0.1054,0.3687,0.1927
7061,-118.545,34.245,0.1876,0.0701,0.1279,0.0639,0.6681,0.3615,1.4226,0.941,0.4489,0.2037,0.0526,0.0494,0.1899,0.1037,0.3693,0.192
7062,-118.535,34.245,0.1874,0.0693,0.1271,0.063,0.6804,0.3687,1.4477,0.9587,0.4542,0.2048,0.0519,0.0487,0.1865,0.1015,0.3676,0.1893
7063,-118.525,34.245,0.1854,0.0676,0.1266,0.0624,0.6853,0.3663,1.4806,0.9552,0.4583,0.205,0.0502,0.0476,0.1796,0.0967,0.3647,0.1854
7064,-118.515,34.245,0.1798,0.064,0.1258,0.0616,0.6913,0.3636,1.513,0.9465,0.4579,0.2018,0.0484,0.0464,0.1725,0.0917,0.3615,0.1814
7065,-118.505,34.245,0.175,0.061,0.1232,0.0596,0.7102,0.3693,1.5351,0.9338,0.4589,0.1999,0.0475,0.0458,0.1671,0.0881,0.3585,0.1778
7066,-118.495,34.245,0.1698,0.0577,0.1205,0.0576,0.7183,0.3712,1.5546,0.9275,0.4595,0.1972,0.0476,0.0461,0.1641,0.0863,0.3558,0.1743
7067,-118.485,34.245,0.1668,0.0556,0.1178,0.0556,0.7158,0.3693,1.5713,0.9277,0.4632,0.1972,0.0488,0.0473,0.1636,0.0862,0.3546,0.1724
7068,-118.475,34.245,0.1639,0.0536,0.1174,0.0552,0.722,0.3708,1.5557,0.8934,0.4664,0.197,0.0499,0.0477,0.1618,0.0853,0.3561,0.1728
7069,-118.465,34.245,0.1684,0.0551,0.1183,0.0556,0.7312,0.3748,1.513,0.8462,0.4821,0.2072,0.0512,0.0481,0.1603,0.0845,0.3611,0.1761
7070,-118.455,34.245,0.1763,0.0583,0.1231,0.0585,0.7464,0.387,1.3701,0.7706,0.5024,0.222,0.0529,0.0486,0.1612,0.0854,0.3709,0.1837
7071,-118.445,34.245,0.1845,0.0616,0.1257,0.06,0.7646,0.4033,1.2438,0.7094,0.5221,0.2361,0.0551,0.0496,0.1633,0.0874,0.3798,0.1906
7072,-118.435,34.245,0.1883,0.0629,0.1261,0.0601,0.7856,0.4236,1.1339,0.6625,0.5326,0.2418,0.0578,0.0511,0.1669,0.0904,0.3841,0.1935
7073,-118.425,34.245,0.1895,0.0629,0.1243,0.0589,0.7941,0.4244,1.0607,0.6128,0.5362,0.2414,0.0585,0.0507,0.1645,0.089,0.3844,0.1928
7074,-118.415,34.245,0.1927,0.0639,0.1222,0.0576,0.8014,0.423,0.9976,0.566,0.5397,0.2416,0.0592,0.0503,0.1615,0.0871,0.3824,0.1901
7075,-118.405,34.245,0.1992,0.0665,0.1209,0.0569,0.8153,0.4312,0.9466,0.5356,0.5459,0.245,0.0614,0.0514,0.1612,0.0873,0.3821,0.1891
7076,-118.395,34.245,0.2059,0.0691,0.1199,0.0563,0.8289,0.4391,0.8993,0.5061,0.5497,0.2466,0.0637,0.0524,0.1607,0.0872,0.3821,0.1883
7077,-118.385,34.245,0.2133,0.0721,0.1191,0.0558,0.8423,0.4467,0.8557,0.4776,0.5517,0.2474,0.0661,0.0532,0.1599,0.087,0.3775,0.1836
7078,-118.375,34.245,0.2156,0.0725,0.1021,0.0459,0.8421,0.4341,0.8118,0.4371,0.544,0.2391,0.0657,0.0506,0.1533,0.0824,0.3621,0.17
7079,-118.365,34.245,0.1752,0.0543,0.0828,0.0348,0.8395,0.4187,0.7675,0.3963,0.4497,0.1733,0.0649,0.0476,0.1458,0.0773,0.3026,0.1287
7080,-118.355,34.245,0.1545,0.0466,0.0692,0.028,0.838,0.4092,0.722,0.3657,0.381,0.1404,0.0647,0.0454,0.1406,0.0739,0.2691,0.1077
7081,-118.345,34.245,0.1555,0.0462,0.0639,0.0253,0.7919,0.3675,0.6457,0.3123,0.3723,0.1322,0.0597,0.0396,0.1266,0.0648,0.2512,0.0972
7082,-118.335,34.245,0.1548,0.0448,0.0671,0.0268,0.7013,0.2934,0.5386,0.2361,0.3625,0.1223,0.0499,0.0304,0.1038,0.0502,0.2403,0.0908
7083,-118.325,34.245,0.1324,0.0364,0.0638,0.0253,0.6262,0.2472,0.4567,0.1885,0.3037,0.0956,0.0432,0.025,0.0893,0.0416,0.2197,0.0807
7084,-118.315,34.245,0.1356,0.0372,0.0601,0.0236,0.5701,0.2152,0.3921,0.1531,0.3054,0.0952,0.0382,0.0213,0.0789,0.0357,0.2178,0.0799
7085,-118.305,34.245,0.1416,0.039,0.0603,0.0238,0.5914,0.2243,0.3864,0.149,0.3136,0.0972,0.0389,0.0215,0.0802,0.0365,0.2254,0.0837
7086,-118.295,34.245,0.1611,0.046,0.0605,0.0239,0.6695,0.2776,0.4211,0.1704,0.3476,0.111,0.0453,0.0259,0.0926,0.0447,0.2401,0.0909
7087,-118.285,34.245,0.1895,0.0574,0.0606,0.0239,0.8045,0.3751,0.496,0.2174,0.3924,0.134,0.0575,0.0343,0.1162,0.0602,0.264,0.1026
7088,-118.275,34.245,0.2266,0.0707,0.0723,0.03,0.842,0.3876,0.5099,0.2113,0.4605,0.1619,0.0586,0.0339,0.1189,0.0616,0.3008,0.1223
7089,-118.265,34.245,0.2576,0.0832,0.0843,0.0362,0.8444,0.3764,0.5031,0.1918,0.5065,0.1865,0.0569,0.0314,0.1159,0.0595,0.3282,0.1383
7090,-118.255,34.245,0.2515,0.0805,0.0861,0.0372,0.7725,0.3339,0.457,0.1601,0.487,0.1779,0.0518,0.0272,0.1063,0.0539,0.3355,0.1432
7091,-118.245,34.245,0.2272,0.0694,0.0784,0.0331,0.7143,0.2996,0.4265,0.1384,0.4434,0.1542,0.048,0.0245,0.0988,0.0495,0.3088,0.1259
7092,-118.235,34.245,0.1879,0.0524,0.0615,0.0239,0.6697,0.2736,0.4117,0.1267,0.3746,0.1187,0.0454,0.0233,0.0933,0.0464,0.2751,0.1071
7093,-118.225,34.245,0.1654,0.0438,0.055,0.0206,0.6022,0.2307,0.3778,0.1095,0.3296,0.1006,0.0403,0.0202,0.0828,0.0398,0.2499,0.0939
7094,-118.215,34.245,0.1662,0.0437,0.0513,0.0188,0.5387,0.1904,0.3456,0.094,0.3291,0.1014,0.0357,0.0172,0.073,0.0336,0.2354,0.0867
7095,-118.205,34.245,0.1669,0.0436,0.0511,0.0187,0.5178,0.1793,0.3402,0.0919,0.3282,0.1021,0.0353,0.0169,0.0719,0.0331,0.2324,0.0852
7096,-118.195,34.245,0.1675,0.0436,0.0511,0.0187,0.4967,0.1685,0.3335,0.0899,0.327,0.1024,0.0348,0.0165,0.0707,0.0325,0.2324,0.0849
7097,-118.185,34.245,0.1681,0.0436,0.0511,0.0186,0.4754,0.1579,0.3256,0.0879,0.326,0.1026,0.0342,0.0161,0.0696,0.032,0.2334,0.0851
7098,-118.175,34.245,0.1689,0.0437,0.0514,0.0187,0.4553,0.1484,0.3179,0.0862,0.3255,0.1027,0.0336,0.0156,0.0687,0.0317,0.2355,0.0859
7099,-118.165,34.245,0.1697,0.0439,0.0517,0.0188,0.4359,0.1395,0.3105,0.0846,0.3261,0.103,0.0329,0.0151,0.068,0.0313,0.2389,0.0872
7100,-118.155,34.245,0.1707,0.0442,0.0523,0.0191,0.4184,0.1321,0.3045,0.0832,0.3278,0.1037,0.0324,0.0147,0.0675,0.0312,0.2437,0.0893
7101,-118.145,34.245,0.1716,0.0445,0.053,0.0193,0.4019,0.1252,0.2993,0.0819,0.3325,0.1054,0.0319,0.0144,0.0672,0.0311,0.2496,0.0918
7102,-118.135,34.245,0.1722,0.0448,0.0538,0.0196,0.3862,0.1189,0.2948,0.0806,0.3421,0.1088,0.0315,0.0141,0.067,0.0311,0.2561,0.0947
7103,-118.125,34.245,0.1723,0.045,0.0546,0.0199,0.3713,0.1131,0.2909,0.0792,0.3549,0.1133,0.0313,0.0139,0.0669,0.0311,0.2631,0.0979
7104,-118.115,34.245,0.1718,0.0452,0.0554,0.0203,0.3568,0.1074,0.2871,0.0777,0.3689,0.1183,0.0311,0.0138,0.0667,0.0312,0.2703,0.1012
7105,-118.105,34.245,0.1705,0.0451,0.0562,0.0206,0.3432,0.1021,0.2834,0.076,0.3836,0.1237,0.031,0.0139,0.0666,0.0312,0.2776,0.1045
7106,-118.095,34.245,0.1685,0.045,0.0569,0.0209,0.3299,0.0969,0.2794,0.0743,0.3992,0.1295,0.0309,0.014,0.0664,0.0312,0.2849,0.1079
7107,-118.085,34.245,0.166,0.0447,0.0576,0.0211,0.317,0.0918,0.2753,0.0725,0.4152,0.1355,0.0309,0.0142,0.0662,0.0312,0.2921,0.1112
7108,-118.075,34.245,0.1633,0.0444,0.0582,0.0214,0.3048,0.0871,0.2705,0.0708,0.4317,0.1418,0.0308,0.0144,0.0659,0.0311,0.299,0.1144
7109,-118.065,34.245,0.1606,0.044,0.0587,0.0216,0.2931,0.0825,0.2654,0.0692,0.4486,0.1484,0.0306,0.0146,0.0656,0.031,0.3054,0.1175
7110,-118.055,34.245,0.1586,0.0436,0.0591,0.0218,0.2825,0.0785,0.2592,0.0683,0.4656,0.1549,0.03,0.0146,0.0652,0.0309,0.3116,0.1203
7111,-118.045,34.245,0.1574,0.0432,0.0595,0.0219,0.2725,0.0747,0.2525,0.0676,0.4818,0.1613,0.0292,0.0145,0.0648,0.0308,0.3174,0.123
7112,-118.035,34.245,0.1568,0.0429,0.0598,0.0221,0.2631,0.0713,0.2452,0.0671,0.4956,0.1668,0.0283,0.0143,0.0644,0.0307,0.3228,0.1254
7113,-118.025,34.245,0.1564,0.0425,0.06,0.0222,0.2542,0.0685,0.2376,0.0665,0.5065,0.1712,0.0276,0.0142,0.064,0.0305,0.3279,0.1276
7114,-118.015,34.245,0.1561,0.0422,0.0603,0.0223,0.2456,0.0658,0.23,0.0659,0.5134,0.1741,0.027,0.014,0.0635,0.0303,0.3327,0.1297
7115,-118.005,34.245,0.1556,0.0418,0.0604,0.0224,0.2376,0.0636,0.2227,0.065,0.5163,0.1756,0.0266,0.014,0.063,0.0302,0.3373,0.1316
7116,-117.995,34.245,0.155,0.0415,0.0605,0.0225,0.2299,0.0617,0.2156,0.064,0.5154,0.1756,0.0265,0.014,0.0626,0.03,0.3417,0.1334
7117,-117.985,34.245,0.1544,0.0411,0.0606,0.0225,0.2227,0.0601,0.2087,0.0629,0.5109,0.1742,0.0264,0.0141,0.0622,0.0299,0.3459,0.1351
7118,-117.975,34.245,0.1536,0.0408,0.0606,0.0226,0.2159,0.0587,0.2024,0.0617,0.503,0.1717,0.0265,0.0142,0.0618,0.0298,0.3501,0.1366
7119,-117.965,34.245,0.1525,0.0404,0.0606,0.0227,0.2095,0.0575,0.1963,0.0606,0.4919,0.1679,0.0267,0.0143,0.0614,0.0296,0.3543,0.1382
7120,-117.955,34.245,0.1513,0.04,0.0606,0.0227,0.2036,0.0564,0.1909,0.0594,0.4788,0.1634,0.027,0.0144,0.061,0.0295,0.3586,0.1398
7121,-117.945,34.245,0.1498,0.0396,0.0605,0.0228,0.1981,0.0554,0.1858,0.0583,0.4639,0.1583,0.0273,0.0145,0.0607,0.0294,0.3629,0.1414
7122,-117.935,34.245,0.1481,0.0391,0.0605,0.0228,0.1929,0.0545,0.1811,0.0572,0.4483,0.1529,0.0276,0.0146,0.0604,0.0293,0.3673,0.1431
7123,-117.925,34.245,0.1462,0.0386,0.0604,0.0229,0.1883,0.0537,0.177,0.0563,0.4318,0.1472,0.0279,0.0147,0.0601,0.0293,0.3718,0.1447
7124,-117.915,34.245,0.1442,0.0381,0.0603,0.0229,0.1839,0.0529,0.1732,0.0555,0.4153,0.1414,0.0283,0.0148,0.0598,0.0292,0.3766,0.1464
7125,-117.905,34.245,0.1421,0.0375,0.0602,0.023,0.18,0.0522,0.1699,0.0548,0.3989,0.1356,0.0287,0.0149,0.0595,0.0292,0.3813,0.1481
7126,-117.895,34.245,0.1399,0.037,0.0601,0.023,0.1763,0.0514,0.1668,0.0541,0.3827,0.13,0.029,0.015,0.0592,0.0291,0.3863,0.1499
7127,-117.885,34.245,0.1376,0.0364,0.0599,0.0231,0.1728,0.0507,0.1641,0.0536,0.3671,0.1246,0.0294,0.0151,0.059,0.0291,0.3914,0.1517
7128,-117.875,34.245,0.1352,0.0358,0.0597,0.0231,0.1697,0.05,0.1617,0.0531,0.3519,0.1193,0.0298,0.0152,0.0588,0.029,0.3966,0.1536
7129,-117.865,34.245,0.1327,0.0352,0.0596,0.0231,0.1668,0.0493,0.1594,0.0527,0.3375,0.1143,0.0302,0.0153,0.0585,0.029,0.4019,0.1555
7130,-117.855,34.245,0.1302,0.0346,0.0593,0.0231,0.1641,0.0487,0.1575,0.0523,0.3237,0.1095,0.0305,0.0153,0.0583,0.0289,0.4074,0.1575
7131,-117.845,34.245,0.1277,0.034,0.0591,0.0232,0.1616,0.048,0.1557,0.0519,0.3105,0.1049,0.0309,0.0154,0.058,0.0289,0.413,0.1595
7132,-117.835,34.245,0.1251,0.0334,0.0588,0.0232,0.1593,0.0473,0.154,0.0516,0.2979,0.1005,0.0312,0.0154,0.0578,0.0288,0.4186,0.1615
7133,-117.825,34.245,0.1225,0.0328,0.0585,0.0232,0.1572,0.0467,0.1525,0.0512,0.286,0.0964,0.0315,0.0154,0.0575,0.0288,0.4243,0.1635
7134,-117.815,34.245,0.1198,0.0322,0.0582,0.0232,0.1552,0.046,0.1511,0.0508,0.2746,0.0924,0.0318,0.0154,0.0572,0.0287,0.4301,0.1656
7135,-117.805,34.245,0.1172,0.0315,0.0579,0.0231,0.1534,0.0454,0.1498,0.0504,0.2638,0.0887,0.0321,0.0154,0.0569,0.0286,0.4359,0.1676
7136,-117.795,34.245,0.1145,0.0309,0.0575,0.0231,0.1517,0.0447,0.1487,0.0499,0.2534,0.0851,0.0323,0.0153,0.0566,0.0285,0.4416,0.1696
7137,-117.785,34.245,0.1119,0.0303,0.0571,0.0231,0.1502,0.0441,0.1476,0.0494,0.2436,0.0817,0.0325,0.0152,0.0562,0.0284,0.4474,0.1716
7138,-117.775,34.245,0.1093,0.0296,0.0566,0.023,0.1486,0.0434,0.1466,0.0488,0.2341,0.0785,0.0326,0.0151,0.0558,0.0283,0.453,0.1736
7139,-117.765,34.245,0.1067,0.029,0.0561,0.0229,0.1471,0.0428,0.1456,0.0482,0.2249,0.0753,0.0327,0.015,0.0554,0.0281,0.4584,0.1754
7140,-117.755,34.245,0.104,0.0284,0.0556,0.0228,0.1458,0.0422,0.1448,0.0474,0.2162,0.0723,0.0326,0.0147,0.055,0.0279,0.4636,0.1771
7141,-117.745,34.245,0.1014,0.0277,0.055,0.0227,0.1443,0.0416,0.1439,0.0466,0.2078,0.0694,0.0325,0.0145,0.0545,0.0277,0.4686,0.1787
7142,-117.735,34.245,0.0988,0.0271,0.0544,0.0226,0.1429,0.041,0.143,0.0457,0.1996,0.0666,0.0323,0.0142,0.0539,0.0275,0.4732,0.18
7143,-117.725,34.245,0.0961,0.0264,0.0537,0.0224,0.1414,0.0404,0.1421,0.0447,0.1916,0.0638,0.032,0.0138,0.0533,0.0272,0.4772,0.1811
7144,-117.715,34.245,0.0935,0.0258,0.0529,0.0222,0.1397,0.0398,0.1411,0.0436,0.1838,0.0611,0.0317,0.0134,0.0526,0.0269,0.4807,0.1819
7145,-117.705,34.245,0.0908,0.0251,0.0521,0.022,0.1378,0.0393,0.1401,0.0423,0.1762,0.0585,0.0311,0.0129,0.0519,0.0265,0.4838,0.1826
7146,-117.695,34.245,0.0881,0.0244,0.0512,0.0217,0.1357,0.0388,0.1389,0.041,0.1686,0.0558,0.0305,0.0123,0.051,0.0261,0.4869,0.1831
7147,-117.685,34.245,0.0852,0.0237,0.0502,0.0214,0.1332,0.0382,0.1375,0.0396,0.1609,0.0531,0.0298,0.0117,0.0501,0.0256,0.4903,0.1837
7148,-117.675,34.245,0.0822,0.0229,0.049,0.0209,0.1378,0.0405,0.1436,0.041,0.1531,0.0504,0.0306,0.0119,0.0518,0.0269,0.5,0.1874
7149,-117.665,34.245,0.0803,0.0224,0.0493,0.0213,0.1433,0.0431,0.1507,0.0429,0.1476,0.0486,0.0317,0.0123,0.054,0.0285,0.5246,0.1982
7150,-117.655,34.245,0.088,0.0255,0.0575,0.0261,0.1462,0.045,0.155,0.0451,0.16,0.0544,0.0332,0.0129,0.0556,0.0298,0.5721,0.2203
7151,-118.945,34.255,0.0728,0.0291,0.0732,0.0369,0.2282,0.1038,0.4574,0.2103,0.1403,0.0542,0.0247,0.0249,0.1865,0.0906,0.2229,0.1013
7152,-118.935,34.255,0.0744,0.0296,0.0742,0.0374,0.2253,0.1009,0.4611,0.2074,0.1427,0.055,0.0244,0.0237,0.1803,0.0863,0.2253,0.1022
7153,-118.925,34.255,0.0798,0.032,0.077,0.039,0.2321,0.1044,0.4802,0.2169,0.1519,0.0595,0.0254,0.0247,0.1818,0.0875,0.2313,0.1057
7154,-118.915,34.255,0.0806,0.0322,0.0793,0.0403,0.24,0.1087,0.5016,0.2281,0.1536,0.0599,0.0265,0.026,0.1843,0.0894,0.2342,0.1072
7155,-118.905,34.255,0.0802,0.0317,0.0769,0.0385,0.2442,0.1104,0.5192,0.2352,0.1533,0.0593,0.027,0.0267,0.1835,0.089,0.2342,0.1066
7156,-118.895,34.255,0.0813,0.0319,0.0749,0.037,0.2459,0.1105,0.535,0.2405,0.1556,0.0601,0.027,0.0269,0.1809,0.0873,0.2322,0.1047
7157,-118.885,34.255,0.0805,0.0312,0.0732,0.0358,0.2452,0.109,0.5492,0.2442,0.1548,0.0592,0.0265,0.0266,0.1764,0.0844,0.229,0.1022
7158,-118.875,34.255,0.078,0.0297,0.0721,0.035,0.2401,0.1049,0.5576,0.2444,0.1507,0.0568,0.0254,0.0257,0.1689,0.0796,0.224,0.0989
7159,-118.865,34.255,0.0833,0.0321,0.0725,0.0351,0.2377,0.1023,0.5717,0.2493,0.1607,0.0615,0.0246,0.0251,0.1632,0.076,0.2314,0.1032
7160,-118.855,34.255,0.0937,0.0369,0.0796,0.0394,0.2522,0.11,0.6201,0.28,0.1791,0.0709,0.0257,0.0272,0.1694,0.0801,0.2398,0.1081
7161,-118.845,34.255,0.0928,0.0362,0.0795,0.0392,0.2548,0.1106,0.645,0.2935,0.1783,0.0698,0.0254,0.0274,0.1674,0.079,0.2423,0.1094
7162,-118.835,34.255,0.0853,0.0322,0.072,0.0344,0.2453,0.1039,0.6465,0.2896,0.1655,0.0624,0.0236,0.0258,0.157,0.0726,0.2282,0.1002
7163,-118.825,34.255,0.0843,0.0314,0.0714,0.0339,0.2537,0.1077,0.6856,0.3134,0.1639,0.061,0.0236,0.0266,0.1585,0.0737,0.2264,0.0987
7164,-118.815,34.255,0.09,0.0339,0.0725,0.0345,0.2683,0.1153,0.7355,0.3478,0.1743,0.0659,0.0241,0.0281,0.164,0.0774,0.2326,0.1021
7165,-118.805,34.255,0.0996,0.0382,0.0756,0.0363,0.2957,0.1318,0.8001,0.4061,0.1911,0.0744,0.0253,0.0309,0.1777,0.087,0.2454,0.1098
7166,-118.795,34.255,0.1095,0.0428,0.0807,0.0395,0.3079,0.1386,0.8368,0.4352,0.2085,0.0831,0.0249,0.0312,0.1818,0.0901,0.2639,0.1219
7167,-118.785,34.255,0.1109,0.0432,0.0877,0.0439,0.305,0.1357,0.8455,0.4351,0.2114,0.0841,0.0229,0.029,0.1762,0.0869,0.268,0.1243
7168,-118.775,34.255,0.1131,0.0441,0.0898,0.0451,0.3057,0.1347,0.862,0.4375,0.216,0.0861,0.0231,0.0289,0.1725,0.0848,0.2693,0.1248
7169,-118.765,34.255,0.1132,0.0438,0.0903,0.0453,0.3079,0.1346,0.8813,0.441,0.2183,0.0865,0.0238,0.0293,0.1694,0.083,0.2691,0.1241
7170,-118.755,34.255,0.1119,0.0428,0.0882,0.0437,0.3137,0.1371,0.9061,0.4476,0.2186,0.0857,0.0251,0.0302,0.1673,0.0818,0.2679,0.1228
7171,-118.745,34.255,0.1183,0.0459,0.087,0.0427,0.3205,0.1401,0.9363,0.4568,0.2313,0.0924,0.0264,0.031,0.1653,0.0808,0.2736,0.1265
7172,-118.735,34.255,0.114,0.0433,0.0867,0.0422,0.3283,0.1434,0.9717,0.4685,0.227,0.0887,0.0276,0.0317,0.1637,0.0798,0.2637,0.1197
7173,-118.725,34.255,0.098,0.0352,0.0786,0.0371,0.3285,0.1413,1.0008,0.4672,0.2013,0.0737,0.0276,0.0309,0.1574,0.0757,0.2482,0.1094
7174,-118.715,34.255,0.0954,0.0338,0.0705,0.032,0.326,0.1374,1.0249,0.46,0.1987,0.0719,0.0273,0.0296,0.1498,0.0707,0.2348,0.1011
7175,-118.705,34.255,0.0952,0.0334,0.07,0.0316,0.3178,0.13,1.0305,0.4373,0.2011,0.0725,0.0262,0.0275,0.1396,0.0643,0.2294,0.098
7176,-118.695,34.255,0.0949,0.033,0.0695,0.0311,0.319,0.1289,1.0463,0.4348,0.2037,0.0732,0.0261,0.0267,0.1341,0.0609,0.2276,0.0968
7177,-118.685,34.255,0.0937,0.0322,0.069,0.0307,0.3296,0.134,1.0725,0.4524,0.2042,0.0729,0.0269,0.0272,0.1334,0.0608,0.226,0.0956
7178,-118.675,34.255,0.0912,0.0308,0.0678,0.0299,0.3469,0.1437,1.0976,0.4803,0.2016,0.0711,0.0282,0.0279,0.1357,0.0627,0.2238,0.0938
7179,-118.665,34.255,0.0916,0.0307,0.0669,0.0293,0.3628,0.1521,1.1185,0.5023,0.2046,0.0718,0.0292,0.028,0.1373,0.064,0.2235,0.0931
7180,-118.655,34.255,0.0941,0.0315,0.0685,0.03,0.3652,0.1498,1.1199,0.4855,0.212,0.0745,0.0284,0.0251,0.1324,0.0609,0.2252,0.0938
7181,-118.645,34.255,0.0978,0.0328,0.0703,0.0309,0.3707,0.1499,1.1225,0.4758,0.2222,0.0785,0.0279,0.0227,0.1292,0.0589,0.2284,0.0953
7182,-118.635,34.255,0.1015,0.0341,0.0724,0.032,0.3793,0.1525,1.1262,0.4732,0.2322,0.0824,0.0277,0.0207,0.1275,0.058,0.2351,0.0988
7183,-118.625,34.255,0.1051,0.0352,0.084,0.0387,0.445,0.196,1.198,0.5778,0.2419,0.0863,0.0331,0.0233,0.1493,0.0729,0.251,0.1078
7184,-118.615,34.255,0.1487,0.0553,0.0976,0.0467,0.5152,0.2439,1.2743,0.697,0.3275,0.1348,0.0394,0.0266,0.1741,0.0898,0.3057,0.1455
7185,-118.605,34.255,0.1721,0.0665,0.1115,0.0555,0.5509,0.2725,1.3045,0.7802,0.3697,0.162,0.044,0.0292,0.1894,0.1009,0.3359,0.167
7186,-118.595,34.255,0.165,0.0623,0.1188,0.0599,0.5785,0.2914,1.3289,0.8169,0.3648,0.1563,0.0463,0.0319,0.193,0.1038,0.344,0.1729
7187,-118.585,34.255,0.1708,0.0644,0.1198,0.0602,0.598,0.3008,1.3476,0.8073,0.3824,0.167,0.0463,0.035,0.185,0.0984,0.3442,0.1721
7188,-118.575,34.255,0.1782,0.0675,0.1218,0.0612,0.6233,0.3181,1.376,0.8393,0.4025,0.1798,0.0485,0.0394,0.1843,0.0981,0.3544,0.1798
7189,-118.565,34.255,0.176,0.0656,0.1232,0.0618,0.6498,0.3374,1.405,0.8809,0.4071,0.1806,0.051,0.0439,0.1852,0.099,0.3586,0.1824
7190,-118.555,34.255,0.1726,0.0632,0.1206,0.0597,0.6766,0.3589,1.4279,0.9272,0.4086,0.179,0.0529,0.0468,0.1869,0.1004,0.36,0.1825
7191,-118.545,34.255,0.1739,0.0632,0.1183,0.0579,0.6983,0.3748,1.4514,0.9614,0.4166,0.1826,0.0538,0.0481,0.1862,0.1002,0.3612,0.1822
7192,-118.535,34.255,0.1704,0.0608,0.1162,0.0563,0.7149,0.3852,1.4754,0.9836,0.4167,0.1799,0.0536,0.0477,0.1832,0.0983,0.358,0.1783
7193,-118.525,34.255,0.1687,0.0593,0.1162,0.056,0.7242,0.3862,1.5084,0.9869,0.4203,0.1801,0.0522,0.047,0.1766,0.0937,0.3549,0.1744
7194,-118.515,34.255,0.1638,0.0562,0.1164,0.0558,0.7344,0.3869,1.5417,0.9862,0.4198,0.1769,0.0509,0.0462,0.1696,0.0888,0.3521,0.1709
7195,-118.505,34.255,0.1603,0.0539,0.1154,0.0549,0.757,0.3958,1.5672,0.9852,0.4215,0.1758,0.0503,0.0459,0.1642,0.0852,0.3502,0.1681
7196,-118.495,34.255,0.1595,0.053,0.1147,0.0543,0.7718,0.4061,1.5853,0.9974,0.4285,0.179,0.0514,0.0472,0.1627,0.0846,0.3519,0.1685
7197,-118.485,34.255,0.1597,0.0525,0.1144,0.0538,0.7787,0.4179,1.5958,1.023,0.4371,0.1833,0.0541,0.0503,0.1653,0.0868,0.3547,0.1699
7198,-118.475,34.255,0.1589,0.0515,0.1133,0.0529,0.7896,0.4244,1.5881,0.9883,0.4435,0.1858,0.0554,0.0511,0.1637,0.086,0.3561,0.1701
7199,-118.465,34.255,0.1569,0.0501,0.1123,0.0521,0.8013,0.4293,1.558,0.9323,0.4467,0.1859,0.056,0.0512,0.1612,0.0846,0.3562,0.1694
7200,-118.455,34.255,0.1577,0.05,0.113,0.0524,0.8128,0.4312,1.4372,0.8322,0.4544,0.1894,0.0556,0.0497,0.1583,0.0827,0.3577,0.1698
7201,-118.445,34.255,0.1658,0.0531,0.116,0.0541,0.8302,0.4433,1.3239,0.7566,0.4742,0.203,0.0566,0.0498,0.1589,0.0835,0.3673,0.1769
7202,-118.435,34.255,0.1767,0.0576,0.1212,0.0573,0.8535,0.4659,1.2179,0.7055,0.4971,0.2195,0.0592,0.0516,0.1628,0.0867,0.3761,0.1836
7203,-118.425,34.255,0.1797,0.0584,0.1201,0.0566,0.8633,0.4699,1.1368,0.6528,0.5025,0.2213,0.0603,0.0519,0.1618,0.0864,0.3799,0.1861
7204,-118.415,34.255,0.1799,0.0579,0.1176,0.055,0.8696,0.4687,1.0626,0.6003,0.4999,0.2166,0.061,0.0518,0.1595,0.085,0.3737,0.1798
7205,-118.405,34.255,0.1801,0.0576,0.1149,0.0533,0.8718,0.4606,0.9976,0.5505,0.4943,0.2104,0.0614,0.0512,0.1557,0.0827,0.3708,0.1766
7206,-118.395,34.255,0.1947,0.0636,0.1127,0.0521,0.8817,0.4634,0.9391,0.5139,0.512,0.2238,0.0632,0.0518,0.1544,0.0821,0.3729,0.1777
7207,-118.385,34.255,0.1985,0.0648,0.1113,0.0513,0.8993,0.4771,0.8871,0.4903,0.5084,0.2197,0.0663,0.0536,0.1556,0.0833,0.3729,0.177
7208,-118.375,34.255,0.2023,0.0658,0.1018,0.0457,0.9034,0.4703,0.8374,0.4554,0.5027,0.2141,0.0671,0.0524,0.1514,0.0805,0.3632,0.1682
7209,-118.365,34.255,0.1925,0.0608,0.0917,0.0399,0.9056,0.4608,0.7889,0.4207,0.472,0.1895,0.0676,0.0507,0.1466,0.0773,0.3418,0.1516
7210,-118.355,34.255,0.1963,0.0619,0.0867,0.0373,0.9117,0.4587,0.7437,0.3981,0.4631,0.1829,0.0691,0.0497,0.1443,0.076,0.3289,0.1418
7211,-118.345,34.255,0.1971,0.0615,0.084,0.0359,0.8879,0.4315,0.6808,0.3586,0.449,0.1723,0.0667,0.0458,0.1355,0.0703,0.3147,0.1317
7212,-118.335,34.255,0.1887,0.0574,0.0834,0.0356,0.8341,0.3791,0.6002,0.302,0.4174,0.1529,0.0605,0.039,0.1201,0.0603,0.2945,0.1181
7213,-118.325,34.255,0.166,0.0485,0.082,0.0349,0.773,0.3393,0.5246,0.2597,0.3609,0.1246,0.0549,0.0342,0.108,0.0532,0.2739,0.1064
7214,-118.315,34.255,0.184,0.0555,0.0811,0.0345,0.725,0.3101,0.4607,0.2262,0.3896,0.1392,0.0504,0.0307,0.0989,0.048,0.2812,0.1104
7215,-118.305,34.255,0.1983,0.0612,0.0834,0.036,0.7473,0.3199,0.4486,0.222,0.4094,0.1498,0.051,0.0307,0.1003,0.049,0.2993,0.1207
7216,-118.295,34.255,0.2204,0.0694,0.0846,0.0367,0.8102,0.3586,0.4719,0.2314,0.4455,0.1654,0.0553,0.0333,0.109,0.0548,0.3204,0.1329
7217,-118.285,34.255,0.2489,0.081,0.0846,0.0366,0.9137,0.426,0.5307,0.2546,0.4882,0.1876,0.0633,0.0383,0.1253,0.0654,0.3368,0.1427
7218,-118.275,34.255,0.2128,0.0651,0.0727,0.0303,0.8921,0.4048,0.514,0.2285,0.4237,0.1492,0.06,0.0349,0.1193,0.0616,0.3042,0.123
7219,-118.265,34.255,0.1865,0.0541,0.0607,0.0239,0.8358,0.3608,0.4771,0.1914,0.3726,0.1231,0.0539,0.0296,0.1078,0.0542,0.2779,0.1082
7220,-118.255,34.255,0.1723,0.0478,0.0605,0.0239,0.7358,0.2938,0.4165,0.15,0.3435,0.1083,0.0456,0.0235,0.0915,0.044,0.2627,0.1008
7221,-118.245,34.255,0.1592,0.0425,0.0583,0.0227,0.6632,0.2487,0.3787,0.1237,0.3153,0.096,0.0402,0.0197,0.081,0.0376,0.2492,0.0937
7222,-118.235,34.255,0.1578,0.0416,0.054,0.0203,0.6179,0.2256,0.3637,0.1126,0.3096,0.0943,0.0379,0.0182,0.0763,0.035,0.2439,0.0907
7223,-118.225,34.255,0.159,0.0417,0.0522,0.0194,0.5924,0.2125,0.3609,0.1081,0.3095,0.0949,0.0371,0.0177,0.0747,0.0342,0.2412,0.0892
7224,-118.215,34.255,0.1601,0.0417,0.0512,0.0189,0.5706,0.2012,0.3595,0.105,0.3094,0.0956,0.0366,0.0175,0.0737,0.0338,0.2404,0.0886
7225,-118.205,34.255,0.1609,0.0417,0.0512,0.0189,0.5468,0.1893,0.3533,0.1017,0.3091,0.0963,0.0361,0.0171,0.0726,0.0333,0.241,0.0886
7226,-118.195,34.255,0.1616,0.0418,0.0512,0.0188,0.523,0.1777,0.3457,0.0985,0.3087,0.0967,0.0356,0.0168,0.0716,0.0329,0.2421,0.0889
7227,-118.185,34.255,0.1623,0.0418,0.0512,0.0188,0.4991,0.1664,0.3367,0.0954,0.3086,0.0971,0.035,0.0164,0.0707,0.0325,0.2439,0.0895
7228,-118.175,34.255,0.1629,0.0419,0.0515,0.0189,0.4764,0.1562,0.3277,0.0926,0.3087,0.0975,0.0344,0.016,0.0699,0.0321,0.2465,0.0905
7229,-118.165,34.255,0.1635,0.0421,0.0518,0.019,0.4544,0.1465,0.319,0.0901,0.3097,0.0981,0.0338,0.0156,0.0691,0.0318,0.2501,0.092
7230,-118.155,34.255,0.1641,0.0423,0.0523,0.0192,0.4345,0.1381,0.3115,0.0879,0.3113,0.0989,0.0333,0.0152,0.0686,0.0316,0.2548,0.094
7231,-118.145,34.255,0.1646,0.0425,0.0528,0.0194,0.4155,0.1303,0.3048,0.0858,0.3162,0.1007,0.0328,0.015,0.0682,0.0315,0.2604,0.0964
7232,-118.135,34.255,0.1648,0.0427,0.0534,0.0196,0.3976,0.1232,0.2987,0.0839,0.3258,0.1041,0.0324,0.0147,0.0679,0.0314,0.2665,0.0991
7233,-118.125,34.255,0.1646,0.0428,0.0541,0.0199,0.381,0.1166,0.2933,0.082,0.3373,0.1082,0.032,0.0146,0.0677,0.0314,0.2731,0.1021
7234,-118.115,34.255,0.1639,0.0429,0.0548,0.0202,0.3649,0.1104,0.2881,0.0801,0.3497,0.1127,0.0317,0.0145,0.0674,0.0314,0.2801,0.1053
7235,-118.105,34.255,0.1626,0.0428,0.0554,0.0204,0.3501,0.1047,0.2832,0.0782,0.3628,0.1175,0.0315,0.0145,0.0672,0.0314,0.2872,0.1086
7236,-118.095,34.255,0.1608,0.0426,0.056,0.0207,0.3358,0.0992,0.2782,0.0763,0.3766,0.1227,0.0313,0.0146,0.067,0.0313,0.2944,0.1119
7237,-118.085,34.255,0.1587,0.0424,0.0566,0.0209,0.3221,0.094,0.2732,0.0745,0.3908,0.1281,0.0311,0.0147,0.0667,0.0313,0.3015,0.1151
7238,-118.075,34.255,0.1565,0.0421,0.0571,0.0211,0.3093,0.0892,0.2677,0.0728,0.4056,0.1337,0.0308,0.0148,0.0664,0.0312,0.3084,0.1183
7239,-118.065,34.255,0.1545,0.0417,0.0576,0.0213,0.2971,0.0846,0.262,0.0713,0.4207,0.1395,0.0305,0.0149,0.066,0.0311,0.3151,0.1215
7240,-118.055,34.255,0.1528,0.0414,0.0579,0.0215,0.286,0.0805,0.2557,0.0701,0.4355,0.1453,0.03,0.015,0.0656,0.031,0.3215,0.1244
7241,-118.045,34.255,0.1515,0.0411,0.0583,0.0216,0.2755,0.0768,0.2492,0.0691,0.4492,0.1506,0.0294,0.0149,0.0652,0.0308,0.3276,0.1271
7242,-118.035,34.255,0.1506,0.0407,0.0586,0.0217,0.2656,0.0733,0.2423,0.0683,0.4606,0.1552,0.0287,0.0148,0.0648,0.0307,0.3334,0.1297
7243,-118.025,34.255,0.15,0.0404,0.0588,0.0219,0.2565,0.0704,0.2353,0.0675,0.4696,0.1588,0.0281,0.0147,0.0643,0.0306,0.3388,0.1321
7244,-118.015,34.255,0.1495,0.0401,0.059,0.022,0.2477,0.0677,0.2282,0.0667,0.4752,0.1612,0.0276,0.0146,0.0639,0.0304,0.3439,0.1343
7245,-118.005,34.255,0.1489,0.0398,0.0591,0.0221,0.2396,0.0654,0.2214,0.0657,0.4777,0.1625,0.0273,0.0145,0.0635,0.0303,0.3488,0.1363
7246,-117.995,34.255,0.1484,0.0395,0.0592,0.0221,0.2319,0.0634,0.2148,0.0648,0.4771,0.1626,0.0271,0.0145,0.0631,0.0301,0.3535,0.1382
7247,-117.985,34.255,0.1479,0.0393,0.0593,0.0222,0.2246,0.0616,0.2084,0.0637,0.4736,0.1615,0.027,0.0145,0.0627,0.03,0.358,0.1399
7248,-117.975,34.255,0.1472,0.039,0.0594,0.0223,0.2179,0.0601,0.2025,0.0627,0.4673,0.1595,0.0271,0.0146,0.0623,0.0299,0.3625,0.1416
7249,-117.965,34.255,0.1463,0.0387,0.0594,0.0224,0.2115,0.0587,0.1968,0.0616,0.4584,0.1564,0.0273,0.0146,0.0619,0.0298,0.3669,0.1433
7250,-117.955,34.255,0.1452,0.0384,0.0594,0.0224,0.2056,0.0575,0.1916,0.0605,0.4477,0.1527,0.0275,0.0147,0.0616,0.0297,0.3713,0.1449
7251,-117.945,34.255,0.1439,0.038,0.0594,0.0225,0.2001,0.0564,0.1868,0.0595,0.4355,0.1485,0.0278,0.0148,0.0612,0.0296,0.3759,0.1465
7252,-117.935,34.255,0.1424,0.0376,0.0594,0.0226,0.195,0.0554,0.1823,0.0585,0.4224,0.1439,0.0281,0.0149,0.0609,0.0295,0.3805,0.1482
7253,-117.925,34.255,0.1408,0.0371,0.0593,0.0226,0.1903,0.0545,0.1783,0.0576,0.4086,0.1391,0.0285,0.015,0.0606,0.0294,0.3853,0.1499
7254,-117.915,34.255,0.139,0.0367,0.0593,0.0227,0.1859,0.0536,0.1745,0.0568,0.3944,0.1341,0.0288,0.0151,0.0603,0.0294,0.3902,0.1517
7255,-117.905,34.255,0.1371,0.0362,0.0592,0.0227,0.1818,0.0528,0.1712,0.0561,0.3802,0.1292,0.0292,0.0152,0.0601,0.0293,0.3953,0.1535
7256,-117.895,34.255,0.1351,0.0357,0.0591,0.0228,0.1781,0.052,0.1682,0.0554,0.3661,0.1243,0.0296,0.0152,0.0598,0.0293,0.4006,0.1554
7257,-117.885,34.255,0.1331,0.0352,0.0589,0.0228,0.1746,0.0513,0.1654,0.0548,0.3524,0.1195,0.03,0.0153,0.0596,0.0292,0.406,0.1574
7258,-117.875,34.255,0.1309,0.0347,0.0588,0.0229,0.1715,0.0506,0.163,0.0543,0.339,0.1149,0.0303,0.0154,0.0593,0.0292,0.4116,0.1594
7259,-117.865,34.255,0.1287,0.0342,0.0586,0.0229,0.1685,0.0499,0.1607,0.0538,0.326,0.1104,0.0307,0.0155,0.0591,0.0292,0.4172,0.1615
7260,-117.855,34.255,0.1264,0.0337,0.0584,0.0229,0.1658,0.0492,0.1587,0.0534,0.3136,0.1061,0.0311,0.0155,0.0588,0.0291,0.4233,0.1636
7261,-117.845,34.255,0.1241,0.0331,0.0582,0.023,0.1633,0.0485,0.1569,0.0529,0.3016,0.1019,0.0315,0.0156,0.0586,0.0291,0.4293,0.1659
7262,-117.835,34.255,0.1218,0.0326,0.058,0.023,0.1609,0.0478,0.1552,0.0525,0.2902,0.098,0.0319,0.0156,0.0583,0.029,0.4355,0.1682
7263,-117.825,34.255,0.1194,0.032,0.0577,0.023,0.1588,0.0472,0.1536,0.0521,0.2792,0.0942,0.0322,0.0157,0.0581,0.029,0.4418,0.1705
7264,-117.815,34.255,0.117,0.0314,0.0574,0.023,0.1567,0.0465,0.1522,0.0517,0.2687,0.0906,0.0325,0.0157,0.0578,0.0289,0.4482,0.1728
7265,-117.805,34.255,0.1146,0.0309,0.0571,0.023,0.1549,0.0459,0.1509,0.0512,0.2587,0.0872,0.0328,0.0157,0.0575,0.0289,0.4546,0.1751
7266,-117.795,34.255,0.1121,0.0303,0.0568,0.023,0.1532,0.0453,0.1497,0.0507,0.249,0.0838,0.0331,0.0156,0.0572,0.0288,0.4611,0.1775
7267,-117.785,34.255,0.1097,0.0298,0.0564,0.0229,0.1515,0.0446,0.1487,0.0502,0.2398,0.0807,0.0333,0.0156,0.0569,0.0287,0.4677,0.1798
7268,-117.775,34.255,0.1073,0.0292,0.0559,0.0229,0.1499,0.044,0.1477,0.0495,0.2309,0.0776,0.0334,0.0155,0.0565,0.0285,0.4741,0.1821
7269,-117.765,34.255,0.1049,0.0286,0.0555,0.0228,0.1483,0.0434,0.1468,0.0489,0.2223,0.0747,0.0336,0.0153,0.0561,0.0284,0.4803,0.1843
7270,-117.755,34.255,0.1025,0.028,0.055,0.0227,0.1469,0.0428,0.1459,0.0481,0.2141,0.0718,0.0336,0.0152,0.0556,0.0282,0.4864,0.1864
7271,-117.745,34.255,0.1,0.0275,0.0544,0.0226,0.1454,0.0422,0.145,0.0472,0.206,0.069,0.0335,0.0149,0.0552,0.028,0.4923,0.1884
7272,-117.735,34.255,0.0976,0.0269,0.0538,0.0225,0.1438,0.0416,0.1441,0.0463,0.1982,0.0664,0.0334,0.0147,0.0546,0.0278,0.4978,0.1901
7273,-117.725,34.255,0.0951,0.0263,0.0532,0.0223,0.1422,0.0411,0.1432,0.0453,0.1906,0.0637,0.0331,0.0143,0.054,0.0275,0.5028,0.1917
7274,-117.715,34.255,0.0926,0.0257,0.0525,0.0221,0.1404,0.0405,0.1423,0.0442,0.1831,0.0611,0.0328,0.0139,0.0534,0.0272,0.5074,0.1931
7275,-117.705,34.255,0.0901,0.0251,0.0517,0.0219,0.1385,0.04,0.1412,0.043,0.1758,0.0586,0.0324,0.0135,0.0527,0.0269,0.5115,0.1941
7276,-117.695,34.255,0.0875,0.0244,0.0508,0.0217,0.1363,0.0394,0.14,0.0418,0.1685,0.0561,0.0318,0.013,0.0519,0.0265,0.5152,0.1949
7277,-117.685,34.255,0.0849,0.0237,0.0499,0.0214,0.1339,0.0389,0.1386,0.0405,0.1614,0.0536,0.0312,0.0125,0.051,0.026,0.5198,0.1961
7278,-117.675,34.255,0.0822,0.023,0.0489,0.021,0.1311,0.0383,0.1367,0.0393,0.1543,0.0511,0.0306,0.0119,0.05,0.0255,0.5251,0.1976
7279,-117.665,34.255,0.0797,0.0224,0.0482,0.0208,0.1284,0.0377,0.1349,0.0383,0.1479,0.0488,0.0301,0.0115,0.0491,0.025,0.5337,0.2007
7280,-117.655,34.255,0.0778,0.0219,0.0497,0.0218,0.1262,0.0373,0.1337,0.038,0.143,0.0472,0.0303,0.0116,0.0487,0.0248,0.5492,0.2071
7281,-118.945,34.265,0.0803,0.0331,0.0764,0.0394,0.2462,0.1154,0.4859,0.2311,0.1506,0.06,0.0282,0.0308,0.2031,0.1015,0.2361,0.1096
7282,-118.935,34.265,0.0771,0.031,0.0776,0.0399,0.2336,0.1059,0.4763,0.2161,0.145,0.0564,0.0264,0.0278,0.1887,0.0913,0.2356,0.1085
7283,-118.925,34.265,0.0808,0.0327,0.0798,0.0412,0.2475,0.1142,0.5073,0.2348,0.1511,0.0593,0.0283,0.0301,0.1955,0.0962,0.2404,0.1111
7284,-118.915,34.265,0.0904,0.0374,0.0817,0.0421,0.2642,0.1244,0.543,0.257,0.1667,0.0674,0.0307,0.0331,0.2047,0.1028,0.2483,0.116
7285,-118.905,34.265,0.0921,0.0379,0.0801,0.0409,0.2686,0.1262,0.561,0.2633,0.1697,0.0686,0.031,0.0337,0.2036,0.1022,0.2504,0.1169
7286,-118.895,34.265,0.0914,0.0371,0.0786,0.0398,0.2693,0.1255,0.5746,0.2659,0.1688,0.0675,0.0307,0.0335,0.1998,0.0996,0.2489,0.1152
7287,-118.885,34.265,0.0904,0.0363,0.0773,0.0387,0.2664,0.1223,0.5838,0.2649,0.1677,0.0664,0.0296,0.0323,0.1932,0.095,0.2449,0.1119
7288,-118.875,34.265,0.0846,0.033,0.0751,0.0372,0.2525,0.1124,0.5764,0.2528,0.1587,0.061,0.0271,0.0293,0.1789,0.0855,0.2363,0.1057
7289,-118.865,34.265,0.0817,0.0313,0.0737,0.0361,0.2419,0.1046,0.5763,0.2469,0.1544,0.0584,0.025,0.0269,0.1669,0.0777,0.2344,0.104
7290,-118.855,34.265,0.0877,0.034,0.0773,0.0382,0.2589,0.1139,0.6287,0.2819,0.1652,0.0637,0.0263,0.029,0.1746,0.0828,0.2354,0.1043
7291,-118.845,34.265,0.0876,0.0337,0.0762,0.0374,0.2611,0.1142,0.6529,0.2958,0.1658,0.0634,0.0257,0.0289,0.1721,0.0814,0.2357,0.1042
7292,-118.835,34.265,0.0833,0.0313,0.0704,0.0337,0.2486,0.1056,0.6488,0.2885,0.1587,0.0592,0.0234,0.0263,0.1594,0.0735,0.2261,0.098
7293,-118.825,34.265,0.0842,0.0314,0.0693,0.0329,0.2513,0.1061,0.6767,0.3042,0.1606,0.0596,0.0225,0.0258,0.157,0.0722,0.2252,0.0971
7294,-118.815,34.265,0.0859,0.0319,0.0702,0.0334,0.2583,0.109,0.7137,0.3266,0.1638,0.0607,0.0219,0.0258,0.1574,0.0726,0.2302,0.0997
7295,-118.805,34.265,0.0895,0.0333,0.0766,0.0372,0.2705,0.1151,0.7634,0.3591,0.1705,0.0635,0.0212,0.0258,0.1611,0.0752,0.2451,0.109
7296,-118.795,34.265,0.1165,0.0467,0.0849,0.0425,0.3035,0.136,0.8338,0.4311,0.2143,0.0879,0.0224,0.0289,0.1786,0.0876,0.2793,0.1318
7297,-118.785,34.265,0.1345,0.0556,0.0951,0.0491,0.3573,0.1716,0.9248,0.5429,0.2436,0.1042,0.0254,0.035,0.2097,0.1099,0.2969,0.1451
7298,-118.775,34.265,0.1377,0.0568,0.0977,0.0507,0.3704,0.1784,0.9604,0.5718,0.2498,0.107,0.0276,0.0376,0.2138,0.113,0.3044,0.1504
7299,-118.765,34.265,0.1395,0.0575,0.0983,0.0509,0.3761,0.1803,0.9854,0.5844,0.2551,0.1092,0.0297,0.0395,0.2125,0.1123,0.3065,0.1514
7300,-118.755,34.265,0.1407,0.0578,0.0973,0.05,0.3866,0.1863,1.014,0.5995,0.26,0.1112,0.0322,0.0416,0.2115,0.1118,0.3082,0.1521
7301,-118.745,34.265,0.1441,0.0593,0.0969,0.0495,0.3958,0.191,1.0475,0.6159,0.2683,0.1154,0.0342,0.0429,0.2094,0.1106,0.3132,0.1555
7302,-118.735,34.265,0.1424,0.0579,0.0971,0.0493,0.4039,0.1945,1.086,0.6336,0.2682,0.1142,0.0356,0.0436,0.2062,0.1084,0.3078,0.1512
7303,-118.725,34.265,0.1361,0.0544,0.0912,0.0455,0.3992,0.1875,1.1296,0.6294,0.26,0.1086,0.0348,0.0413,0.1951,0.1004,0.2953,0.1417
7304,-118.715,34.265,0.1206,0.046,0.0851,0.0415,0.3867,0.1752,1.1606,0.6077,0.2377,0.094,0.0331,0.0377,0.1801,0.0899,0.2788,0.1293
7305,-118.705,34.265,0.0999,0.0356,0.0841,0.0406,0.3486,0.1479,1.1246,0.5229,0.2047,0.0749,0.0287,0.0309,0.1534,0.0726,0.262,0.1176
7306,-118.695,34.265,0.0989,0.0349,0.0832,0.0399,0.3446,0.1425,1.1402,0.5067,0.2064,0.0751,0.0277,0.0286,0.1436,0.0662,0.2602,0.1163
7307,-118.685,34.265,0.1066,0.0381,0.0826,0.0393,0.3746,0.1588,1.2074,0.5591,0.2251,0.0841,0.0301,0.0309,0.1506,0.0706,0.2662,0.1205
7308,-118.675,34.265,0.1191,0.0437,0.0792,0.037,0.4151,0.1842,1.2608,0.6319,0.2511,0.0978,0.0337,0.0343,0.1624,0.0787,0.2735,0.1254
7309,-118.665,34.265,0.1256,0.0465,0.075,0.0343,0.4464,0.2033,1.295,0.6825,0.2637,0.1043,0.0363,0.0362,0.17,0.0841,0.2674,0.1196
7310,-118.655,34.265,0.1198,0.0433,0.0704,0.0314,0.4228,0.183,1.2502,0.6044,0.2551,0.0982,0.0327,0.0299,0.1526,0.0728,0.2494,0.1075
7311,-118.645,34.265,0.1017,0.0345,0.0691,0.0304,0.4064,0.169,1.2071,0.5463,0.2231,0.0797,0.0301,0.025,0.1393,0.0645,0.2366,0.0991
7312,-118.635,34.265,0.1,0.0335,0.0713,0.0315,0.3975,0.1612,1.1656,0.5081,0.2219,0.0782,0.0284,0.0216,0.1303,0.0593,0.2336,0.0969
7313,-118.625,34.265,0.1035,0.0346,0.0777,0.0352,0.4198,0.1728,1.186,0.5272,0.2308,0.0817,0.0294,0.021,0.133,0.0613,0.2424,0.1015
7314,-118.615,34.265,0.1203,0.042,0.0857,0.0397,0.4603,0.1982,1.228,0.5823,0.2655,0.1,0.0324,0.0223,0.1428,0.0681,0.2798,0.1251
7315,-118.605,34.265,0.1605,0.0606,0.0963,0.0463,0.5586,0.271,1.3138,0.7551,0.3413,0.1442,0.0421,0.0302,0.1759,0.0908,0.3045,0.1411
7316,-118.595,34.265,0.1455,0.0527,0.1025,0.0499,0.5954,0.2926,1.3632,0.8014,0.3216,0.1295,0.0448,0.0328,0.1814,0.0944,0.3131,0.1466
7317,-118.585,34.265,0.136,0.0475,0.1041,0.0506,0.5709,0.2629,1.3761,0.7211,0.3121,0.122,0.0405,0.03,0.1592,0.0791,0.3083,0.1426
7318,-118.575,34.265,0.1391,0.0485,0.1068,0.052,0.6013,0.2821,1.4119,0.7602,0.3248,0.1289,0.0432,0.0339,0.1603,0.0799,0.3201,0.1505
7319,-118.565,34.265,0.1496,0.0527,0.1093,0.0532,0.6435,0.313,1.4484,0.8263,0.3527,0.1445,0.0474,0.0391,0.1665,0.0844,0.3322,0.1587
7320,-118.555,34.265,0.1587,0.0564,0.1093,0.0529,0.6888,0.3519,1.4655,0.9047,0.3758,0.1582,0.0517,0.0442,0.175,0.0908,0.3424,0.1655
7321,-118.545,34.265,0.1609,0.0568,0.1098,0.0528,0.7223,0.3787,1.4838,0.9579,0.3854,0.1629,0.054,0.0469,0.1783,0.0935,0.3491,0.1696
7322,-118.535,34.265,0.1601,0.0558,0.1106,0.053,0.744,0.3933,1.5031,0.986,0.3894,0.1636,0.0543,0.047,0.1764,0.0924,0.3527,0.1713
7323,-118.525,34.265,0.1595,0.0548,0.1137,0.0547,0.7645,0.4067,1.5243,1.0132,0.3943,0.1649,0.0545,0.0474,0.1738,0.0909,0.3567,0.1734
7324,-118.515,34.265,0.1594,0.0542,0.1168,0.0565,0.7851,0.4203,1.5454,1.0416,0.4009,0.1678,0.0549,0.048,0.1713,0.0894,0.3598,0.1748
7325,-118.505,34.265,0.1592,0.0535,0.1175,0.0567,0.8079,0.4364,1.5645,1.0768,0.4081,0.1712,0.056,0.0492,0.1697,0.0886,0.362,0.1755
7326,-118.495,34.265,0.1626,0.0545,0.1181,0.0568,0.8358,0.4646,1.5658,1.1246,0.4223,0.1801,0.0591,0.0527,0.1726,0.0912,0.3674,0.1791
7327,-118.485,34.265,0.1699,0.0574,0.1187,0.0569,0.869,0.505,1.5494,1.1851,0.443,0.1949,0.0643,0.0585,0.18,0.0971,0.3734,0.1833
7328,-118.475,34.265,0.1711,0.0574,0.1169,0.0555,0.889,0.5206,1.5312,1.1406,0.453,0.201,0.0657,0.0597,0.1788,0.0966,0.3756,0.1843
7329,-118.465,34.265,0.167,0.0549,0.1149,0.0541,0.9028,0.5252,1.5072,1.0612,0.4533,0.1985,0.0653,0.059,0.1743,0.0937,0.3736,0.1815
7330,-118.455,34.265,0.1582,0.0504,0.1144,0.0535,0.8995,0.5002,1.4574,0.9167,0.444,0.1882,0.0603,0.0529,0.1621,0.085,0.3691,0.1766
7331,-118.445,34.265,0.1529,0.0475,0.1147,0.0535,0.9072,0.4949,1.3898,0.8118,0.4388,0.1816,0.0583,0.0501,0.1564,0.0811,0.3694,0.176
7332,-118.435,34.265,0.1597,0.05,0.1158,0.0541,0.9258,0.5094,1.3043,0.7463,0.4538,0.1913,0.0594,0.0507,0.1571,0.082,0.372,0.1773
7333,-118.425,34.265,0.1705,0.0543,0.1138,0.0529,0.9416,0.5239,1.2203,0.7011,0.4729,0.2046,0.0619,0.0528,0.1594,0.084,0.3733,0.1776
7334,-118.415,34.265,0.1703,0.0537,0.1111,0.0512,0.9504,0.5284,1.1368,0.6515,0.4675,0.1988,0.0636,0.054,0.1594,0.0844,0.3677,0.1722
7335,-118.405,34.265,0.158,0.0478,0.1081,0.0495,0.928,0.4842,1.0542,0.5603,0.4372,0.1742,0.0599,0.0495,0.147,0.0759,0.3605,0.1658
7336,-118.395,34.265,0.1715,0.053,0.1064,0.0485,0.9291,0.4735,0.9833,0.507,0.4552,0.1863,0.0601,0.0488,0.1427,0.0731,0.3625,0.1667
7337,-118.385,34.265,0.1799,0.0561,0.1058,0.0482,0.9538,0.4962,0.9242,0.4916,0.4611,0.1897,0.0642,0.052,0.1464,0.0761,0.3662,0.169
7338,-118.375,34.265,0.1863,0.0584,0.1013,0.0456,0.9647,0.4999,0.8688,0.4662,0.4608,0.1888,0.0668,0.0528,0.1459,0.076,0.3634,0.1659
7339,-118.365,34.265,0.1878,0.0584,0.0964,0.0428,0.9728,0.4999,0.815,0.4403,0.4495,0.1802,0.0692,0.053,0.1447,0.0754,0.3548,0.1586
7340,-118.355,34.265,0.1933,0.0602,0.094,0.0415,0.9811,0.5008,0.7653,0.4213,0.4445,0.1765,0.0716,0.0528,0.144,0.0752,0.3487,0.1533
7341,-118.345,34.265,0.2006,0.0627,0.0919,0.0403,0.9848,0.4977,0.7178,0.4032,0.442,0.1745,0.0731,0.052,0.1423,0.0745,0.3422,0.148
7342,-118.335,34.265,0.2065,0.0647,0.09,0.0393,0.9841,0.4906,0.6725,0.3859,0.4386,0.1716,0.0736,0.0504,0.1397,0.073,0.3341,0.1419
7343,-118.325,34.265,0.2068,0.0643,0.0888,0.0387,0.9811,0.4837,0.631,0.3689,0.4302,0.1649,0.0728,0.049,0.1374,0.0718,0.3281,0.1381
7344,-118.315,34.265,0.2196,0.0692,0.0883,0.0385,0.9809,0.4793,0.5923,0.3537,0.4471,0.1737,0.072,0.0477,0.1355,0.071,0.3369,0.1435
7345,-118.305,34.265,0.2292,0.0729,0.0907,0.0399,0.9965,0.4874,0.564,0.347,0.4586,0.1792,0.0721,0.0471,0.136,0.0716,0.3496,0.1513
7346,-118.295,34.265,0.2362,0.0754,0.0888,0.0389,0.9707,0.4551,0.5279,0.3089,0.4649,0.1813,0.0668,0.0422,0.1269,0.0658,0.3545,0.1539
7347,-118.285,34.265,0.2017,0.0605,0.0825,0.0354,0.9036,0.3826,0.484,0.2393,0.4024,0.1432,0.0563,0.0331,0.1084,0.0536,0.3221,0.1324
7348,-118.275,34.265,0.1489,0.04,0.0668,0.0272,0.8087,0.3245,0.4346,0.1919,0.3011,0.0938,0.0485,0.0268,0.0939,0.0449,0.2758,0.1071
7349,-118.265,34.265,0.1456,0.0384,0.0521,0.0196,0.7215,0.2764,0.3917,0.1543,0.2908,0.0891,0.0422,0.0218,0.0821,0.038,0.2511,0.094
7350,-118.255,34.265,0.1476,0.0388,0.0517,0.0194,0.7003,0.2629,0.3855,0.1421,0.2912,0.0891,0.0407,0.0204,0.0794,0.0364,0.2461,0.0914
7351,-118.245,34.265,0.1499,0.0392,0.0514,0.0192,0.6783,0.2503,0.3824,0.1329,0.2921,0.0895,0.0395,0.0193,0.0774,0.0354,0.2441,0.0903
7352,-118.235,34.265,0.1516,0.0395,0.0513,0.0192,0.6555,0.2386,0.3825,0.1268,0.2924,0.0899,0.0388,0.0187,0.0762,0.0348,0.2453,0.0907
7353,-118.225,34.265,0.1531,0.0397,0.0512,0.0191,0.6306,0.2261,0.3811,0.122,0.2925,0.0904,0.0382,0.0183,0.0752,0.0344,0.2467,0.0912
7354,-118.215,34.265,0.1542,0.0398,0.0511,0.019,0.605,0.2134,0.3783,0.1175,0.2926,0.0909,0.0376,0.0179,0.0743,0.034,0.2484,0.0917
7355,-118.205,34.265,0.1551,0.0399,0.0511,0.019,0.5775,0.2002,0.3695,0.1126,0.2926,0.0915,0.0371,0.0175,0.0734,0.0336,0.2501,0.0923
7356,-118.195,34.265,0.1559,0.04,0.0512,0.019,0.5501,0.1875,0.3595,0.1078,0.2927,0.092,0.0365,0.0172,0.0725,0.0332,0.252,0.093
7357,-118.185,34.265,0.1566,0.0401,0.0512,0.019,0.523,0.1751,0.3481,0.1033,0.293,0.0925,0.0358,0.0168,0.0716,0.0328,0.2544,0.0939
7358,-118.175,34.265,0.1571,0.0402,0.0515,0.019,0.4974,0.1639,0.3373,0.0994,0.2935,0.093,0.0352,0.0164,0.0709,0.0325,0.2575,0.0952
7359,-118.165,34.265,0.1576,0.0403,0.0517,0.0191,0.4726,0.1532,0.3269,0.0957,0.2946,0.0936,0.0346,0.0161,0.0702,0.0322,0.2614,0.0967
7360,-118.155,34.265,0.1579,0.0405,0.0521,0.0193,0.4501,0.1439,0.3179,0.0927,0.2963,0.0945,0.0341,0.0158,0.0697,0.032,0.2661,0.0988
7361,-118.145,34.265,0.1581,0.0406,0.0526,0.0194,0.4288,0.1353,0.3096,0.0899,0.3018,0.0966,0.0336,0.0155,0.0692,0.0319,0.2716,0.1011
7362,-118.135,34.265,0.158,0.0407,0.0531,0.0196,0.4088,0.1274,0.3021,0.0874,0.3111,0.0999,0.0331,0.0153,0.0688,0.0318,0.2776,0.1038
7363,-118.125,34.265,0.1577,0.0408,0.0536,0.0198,0.3904,0.1202,0.2953,0.085,0.3214,0.1036,0.0327,0.0152,0.0685,0.0317,0.284,0.1067
7364,-118.115,34.265,0.1569,0.0408,0.0542,0.0201,0.3728,0.1134,0.2888,0.0828,0.3326,0.1077,0.0323,0.0151,0.0682,0.0316,0.2909,0.1098
7365,-118.105,34.265,0.1557,0.0407,0.0547,0.0203,0.3567,0.1073,0.2829,0.0806,0.3444,0.1122,0.032,0.0151,0.0678,0.0315,0.298,0.1131
7366,-118.095,34.265,0.1541,0.0405,0.0552,0.0205,0.3414,0.1016,0.277,0.0786,0.3568,0.1168,0.0316,0.0151,0.0675,0.0315,0.3051,0.1164
7367,-118.085,34.265,0.1523,0.0403,0.0557,0.0207,0.3269,0.0962,0.2712,0.0766,0.3695,0.1216,0.0313,0.0152,0.0672,0.0314,0.3123,0.1197
7368,-118.075,34.265,0.1504,0.04,0.0561,0.0209,0.3135,0.0913,0.2651,0.0749,0.3827,0.1267,0.0309,0.0153,0.0668,0.0313,0.3194,0.123
7369,-118.065,34.265,0.1487,0.0397,0.0565,0.021,0.3007,0.0866,0.2589,0.0732,0.3963,0.132,0.0305,0.0153,0.0664,0.0312,0.3263,0.1261
7370,-118.055,34.265,0.1472,0.0394,0.0568,0.0212,0.289,0.0825,0.2526,0.0719,0.4092,0.137,0.03,0.0153,0.066,0.031,0.333,0.1292
7371,-118.045,34.265,0.1459,0.0391,0.0571,0.0213,0.2782,0.0787,0.2461,0.0707,0.4207,0.1415,0.0294,0.0153,0.0656,0.0309,0.3394,0.1321
7372,-118.035,34.265,0.1449,0.0388,0.0574,0.0214,0.268,0.0752,0.2395,0.0696,0.4303,0.1453,0.0289,0.0152,0.0652,0.0308,0.3455,0.1349
7373,-118.025,34.265,0.1442,0.0385,0.0576,0.0215,0.2586,0.0722,0.2329,0.0686,0.4377,0.1484,0.0284,0.0152,0.0647,0.0306,0.3512,0.1373
7374,-118.015,34.265,0.1435,0.0382,0.0578,0.0217,0.2496,0.0694,0.2263,0.0676,0.4424,0.1504,0.028,0.0151,0.0643,0.0305,0.3566,0.1396
7375,-118.005,34.265,0.1429,0.038,0.0579,0.0218,0.2415,0.067,0.2199,0.0666,0.4445,0.1514,0.0278,0.015,0.0639,0.0303,0.3618,0.1417
7376,-117.995,34.265,0.1423,0.0377,0.0581,0.0218,0.2337,0.0649,0.2137,0.0656,0.444,0.1514,0.0276,0.015,0.0635,0.0302,0.3667,0.1437
7377,-117.985,34.265,0.1418,0.0375,0.0582,0.0219,0.2264,0.063,0.2077,0.0646,0.4412,0.1506,0.0276,0.015,0.0631,0.0301,0.3714,0.1455
7378,-117.975,34.265,0.1412,0.0373,0.0582,0.022,0.2197,0.0614,0.2022,0.0636,0.436,0.1488,0.0277,0.015,0.0628,0.03,0.3765,0.1474
7379,-117.965,34.265,0.1404,0.0371,0.0583,0.0221,0.2132,0.0599,0.1969,0.0626,0.4286,0.1463,0.0278,0.015,0.0624,0.0299,0.3828,0.1499
7380,-117.955,34.265,0.1395,0.0368,0.0583,0.0222,0.2074,0.0586,0.192,0.0616,0.4198,0.1432,0.0281,0.0151,0.0621,0.0298,0.3895,0.1526
7381,-117.945,34.265,0.1384,0.0364,0.0583,0.0223,0.2019,0.0574,0.1873,0.0606,0.4096,0.1396,0.0283,0.0151,0.0618,0.0297,0.3906,0.1525
7382,-117.935,34.265,0.1371,0.0361,0.0583,0.0223,0.1968,0.0563,0.183,0.0596,0.3985,0.1358,0.0286,0.0152,0.0615,0.0297,0.3949,0.1539
7383,-117.925,34.265,0.1356,0.0357,0.0583,0.0224,0.1921,0.0553,0.1792,0.0588,0.3868,0.1316,0.029,0.0153,0.0612,0.0296,0.3999,0.1557
7384,-117.915,34.265,0.134,0.0353,0.0583,0.0225,0.1875,0.0543,0.1755,0.058,0.3747,0.1274,0.0293,0.0153,0.0609,0.0296,0.405,0.1575
7385,-117.905,34.265,0.1323,0.0349,0.0582,0.0225,0.1835,0.0535,0.1722,0.0573,0.3624,0.1231,0.0297,0.0154,0.0606,0.0295,0.4104,0.1595
7386,-117.895,34.265,0.1306,0.0345,0.0581,0.0226,0.1798,0.0526,0.1692,0.0566,0.3501,0.1189,0.0301,0.0155,0.0604,0.0295,0.416,0.1615
7387,-117.885,34.265,0.1287,0.0341,0.058,0.0226,0.1763,0.0519,0.1665,0.056,0.3381,0.1147,0.0305,0.0156,0.0601,0.0294,0.4218,0.1636
7388,-117.875,34.265,0.1268,0.0336,0.0579,0.0227,0.1731,0.0511,0.164,0.0554,0.3262,0.1105,0.0309,0.0156,0.0599,0.0294,0.4278,0.1658
7389,-117.865,34.265,0.1247,0.0332,0.0577,0.0227,0.1701,0.0504,0.1617,0.0549,0.3147,0.1066,0.0313,0.0157,0.0597,0.0294,0.434,0.1681
7390,-117.855,34.265,0.1227,0.0327,0.0576,0.0227,0.1674,0.0497,0.1597,0.0544,0.3035,0.1027,0.0317,0.0158,0.0594,0.0293,0.4406,0.1705
7391,-117.845,34.265,0.1206,0.0322,0.0574,0.0228,0.1648,0.049,0.1579,0.054,0.2927,0.099,0.0321,0.0158,0.0592,0.0293,0.4472,0.173
7392,-117.835,34.265,0.1185,0.0317,0.0572,0.0228,0.1625,0.0483,0.1561,0.0535,0.2824,0.0955,0.0325,0.0159,0.0589,0.0293,0.454,0.1755
7393,-117.825,34.265,0.1163,0.0312,0.0569,0.0228,0.1603,0.0477,0.1546,0.0531,0.2723,0.092,0.0329,0.0159,0.0587,0.0292,0.461,0.1782
7394,-117.815,34.265,0.1141,0.0307,0.0567,0.0228,0.1581,0.047,0.1531,0.0526,0.2627,0.0887,0.0333,0.016,0.0584,0.0292,0.4682,0.1809
7395,-117.805,34.265,0.112,0.0303,0.0564,0.0228,0.1563,0.0464,0.1519,0.0521,0.2535,0.0856,0.0336,0.016,0.0581,0.0291,0.4755,0.1836
7396,-117.795,34.265,0.1098,0.0298,0.0561,0.0228,0.1545,0.0458,0.1507,0.0516,0.2445,0.0825,0.0339,0.016,0.0579,0.029,0.4829,0.1863
7397,-117.785,34.265,0.1076,0.0293,0.0557,0.0228,0.1528,0.0452,0.1496,0.051,0.236,0.0796,0.0342,0.0159,0.0575,0.0289,0.4903,0.1891
7398,-117.775,34.265,0.1053,0.0287,0.0553,0.0227,0.1511,0.0446,0.1487,0.0504,0.2276,0.0767,0.0344,0.0159,0.0572,0.0288,0.4977,0.1918
7399,-117.765,34.265,0.1031,0.0282,0.0549,0.0227,0.1495,0.044,0.1478,0.0497,0.2196,0.074,0.0346,0.0158,0.0568,0.0287,0.505,0.1945
7400,-117.755,34.265,0.1009,0.0277,0.0544,0.0226,0.148,0.0434,0.1469,0.0489,0.2119,0.0713,0.0347,0.0156,0.0564,0.0285,0.5121,0.1971
7401,-117.745,34.265,0.0987,0.0272,0.0539,0.0225,0.1464,0.0428,0.146,0.048,0.2043,0.0687,0.0347,0.0155,0.0559,0.0284,0.5192,0.1996
7402,-117.735,34.265,0.0964,0.0267,0.0534,0.0224,0.1448,0.0423,0.1452,0.0471,0.1969,0.0662,0.0346,0.0152,0.0554,0.0282,0.5259,0.2019
7403,-117.725,34.265,0.0941,0.0261,0.0527,0.0222,0.1431,0.0417,0.1443,0.0461,0.1897,0.0637,0.0345,0.0149,0.0549,0.0279,0.5322,0.204
7404,-117.715,34.265,0.0918,0.0256,0.0521,0.0221,0.1413,0.0411,0.1433,0.0451,0.1825,0.0612,0.0342,0.0146,0.0542,0.0276,0.5382,0.206
7405,-117.705,34.265,0.0894,0.025,0.0513,0.0219,0.1393,0.0406,0.1423,0.0439,0.1757,0.0588,0.0339,0.0142,0.0536,0.0273,0.5439,0.2078
7406,-117.695,34.265,0.0871,0.0244,0.0505,0.0216,0.1372,0.04,0.1411,0.0428,0.1688,0.0565,0.0335,0.0138,0.0528,0.0269,0.5491,0.2094
7407,-117.685,34.265,0.0847,0.0238,0.0497,0.0214,0.1349,0.0395,0.1398,0.0417,0.1622,0.0542,0.0331,0.0134,0.0521,0.0266,0.5558,0.2116
7408,-117.675,34.265,0.0824,0.0232,0.0488,0.021,0.1325,0.0389,0.1383,0.0407,0.1559,0.052,0.0327,0.0131,0.0513,0.0262,0.5633,0.2141
7409,-117.665,34.265,0.0802,0.0227,0.0479,0.0207,0.13,0.0384,0.1369,0.0399,0.1503,0.05,0.0325,0.0129,0.0506,0.0258,0.5726,0.2174
7410,-117.655,34.265,0.0784,0.0223,0.0472,0.0205,0.1279,0.038,0.1355,0.0395,0.1455,0.0485,0.0327,0.0129,0.0501,0.0256,0.5854,0.2224
7411,-118.945,34.275,0.0879,0.0372,0.0845,0.045,0.2482,0.1162,0.491,0.2326,0.1602,0.0657,0.0294,0.0336,0.2066,0.103,0.2441,0.1143
7412,-118.935,34.275,0.0905,0.0382,0.0859,0.0457,0.2432,0.1119,0.4934,0.227,0.164,0.0672,0.0285,0.0319,0.1983,0.0971,0.2444,0.1137
7413,-118.925,34.275,0.0926,0.039,0.0867,0.046,0.2561,0.1196,0.5234,0.2439,0.1671,0.0684,0.0303,0.0342,0.2042,0.1015,0.2479,0.1154
7414,-118.915,34.275,0.0948,0.0398,0.0872,0.0461,0.2708,0.1285,0.5564,0.2628,0.1704,0.0697,0.0324,0.0369,0.2114,0.1068,0.2574,0.1214
7415,-118.905,34.275,0.0965,0.0403,0.087,0.0457,0.2763,0.1312,0.5766,0.2694,0.1729,0.0706,0.0329,0.0379,0.2111,0.1067,0.2609,0.1232
7416,-118.895,34.275,0.0973,0.0404,0.0863,0.0451,0.2797,0.1323,0.5947,0.2735,0.1745,0.0709,0.0328,0.0379,0.2091,0.1054,0.261,0.1226
7417,-118.885,34.275,0.0973,0.04,0.0851,0.0441,0.281,0.132,0.6107,0.2751,0.1749,0.0707,0.0319,0.0369,0.2053,0.1028,0.2591,0.1208
7418,-118.875,34.275,0.094,0.0378,0.0802,0.0407,0.2747,0.1268,0.6147,0.2739,0.1703,0.0675,0.0301,0.0347,0.1961,0.0967,0.2528,0.1159
7419,-118.865,34.275,0.0878,0.0344,0.0748,0.037,0.2673,0.1209,0.6179,0.2733,0.1613,0.0621,0.0282,0.0324,0.1862,0.0901,0.2442,0.1096
7420,-118.855,34.275,0.0843,0.0324,0.0707,0.0344,0.2624,0.1162,0.6285,0.2786,0.1561,0.059,0.0266,0.0304,0.1781,0.0846,0.2374,0.1046
7421,-118.845,34.275,0.0817,0.0308,0.0684,0.0328,0.259,0.1127,0.642,0.2859,0.1523,0.0567,0.0252,0.0288,0.1711,0.0801,0.2334,0.1017
7422,-118.835,34.275,0.0825,0.0309,0.0679,0.0324,0.2569,0.1103,0.6583,0.2953,0.1542,0.0572,0.0239,0.0275,0.1653,0.0766,0.2292,0.0989
7423,-118.825,34.275,0.084,0.0314,0.068,0.0323,0.2666,0.1152,0.6985,0.3229,0.1572,0.0582,0.0237,0.0279,0.1671,0.0779,0.2304,0.0992
7424,-118.815,34.275,0.0861,0.0321,0.0698,0.0334,0.2785,0.1213,0.7437,0.3539,0.1611,0.0596,0.0235,0.0284,0.1703,0.0801,0.2358,0.1022
7425,-118.805,34.275,0.0968,0.037,0.0793,0.0392,0.2888,0.1264,0.7886,0.3832,0.1794,0.0687,0.0227,0.0281,0.172,0.0814,0.2482,0.1098
7426,-118.795,34.275,0.1246,0.0509,0.0897,0.0459,0.3047,0.1357,0.8344,0.4234,0.2233,0.0933,0.0226,0.0288,0.178,0.086,0.2731,0.1263
7427,-118.785,34.275,0.1365,0.0568,0.1008,0.0533,0.326,0.1493,0.881,0.4746,0.2416,0.1035,0.0231,0.0306,0.1883,0.094,0.2891,0.1381
7428,-118.775,34.275,0.1388,0.0575,0.1031,0.0547,0.3492,0.1625,0.9426,0.5266,0.2459,0.1052,0.0261,0.0344,0.1983,0.101,0.3011,0.1465
7429,-118.765,34.275,0.1414,0.0586,0.1038,0.055,0.3724,0.1756,1.0025,0.5766,0.2522,0.1081,0.0297,0.0386,0.2076,0.1073,0.3102,0.1525
7430,-118.755,34.275,0.1437,0.0595,0.1053,0.0557,0.3931,0.1892,1.0392,0.6155,0.2588,0.1113,0.0334,0.0426,0.2133,0.1118,0.3175,0.1575
7431,-118.745,34.275,0.1465,0.0606,0.1064,0.0562,0.4097,0.1994,1.077,0.6492,0.2661,0.1149,0.0361,0.0452,0.2158,0.114,0.3254,0.1633
7432,-118.735,34.275,0.1478,0.061,0.1073,0.0565,0.422,0.2064,1.1159,0.6778,0.2703,0.1165,0.0378,0.0464,0.215,0.1137,0.3281,0.1652
7433,-118.725,34.275,0.1486,0.061,0.1073,0.0561,0.4261,0.2064,1.1595,0.6929,0.2733,0.1175,0.0379,0.0453,0.2086,0.1092,0.325,0.1625
7434,-118.715,34.275,0.1484,0.0605,0.1068,0.0555,0.4255,0.2031,1.1965,0.6974,0.2754,0.1177,0.0373,0.0433,0.1995,0.1029,0.3156,0.1549
7435,-118.705,34.275,0.1464,0.0589,0.1049,0.0539,0.4103,0.191,1.1965,0.6641,0.2757,0.1168,0.0352,0.0392,0.1832,0.0922,0.3021,0.145
7436,-118.695,34.275,0.1451,0.0577,0.1037,0.0528,0.4029,0.1821,1.2194,0.641,0.2786,0.1175,0.0334,0.0357,0.1702,0.0834,0.2954,0.1394
7437,-118.685,34.275,0.1435,0.0563,0.1032,0.0522,0.4034,0.1762,1.2652,0.628,0.2817,0.1184,0.0321,0.0329,0.1607,0.0765,0.2912,0.1358
7438,-118.675,34.275,0.1418,0.0549,0.097,0.048,0.4125,0.1801,1.268,0.6307,0.2834,0.1182,0.0325,0.0322,0.158,0.0753,0.286,0.1319
7439,-118.665,34.275,0.1222,0.0447,0.0884,0.0424,0.4199,0.1834,1.2581,0.6276,0.2519,0.0976,0.0327,0.0313,0.1551,0.074,0.2724,0.1217
7440,-118.655,34.275,0.1016,0.0349,0.0745,0.034,0.4108,0.1734,1.229,0.5801,0.2147,0.077,0.0308,0.0273,0.1442,0.0671,0.251,0.1075
7441,-118.645,34.275,0.0958,0.032,0.0685,0.0302,0.4088,0.1685,1.207,0.5486,0.2045,0.0712,0.0296,0.0244,0.1365,0.0624,0.2373,0.0984
7442,-118.635,34.275,0.0989,0.033,0.0705,0.0312,0.4138,0.1688,1.192,0.5332,0.2124,0.0742,0.0291,0.0224,0.1321,0.0599,0.2341,0.096
7443,-118.625,34.275,0.1019,0.034,0.0722,0.0321,0.4331,0.1775,1.2082,0.5428,0.2203,0.0773,0.0298,0.0219,0.1325,0.0603,0.2392,0.0983
7444,-118.615,34.275,0.1049,0.0349,0.0741,0.0331,0.4631,0.1942,1.2373,0.5726,0.2288,0.0807,0.0316,0.0225,0.1367,0.0633,0.2582,0.1091
7445,-118.605,34.275,0.1099,0.0367,0.0777,0.035,0.5316,0.2416,1.2981,0.6769,0.2422,0.0866,0.0377,0.0274,0.1555,0.0762,0.2742,0.1185
7446,-118.595,34.275,0.1135,0.0379,0.081,0.0367,0.5673,0.2615,1.3412,0.715,0.2542,0.0919,0.0402,0.0295,0.1595,0.0788,0.2833,0.1237
7447,-118.585,34.275,0.1189,0.0398,0.0841,0.0383,0.5702,0.2541,1.3667,0.6867,0.2709,0.0997,0.0391,0.0289,0.1487,0.0713,0.2834,0.123
7448,-118.575,34.275,0.1258,0.0423,0.0875,0.0401,0.6087,0.2779,1.408,0.7322,0.2919,0.1101,0.0425,0.0328,0.1518,0.0735,0.295,0.13
7449,-118.565,34.275,0.1281,0.0428,0.0912,0.0421,0.6535,0.3082,1.4482,0.7922,0.304,0.116,0.0467,0.0375,0.1576,0.0776,0.3098,0.1397
7450,-118.555,34.275,0.1336,0.0447,0.0964,0.045,0.6933,0.3384,1.4667,0.8491,0.321,0.1248,0.0499,0.041,0.1626,0.0815,0.3233,0.1485
7451,-118.545,34.275,0.1389,0.0466,0.1018,0.0481,0.7261,0.3618,1.4845,0.893,0.3359,0.1324,0.0517,0.0427,0.1644,0.0831,0.3318,0.1538
7452,-118.535,34.275,0.1487,0.0505,0.1076,0.0514,0.7517,0.3782,1.5016,0.924,0.3586,0.1458,0.052,0.0427,0.1631,0.0825,0.3381,0.1575
7453,-118.525,34.275,0.1651,0.0577,0.1151,0.056,0.7818,0.3994,1.5202,0.9684,0.3921,0.1683,0.0533,0.0436,0.1629,0.0826,0.3467,0.1631
7454,-118.515,34.275,0.1682,0.0585,0.1221,0.0602,0.8149,0.4252,1.5365,1.0229,0.4037,0.1753,0.0552,0.0452,0.164,0.0836,0.3568,0.1699
7455,-118.505,34.275,0.1713,0.0594,0.1246,0.0616,0.8581,0.4686,1.5395,1.1126,0.4161,0.1832,0.0596,0.0493,0.1699,0.0882,0.3664,0.1765
7456,-118.495,34.275,0.1714,0.0589,0.1261,0.0623,0.883,0.4899,1.5334,1.1496,0.4251,0.1883,0.0615,0.0512,0.1699,0.0887,0.3675,0.1765
7457,-118.485,34.275,0.1709,0.058,0.1266,0.0623,0.8896,0.489,1.5181,1.1337,0.4336,0.1932,0.0609,0.0509,0.1641,0.0853,0.3675,0.1759
7458,-118.475,34.275,0.1673,0.0557,0.1242,0.0605,0.9047,0.497,1.495,1.0606,0.4363,0.1931,0.0604,0.0506,0.1599,0.0827,0.366,0.174
7459,-118.465,34.275,0.163,0.0532,0.1218,0.0586,0.9274,0.5133,1.4722,0.9835,0.4362,0.1905,0.0602,0.0506,0.1573,0.0812,0.3646,0.1719
7460,-118.455,34.275,0.1622,0.0523,0.1215,0.0582,0.9786,0.5617,1.4584,0.9443,0.4415,0.1927,0.0619,0.0521,0.161,0.0838,0.3688,0.1737
7461,-118.445,34.275,0.1608,0.0512,0.1177,0.0556,1.0112,0.5866,1.4256,0.8842,0.4446,0.193,0.0623,0.0523,0.1611,0.0839,0.3723,0.1756
7462,-118.435,34.275,0.1519,0.0468,0.1102,0.0508,1.0252,0.588,1.3738,0.8033,0.4296,0.1791,0.0614,0.0513,0.1575,0.0817,0.3712,0.1739
7463,-118.425,34.275,0.1473,0.0443,0.1064,0.0485,1.0305,0.5831,1.301,0.7384,0.417,0.1681,0.0621,0.0518,0.1554,0.0806,0.3668,0.1697
7464,-118.415,34.275,0.1538,0.0465,0.1035,0.0469,1.0315,0.5733,1.2223,0.6743,0.4243,0.1721,0.0627,0.0521,0.1525,0.0789,0.3623,0.1654
7465,-118.405,34.275,0.1563,0.047,0.1011,0.0455,1.0206,0.5456,1.1361,0.5983,0.422,0.1693,0.0613,0.0504,0.1446,0.0736,0.3562,0.16
7466,-118.395,34.275,0.1645,0.0499,0.1005,0.0452,1.0273,0.5445,1.0581,0.5514,0.4295,0.1738,0.0631,0.0519,0.1428,0.0727,0.3594,0.1617
7467,-118.385,34.275,0.1738,0.0533,0.1016,0.046,1.0516,0.57,0.9884,0.5338,0.4373,0.1788,0.0681,0.0565,0.1473,0.0762,0.3652,0.1655
7468,-118.375,34.275,0.1811,0.0558,0.1007,0.0455,1.0568,0.5641,0.9229,0.4999,0.4391,0.1797,0.0704,0.0571,0.1458,0.0754,0.3662,0.1656
7469,-118.365,34.275,0.1859,0.0573,0.0991,0.0446,1.0582,0.5524,0.8595,0.4647,0.4345,0.1761,0.0721,0.0566,0.1431,0.0738,0.3607,0.1606
7470,-118.355,34.275,0.1901,0.0585,0.0963,0.0431,1.0605,0.5434,0.802,0.4392,0.4285,0.1716,0.0738,0.0555,0.1412,0.0728,0.3559,0.1563
7471,-118.345,34.275,0.1911,0.0583,0.0939,0.0417,1.0547,0.5277,0.7443,0.4122,0.4176,0.1634,0.0741,0.0533,0.1378,0.0708,0.3501,0.1515
7472,-118.335,34.275,0.1959,0.0597,0.0918,0.0406,1.0409,0.5052,0.6863,0.3836,0.4138,0.1603,0.073,0.0502,0.133,0.068,0.3427,0.146
7473,-118.325,34.275,0.2009,0.0612,0.09,0.0396,1.0335,0.4905,0.6388,0.3617,0.4144,0.1593,0.0716,0.0478,0.1296,0.0661,0.3376,0.1424
7474,-118.315,34.275,0.2064,0.063,0.0888,0.039,1.03,0.4797,0.5958,0.3426,0.4191,0.1604,0.0703,0.0458,0.1269,0.0646,0.3399,0.1439
7475,-118.305,34.275,0.2173,0.0671,0.0903,0.0398,1.0387,0.4803,0.5649,0.3308,0.4322,0.1674,0.0694,0.0443,0.1258,0.0642,0.3482,0.149
7476,-118.295,34.275,0.2194,0.0674,0.0832,0.036,1.0149,0.4524,0.5292,0.2977,0.4319,0.165,0.0648,0.0399,0.118,0.0593,0.3505,0.1499
7477,-118.285,34.275,0.1793,0.0509,0.0675,0.0274,0.9588,0.396,0.4889,0.2432,0.3588,0.1232,0.0563,0.0325,0.1035,0.05,0.3061,0.1218
7478,-118.275,34.275,0.1363,0.0354,0.0579,0.0226,0.8542,0.3359,0.4369,0.1973,0.2725,0.0845,0.0484,0.0264,0.0897,0.0419,0.2625,0.0993
7479,-118.265,34.275,0.1393,0.0361,0.051,0.0192,0.7571,0.2843,0.3925,0.1596,0.2746,0.085,0.0419,0.0214,0.0783,0.0354,0.2444,0.0902
7480,-118.255,34.275,0.1419,0.0367,0.0511,0.0192,0.7457,0.2784,0.3972,0.1533,0.2762,0.0854,0.0414,0.0207,0.0779,0.0353,0.2466,0.0911
7481,-118.245,34.275,0.144,0.0372,0.0511,0.0192,0.7277,0.2692,0.4014,0.1474,0.2769,0.0858,0.0408,0.02,0.0773,0.0351,0.2498,0.0924
7482,-118.235,34.275,0.1458,0.0375,0.0511,0.0192,0.7033,0.2568,0.4052,0.1421,0.2773,0.0861,0.0401,0.0194,0.0766,0.0348,0.2525,0.0935
7483,-118.225,34.275,0.1474,0.0378,0.0511,0.0191,0.6733,0.2421,0.4051,0.137,0.2774,0.0864,0.0395,0.0189,0.0758,0.0345,0.2549,0.0944
7484,-118.215,34.275,0.1486,0.038,0.051,0.0191,0.642,0.227,0.4019,0.1315,0.2776,0.0868,0.0388,0.0185,0.075,0.0342,0.2572,0.0953
7485,-118.205,34.275,0.1495,0.0381,0.0511,0.0191,0.6095,0.212,0.387,0.1238,0.2779,0.0873,0.0381,0.018,0.0742,0.0338,0.2596,0.0962
7486,-118.195,34.275,0.1503,0.0382,0.0511,0.0191,0.5776,0.1975,0.3723,0.1169,0.2782,0.0878,0.0375,0.0176,0.0733,0.0335,0.2621,0.0972
7487,-118.185,34.275,0.1509,0.0384,0.0512,0.0191,0.5464,0.1837,0.3578,0.1108,0.2787,0.0883,0.0368,0.0172,0.0725,0.0332,0.2651,0.0984
7488,-118.175,34.275,0.1514,0.0385,0.0514,0.0191,0.5174,0.1713,0.3449,0.1058,0.2795,0.0889,0.0361,0.0169,0.0718,0.0329,0.2687,0.0998
7489,-118.165,34.275,0.1518,0.0386,0.0516,0.0192,0.4895,0.1596,0.3327,0.1011,0.2806,0.0896,0.0355,0.0165,0.0712,0.0326,0.2728,0.1015
7490,-118.155,34.275,0.152,0.0387,0.052,0.0193,0.4644,0.1494,0.3224,0.0974,0.2827,0.0906,0.0349,0.0162,0.0706,0.0324,0.2776,0.1036
7491,-118.145,34.275,0.152,0.0388,0.0523,0.0195,0.4408,0.1399,0.3128,0.0939,0.2888,0.0928,0.0343,0.016,0.0701,0.0322,0.2831,0.106
7492,-118.135,34.275,0.1518,0.0389,0.0527,0.0196,0.4187,0.1312,0.3041,0.0908,0.2975,0.096,0.0338,0.0158,0.0697,0.0321,0.2891,0.1087
7493,-118.125,34.275,0.1513,0.0389,0.0531,0.0198,0.3987,0.1236,0.2964,0.0881,0.3068,0.0995,0.0333,0.0157,0.0693,0.032,0.2955,0.1116
7494,-118.115,34.275,0.1505,0.0388,0.0536,0.02,0.3796,0.1163,0.2889,0.0855,0.317,0.1032,0.0328,0.0156,0.0689,0.0318,0.3023,0.1147
7495,-118.105,34.275,0.1494,0.0387,0.054,0.0202,0.3624,0.1098,0.2822,0.0831,0.3276,0.1072,0.0324,0.0156,0.0685,0.0317,0.3094,0.1179
7496,-118.095,34.275,0.148,0.0386,0.0544,0.0203,0.3462,0.1038,0.2756,0.0809,0.3388,0.1115,0.0319,0.0156,0.0681,0.0316,0.3167,0.1213
7497,-118.085,34.275,0.1464,0.0383,0.0548,0.0205,0.331,0.0982,0.2691,0.0788,0.3504,0.1159,0.0315,0.0156,0.0677,0.0315,0.324,0.1247
7498,-118.075,34.275,0.1447,0.038,0.0551,0.0206,0.3171,0.0931,0.2626,0.0769,0.3624,0.1206,0.031,0.0157,0.0673,0.0314,0.3314,0.1281
7499,-118.065,34.275,0.1432,0.0378,0.0555,0.0208,0.3037,0.0883,0.2562,0.0751,0.3745,0.1253,0.0305,0.0157,0.0669,0.0312,0.3386,0.1314
7500,-118.055,34.275,0.1418,0.0375,0.0557,0.0209,0.2917,0.0841,0.2497,0.0736,0.3856,0.1297,0.0299,0.0157,0.0664,0.0311,0.3456,0.1346
7501,-118.045,34.275,0.1405,0.0372,0.056,0.021,0.2804,0.0803,0.2433,0.0722,0.3954,0.1336,0.0294,0.0157,0.066,0.0309,0.3523,0.1377
7502,-118.035,34.275,0.1395,0.0369,0.0562,0.0211,0.2698,0.0767,0.2368,0.0709,0.4035,0.1368,0.0289,0.0157,0.0656,0.0308,0.3588,0.1406
7503,-118.025,34.275,0.1386,0.0367,0.0564,0.0212,0.2603,0.0736,0.2304,0.0698,0.4098,0.1394,0.0285,0.0156,0.0651,0.0307,0.3648,0.1431
7504,-118.015,34.275,0.1379,0.0364,0.0566,0.0213,0.2511,0.0708,0.2241,0.0687,0.4137,0.1411,0.0282,0.0156,0.0647,0.0305,0.3705,0.1455
7505,-118.005,34.275,0.1372,0.0362,0.0568,0.0214,0.2428,0.0684,0.2181,0.0676,0.4154,0.1418,0.028,0.0155,0.0643,0.0304,0.3758,0.1477
7506,-117.995,34.275,0.1367,0.036,0.0569,0.0215,0.235,0.0662,0.2123,0.0666,0.4149,0.1418,0.0279,0.0155,0.0639,0.0303,0.381,0.1497
7507,-117.985,34.275,0.1361,0.0358,0.057,0.0216,0.2277,0.0642,0.2067,0.0656,0.4124,0.141,0.0279,0.0154,0.0636,0.0302,0.3865,0.1518
7508,-117.975,34.275,0.1356,0.0357,0.0571,0.0217,0.2225,0.063,0.2028,0.0651,0.408,0.1394,0.0283,0.0156,0.0637,0.0304,0.3959,0.1558
7509,-117.965,34.275,0.1377,0.0364,0.0572,0.0218,0.2182,0.0622,0.1998,0.0649,0.4096,0.1407,0.0287,0.0158,0.064,0.0307,0.4113,0.1629
7510,-117.955,34.275,0.1422,0.0379,0.0573,0.0219,0.2165,0.0623,0.1989,0.0655,0.4177,0.1448,0.0296,0.0162,0.0649,0.0314,0.4279,0.1706
7511,-117.945,34.275,0.1331,0.035,0.0573,0.022,0.2101,0.0607,0.1937,0.0643,0.3857,0.1315,0.0298,0.0161,0.0644,0.0311,0.4119,0.1617
7512,-117.935,34.275,0.1319,0.0347,0.0573,0.0221,0.1992,0.0574,0.1842,0.0611,0.3762,0.1282,0.0293,0.0156,0.0623,0.03,0.4113,0.1606
7513,-117.925,34.275,0.1306,0.0344,0.0573,0.0222,0.1935,0.056,0.1795,0.0599,0.3663,0.1246,0.0295,0.0156,0.0617,0.0298,0.4153,0.1618
7514,-117.915,34.275,0.1292,0.034,0.0573,0.0222,0.189,0.055,0.176,0.0591,0.3558,0.121,0.0299,0.0156,0.0615,0.0297,0.4208,0.1637
7515,-117.905,34.275,0.1277,0.0337,0.0572,0.0223,0.185,0.0541,0.1728,0.0584,0.3453,0.1173,0.0303,0.0157,0.0612,0.0297,0.4265,0.1658
7516,-117.895,34.275,0.1261,0.0333,0.0572,0.0223,0.1812,0.0532,0.1698,0.0577,0.3346,0.1136,0.0307,0.0157,0.0609,0.0296,0.4324,0.1679
7517,-117.885,34.275,0.1244,0.0329,0.0571,0.0224,0.1777,0.0524,0.1671,0.0571,0.3241,0.1099,0.0311,0.0158,0.0607,0.0296,0.4387,0.1703
7518,-117.875,34.275,0.1227,0.0325,0.057,0.0225,0.1744,0.0516,0.1647,0.0565,0.3136,0.1063,0.0315,0.0159,0.0605,0.0296,0.4453,0.1727
7519,-117.865,34.275,0.1209,0.0321,0.0569,0.0225,0.1727,0.0514,0.1636,0.0565,0.3033,0.1028,0.0322,0.0161,0.0607,0.0298,0.452,0.1752
7520,-117.855,34.275,0.119,0.0317,0.0567,0.0226,0.1775,0.0535,0.1687,0.0592,0.2934,0.0994,0.0342,0.0171,0.0632,0.0315,0.4682,0.1824
7521,-117.845,34.275,0.1171,0.0313,0.0566,0.0226,0.1758,0.0532,0.1678,0.0591,0.2837,0.0961,0.0348,0.0173,0.0633,0.0317,0.4834,0.1891
7522,-117.835,34.275,0.1152,0.0309,0.0564,0.0226,0.1678,0.0504,0.1607,0.0562,0.2744,0.0929,0.0341,0.0167,0.061,0.0304,0.4926,0.1929
7523,-117.825,34.275,0.1133,0.0305,0.0562,0.0227,0.1631,0.0488,0.1568,0.0547,0.2653,0.0898,0.034,0.0165,0.0599,0.0298,0.492,0.1916
7524,-117.815,34.275,0.1114,0.03,0.0559,0.0227,0.1594,0.0476,0.1538,0.0536,0.2566,0.0868,0.0341,0.0163,0.0591,0.0294,0.4937,0.1915
7525,-117.805,34.275,0.1094,0.0296,0.0557,0.0227,0.1575,0.047,0.1526,0.0531,0.2482,0.0839,0.0345,0.0164,0.0588,0.0294,0.4991,0.1932
7526,-117.795,34.275,0.1074,0.0292,0.0554,0.0227,0.1557,0.0464,0.1515,0.0525,0.24,0.0811,0.0349,0.0164,0.0586,0.0293,0.5066,0.196
7527,-117.785,34.275,0.1054,0.0287,0.0551,0.0227,0.154,0.0458,0.1504,0.052,0.232,0.0785,0.0352,0.0164,0.0583,0.0292,0.5151,0.1993
7528,-117.775,34.275,0.1034,0.0283,0.0547,0.0226,0.1524,0.0452,0.1495,0.0513,0.2243,0.0758,0.0355,0.0164,0.058,0.0291,0.5237,0.2026
7529,-117.765,34.275,0.1014,0.0279,0.0543,0.0226,0.1507,0.0446,0.1486,0.0506,0.2169,0.0733,0.0358,0.0163,0.0576,0.029,0.5323,0.2058
7530,-117.755,34.275,0.0993,0.0274,0.0539,0.0225,0.1491,0.044,0.1478,0.0499,0.2096,0.0708,0.036,0.0163,0.0572,0.0289,0.5408,0.209
7531,-117.745,34.275,0.0973,0.0269,0.0534,0.0224,0.1475,0.0434,0.147,0.049,0.2025,0.0684,0.0361,0.0161,0.0568,0.0287,0.5492,0.2122
7532,-117.735,34.275,0.0952,0.0265,0.0529,0.0223,0.1459,0.0429,0.1462,0.0481,0.1956,0.066,0.0361,0.016,0.0563,0.0286,0.5574,0.2152
7533,-117.725,34.275,0.0931,0.026,0.0523,0.0222,0.1441,0.0423,0.1453,0.0471,0.1888,0.0637,0.0361,0.0158,0.0558,0.0283,0.5654,0.2181
7534,-117.715,34.275,0.091,0.0255,0.0517,0.022,0.1423,0.0417,0.1445,0.0461,0.1821,0.0614,0.036,0.0155,0.0552,0.0281,0.5732,0.2209
7535,-117.705,34.275,0.0888,0.0249,0.051,0.0218,0.1404,0.0411,0.1435,0.045,0.1756,0.0591,0.0358,0.0152,0.0546,0.0278,0.5807,0.2236
7536,-117.695,34.275,0.0866,0.0244,0.0503,0.0216,0.1383,0.0406,0.1425,0.044,0.1693,0.0569,0.0356,0.015,0.0539,0.0275,0.588,0.2261
7537,-117.685,34.275,0.0845,0.0239,0.0495,0.0214,0.1361,0.04,0.1413,0.0429,0.1631,0.0548,0.0353,0.0147,0.0533,0.0272,0.5966,0.2292
7538,-117.675,34.275,0.0824,0.0234,0.0487,0.0211,0.1338,0.0394,0.1399,0.0421,0.1573,0.0528,0.0351,0.0144,0.0526,0.0268,0.6069,0.2331
7539,-117.665,34.275,0.0804,0.0229,0.0479,0.0208,0.1316,0.0389,0.1386,0.0413,0.1521,0.051,0.035,0.0143,0.052,0.0265,0.6193,0.2378
7540,-117.655,34.275,0.0787,0.0225,0.0472,0.0206,0.1294,0.0384,0.1373,0.0408,0.1474,0.0494,0.0351,0.0143,0.0515,0.0263,0.6339,0.2436
7541,-118.945,34.285,0.0826,0.0344,0.081,0.0429,0.2473,0.1152,0.4917,0.2308,0.1485,0.0592,0.03,0.0356,0.2078,0.1029,0.2442,0.1136
7542,-118.935,34.285,0.0837,0.0347,0.0812,0.0428,0.2516,0.1171,0.5084,0.2367,0.1502,0.0597,0.0303,0.0356,0.2069,0.1023,0.2474,0.1151
7543,-118.925,34.285,0.0854,0.0352,0.0817,0.0429,0.2616,0.1229,0.5345,0.2495,0.1527,0.0605,0.0317,0.0374,0.2104,0.1051,0.2502,0.1162
7544,-118.915,34.285,0.092,0.0384,0.0823,0.0431,0.2721,0.1291,0.5614,0.2623,0.1629,0.0657,0.0331,0.0394,0.2142,0.108,0.2578,0.1208
7545,-118.905,34.285,0.0956,0.0399,0.0825,0.043,0.2786,0.1325,0.5835,0.2692,0.1683,0.0682,0.0338,0.0405,0.2144,0.1084,0.2618,0.1229
7546,-118.895,34.285,0.0971,0.0403,0.0827,0.043,0.2847,0.1355,0.6063,0.2752,0.1707,0.0691,0.0339,0.0408,0.2143,0.1084,0.2641,0.1239
7547,-118.885,34.285,0.0998,0.0414,0.0829,0.0428,0.2904,0.1382,0.6298,0.2804,0.1749,0.071,0.0334,0.0403,0.2137,0.1081,0.266,0.1248
7548,-118.875,34.285,0.1013,0.0418,0.081,0.0415,0.2936,0.1391,0.6486,0.2924,0.1781,0.0724,0.0326,0.0394,0.2111,0.1063,0.2659,0.1241
7549,-118.865,34.285,0.0989,0.0402,0.0792,0.0402,0.2916,0.1365,0.6585,0.2997,0.1757,0.0705,0.0312,0.0375,0.2047,0.102,0.2579,0.1178
7550,-118.855,34.285,0.0893,0.035,0.0793,0.0402,0.2663,0.1187,0.6296,0.2769,0.1612,0.0621,0.027,0.0316,0.1818,0.0866,0.2484,0.1109
7551,-118.845,34.285,0.0864,0.0332,0.0771,0.0386,0.2576,0.1116,0.6326,0.278,0.1572,0.0595,0.0248,0.0287,0.1708,0.0792,0.2405,0.1054
7552,-118.835,34.285,0.0879,0.0336,0.0725,0.0355,0.2655,0.1152,0.6676,0.3029,0.1606,0.0606,0.0246,0.0288,0.1716,0.0798,0.2376,0.103
7553,-118.825,34.285,0.0863,0.0325,0.0695,0.0335,0.2811,0.1237,0.717,0.3398,0.1584,0.059,0.0249,0.0299,0.1769,0.0834,0.2377,0.1027
7554,-118.815,34.285,0.0964,0.0371,0.068,0.0324,0.297,0.1325,0.7676,0.3774,0.1755,0.0674,0.0252,0.031,0.1823,0.0871,0.2426,0.1054
7555,-118.805,34.285,0.0992,0.0382,0.0718,0.0348,0.3075,0.138,0.8091,0.4066,0.1803,0.0694,0.0246,0.0308,0.1835,0.0881,0.2496,0.1093
7556,-118.795,34.285,0.0941,0.0354,0.0761,0.0375,0.3038,0.1341,0.8264,0.4094,0.1718,0.0645,0.0231,0.0289,0.1764,0.0838,0.2526,0.1107
7557,-118.785,34.285,0.0911,0.0337,0.0806,0.0404,0.2858,0.121,0.8195,0.3858,0.1671,0.0614,0.0207,0.0253,0.1612,0.0742,0.2574,0.1134
7558,-118.775,34.285,0.1104,0.0428,0.0817,0.041,0.3145,0.1374,0.8992,0.4511,0.1987,0.0775,0.0238,0.0295,0.1742,0.083,0.2692,0.1212
7559,-118.765,34.285,0.1161,0.0454,0.0825,0.0414,0.3511,0.1593,0.9877,0.5303,0.2092,0.0828,0.0282,0.0352,0.1918,0.0949,0.2837,0.131
7560,-118.755,34.285,0.1268,0.0507,0.0854,0.043,0.3792,0.1781,1.0321,0.5877,0.228,0.0932,0.0326,0.0405,0.2027,0.1032,0.2951,0.139
7561,-118.745,34.285,0.1341,0.0542,0.0911,0.0464,0.401,0.1923,1.0738,0.6345,0.2414,0.1004,0.0357,0.0438,0.2089,0.1081,0.3075,0.148
7562,-118.735,34.285,0.1413,0.0575,0.0997,0.0516,0.4166,0.202,1.1126,0.6709,0.2542,0.1072,0.0374,0.0452,0.2103,0.1096,0.3185,0.1564
7563,-118.725,34.285,0.1456,0.0594,0.1029,0.0534,0.4342,0.2123,1.1604,0.7136,0.2621,0.1112,0.0389,0.0462,0.2114,0.1106,0.3267,0.1627
7564,-118.715,34.285,0.1471,0.0599,0.1044,0.0542,0.4505,0.2215,1.2078,0.7533,0.2658,0.1126,0.0401,0.0467,0.2114,0.1107,0.3307,0.1656
7565,-118.705,34.285,0.1471,0.0595,0.1033,0.0531,0.4587,0.2248,1.2443,0.7718,0.2681,0.1131,0.0403,0.0455,0.206,0.1071,0.327,0.1624
7566,-118.695,34.285,0.1405,0.0555,0.0973,0.0491,0.4485,0.213,1.2715,0.7434,0.2622,0.1085,0.0379,0.0411,0.1907,0.0966,0.313,0.151
7567,-118.685,34.285,0.1163,0.0429,0.0865,0.042,0.4201,0.1862,1.2892,0.6681,0.2275,0.087,0.0331,0.0334,0.1657,0.0792,0.2908,0.1344
7568,-118.675,34.285,0.101,0.0353,0.0812,0.0385,0.398,0.1687,1.2447,0.6021,0.2035,0.0734,0.0302,0.0287,0.1487,0.0687,0.2645,0.1159
7569,-118.665,34.285,0.095,0.0323,0.0768,0.0356,0.3824,0.1564,1.1962,0.5477,0.1936,0.0679,0.0281,0.0251,0.1356,0.0609,0.2479,0.1049
7570,-118.655,34.285,0.094,0.0316,0.0709,0.032,0.3923,0.1597,1.1907,0.5409,0.1928,0.0669,0.0283,0.024,0.1332,0.0597,0.2367,0.0976
7571,-118.645,34.285,0.0956,0.032,0.0687,0.0306,0.4084,0.1665,1.1973,0.5442,0.1971,0.0682,0.0289,0.0235,0.1328,0.0596,0.233,0.0947
7572,-118.635,34.285,0.0981,0.0327,0.0704,0.0314,0.4307,0.1768,1.2161,0.5574,0.2032,0.0704,0.03,0.0233,0.1342,0.0607,0.2353,0.0953
7573,-118.625,34.285,0.1005,0.0334,0.072,0.0322,0.456,0.1891,1.2391,0.5744,0.2099,0.0729,0.0312,0.0235,0.1359,0.0619,0.2396,0.0972
7574,-118.615,34.285,0.1032,0.0342,0.0742,0.0333,0.4826,0.2022,1.2635,0.5929,0.2177,0.0759,0.0325,0.0239,0.1375,0.0631,0.2475,0.1012
7575,-118.605,34.285,0.1072,0.0355,0.0796,0.0362,0.5121,0.2176,1.2908,0.615,0.2288,0.0807,0.0342,0.0249,0.1393,0.0643,0.2566,0.1059
7576,-118.595,34.285,0.1103,0.0365,0.0831,0.0381,0.5455,0.2358,1.3227,0.6429,0.2394,0.0853,0.0364,0.0266,0.1414,0.0659,0.266,0.111
7577,-118.585,34.285,0.1139,0.0376,0.0849,0.039,0.5826,0.2568,1.3595,0.6766,0.252,0.091,0.039,0.029,0.144,0.0677,0.2751,0.1161
7578,-118.575,34.285,0.1132,0.0369,0.0869,0.04,0.6277,0.2843,1.4027,0.7246,0.2569,0.0929,0.043,0.0328,0.1485,0.0708,0.285,0.1218
7579,-118.565,34.285,0.123,0.0407,0.0895,0.0413,0.6724,0.3122,1.4431,0.7731,0.2835,0.1061,0.0468,0.0366,0.1527,0.0737,0.2982,0.1297
7580,-118.555,34.285,0.1258,0.0414,0.095,0.0444,0.7074,0.3349,1.4637,0.8096,0.2949,0.1114,0.049,0.0385,0.1542,0.075,0.3107,0.1371
7581,-118.545,34.285,0.1271,0.0414,0.0979,0.046,0.7394,0.3551,1.4817,0.8441,0.3022,0.1144,0.0502,0.0393,0.1544,0.0754,0.319,0.1417
7582,-118.535,34.285,0.1266,0.0408,0.0982,0.046,0.7684,0.3727,1.4972,0.8769,0.3062,0.1154,0.0507,0.0391,0.1534,0.075,0.3229,0.1434
7583,-118.525,34.285,0.1269,0.0404,0.1021,0.0482,0.8047,0.3976,1.5143,0.9298,0.3117,0.1173,0.0525,0.04,0.1541,0.0757,0.3312,0.1484
7584,-118.515,34.285,0.1356,0.0437,0.1063,0.0506,0.8465,0.4306,1.5266,0.9988,0.3345,0.13,0.0553,0.0421,0.1569,0.078,0.3446,0.1575
7585,-118.505,34.285,0.1505,0.0498,0.1085,0.0517,0.9073,0.4957,1.5135,1.1259,0.3689,0.1516,0.0623,0.0481,0.1682,0.0864,0.3595,0.168
7586,-118.495,34.285,0.1415,0.0453,0.1091,0.0519,0.9288,0.5091,1.4997,1.1432,0.3601,0.1439,0.0628,0.0482,0.1649,0.0845,0.3533,0.1618
7587,-118.485,34.285,0.1274,0.0389,0.1079,0.051,0.9112,0.4707,1.4851,1.0508,0.3398,0.1298,0.057,0.0423,0.1472,0.0725,0.3462,0.1554
7588,-118.475,34.285,0.1254,0.0377,0.1057,0.0494,0.9244,0.4753,1.4644,0.9608,0.3436,0.1309,0.0548,0.0408,0.1409,0.0686,0.3412,0.1508
7589,-118.465,34.285,0.1195,0.035,0.1044,0.0483,0.9578,0.5061,1.4485,0.8971,0.3356,0.1256,0.0551,0.0417,0.1408,0.069,0.3425,0.1511
7590,-118.455,34.285,0.1324,0.0398,0.1089,0.0508,1.0585,0.6221,1.4624,0.9591,0.3701,0.1466,0.0631,0.0505,0.1595,0.0822,0.3599,0.1636
7591,-118.445,34.285,0.1483,0.0459,0.1092,0.0507,1.1149,0.6763,1.4601,0.9454,0.4105,0.1721,0.0659,0.0538,0.1654,0.0865,0.3722,0.1728
7592,-118.435,34.285,0.1445,0.0437,0.1051,0.0481,1.1269,0.6685,1.4415,0.8561,0.4044,0.1661,0.0634,0.0517,0.1583,0.0817,0.3713,0.1714
7593,-118.425,34.285,0.1414,0.0419,0.1022,0.0464,1.1238,0.6464,1.3825,0.7738,0.3935,0.157,0.0623,0.0505,0.1517,0.0774,0.3628,0.1639
7594,-118.415,34.285,0.1445,0.0426,0.0992,0.0447,1.1181,0.6233,1.3106,0.6962,0.3932,0.1558,0.0617,0.0499,0.1456,0.0735,0.3589,0.1601
7595,-118.405,34.285,0.1467,0.043,0.0942,0.0418,1.115,0.6092,1.2163,0.6337,0.3904,0.1533,0.0627,0.0511,0.1421,0.0715,0.3539,0.1561
7596,-118.395,34.285,0.1548,0.0458,0.0929,0.0412,1.1249,0.6147,1.129,0.5914,0.3987,0.1583,0.066,0.0545,0.1426,0.0722,0.3572,0.1581
7597,-118.385,34.285,0.1669,0.0502,0.0954,0.0426,1.1477,0.6398,1.0487,0.5692,0.4133,0.1677,0.0716,0.0603,0.1471,0.0756,0.3633,0.1621
7598,-118.375,34.285,0.1711,0.0514,0.0947,0.0422,1.1468,0.6236,0.974,0.5266,0.4114,0.1659,0.0734,0.0605,0.1441,0.0739,0.3661,0.1634
7599,-118.365,34.285,0.1716,0.051,0.0928,0.0413,1.1415,0.6,0.902,0.4823,0.3999,0.1576,0.0744,0.0593,0.1399,0.0712,0.3601,0.1581
7600,-118.355,34.285,0.1721,0.0507,0.0891,0.0392,1.1378,0.5814,0.8377,0.4505,0.3884,0.1497,0.0753,0.0572,0.1367,0.0693,0.3544,0.1532
7601,-118.345,34.285,0.1749,0.0513,0.0839,0.0363,1.1097,0.5446,0.762,0.4085,0.3813,0.1451,0.0734,0.053,0.1298,0.0651,0.3427,0.145
7602,-118.335,34.285,0.1646,0.047,0.0773,0.0328,1.0573,0.4896,0.6751,0.3561,0.3513,0.1279,0.0686,0.0466,0.1192,0.0585,0.3229,0.1324
7603,-118.325,34.285,0.1574,0.0439,0.0723,0.0303,1.0352,0.4618,0.6164,0.3254,0.3306,0.1163,0.0659,0.0429,0.1134,0.0551,0.3073,0.123
7604,-118.315,34.285,0.1561,0.0431,0.0684,0.0283,1.0227,0.4424,0.5673,0.301,0.3235,0.1118,0.0637,0.0399,0.109,0.0525,0.3003,0.1188
7605,-118.305,34.285,0.1561,0.0428,0.0676,0.028,1.0266,0.4367,0.5377,0.2854,0.3194,0.109,0.0621,0.0378,0.1068,0.0513,0.3061,0.1218
7606,-118.295,34.285,0.1866,0.0544,0.0647,0.0264,1.022,0.4264,0.5137,0.2665,0.3675,0.1348,0.0598,0.0353,0.1036,0.0495,0.316,0.1271
7607,-118.285,34.285,0.1678,0.0465,0.0597,0.0236,1.0088,0.4117,0.4955,0.2444,0.3317,0.1141,0.0568,0.0323,0.0994,0.0472,0.294,0.1143
7608,-118.275,34.285,0.1316,0.0336,0.0549,0.0212,0.917,0.3611,0.451,0.2072,0.2598,0.0814,0.0502,0.0272,0.0889,0.0412,0.2634,0.099
7609,-118.265,34.285,0.1342,0.0343,0.0509,0.0192,0.8247,0.3117,0.4105,0.1727,0.2616,0.0818,0.044,0.0226,0.079,0.0356,0.2511,0.0929
7610,-118.255,34.285,0.1366,0.0348,0.0509,0.0192,0.8085,0.3036,0.4163,0.1672,0.2629,0.0822,0.0432,0.0217,0.0785,0.0354,0.2543,0.0942
7611,-118.245,34.285,0.1387,0.0353,0.0509,0.0192,0.7847,0.2917,0.4214,0.1617,0.2636,0.0824,0.0424,0.0209,0.0779,0.0352,0.2577,0.0956
7612,-118.235,34.285,0.1405,0.0357,0.0509,0.0192,0.7535,0.2761,0.4257,0.1562,0.2639,0.0827,0.0416,0.0202,0.0772,0.035,0.2608,0.0969
7613,-118.225,34.285,0.142,0.036,0.0509,0.0192,0.7169,0.2586,0.4259,0.1505,0.2641,0.083,0.0408,0.0196,0.0765,0.0347,0.2637,0.098
7614,-118.215,34.285,0.1432,0.0362,0.0509,0.0191,0.6792,0.2408,0.422,0.1441,0.2645,0.0833,0.04,0.019,0.0757,0.0344,0.2665,0.0991
7615,-118.205,34.285,0.1442,0.0364,0.0509,0.0191,0.6412,0.2237,0.4018,0.1341,0.2648,0.0837,0.0392,0.0185,0.0749,0.0341,0.2695,0.1003
7616,-118.195,34.285,0.145,0.0366,0.051,0.0191,0.6045,0.2075,0.3831,0.1253,0.2653,0.0842,0.0385,0.0181,0.0742,0.0338,0.2726,0.1016
7617,-118.185,34.285,0.1455,0.0367,0.0511,0.0192,0.5691,0.1921,0.3659,0.1178,0.2659,0.0847,0.0378,0.0177,0.0735,0.0335,0.2761,0.103
7618,-118.175,34.285,0.146,0.0368,0.0512,0.0192,0.5366,0.1785,0.3513,0.1118,0.2668,0.0852,0.0371,0.0173,0.0728,0.0332,0.28,0.1046
7619,-118.165,34.285,0.1463,0.0369,0.0514,0.0193,0.5055,0.1656,0.3375,0.1062,0.2679,0.0859,0.0364,0.017,0.0721,0.0329,0.2844,0.1065
7620,-118.155,34.285,0.1464,0.037,0.0517,0.0194,0.4778,0.1545,0.326,0.1018,0.2705,0.087,0.0357,0.0167,0.0716,0.0327,0.2894,0.1086
7621,-118.145,34.285,0.1463,0.0371,0.052,0.0195,0.452,0.1443,0.3154,0.0978,0.2769,0.0895,0.0351,0.0165,0.071,0.0325,0.295,0.1111
7622,-118.135,34.285,0.1461,0.0371,0.0523,0.0196,0.4279,0.1349,0.3056,0.0942,0.2849,0.0924,0.0345,0.0163,0.0705,0.0324,0.3011,0.1138
7623,-118.125,34.285,0.1456,0.0371,0.0526,0.0197,0.4064,0.1267,0.297,0.0911,0.2935,0.0956,0.0339,0.0162,0.0701,0.0322,0.3075,0.1166
7624,-118.115,34.285,0.1447,0.0371,0.053,0.0199,0.3859,0.1189,0.2888,0.0881,0.3028,0.0991,0.0333,0.0161,0.0696,0.0321,0.3144,0.1198
7625,-118.105,34.285,0.1437,0.0369,0.0533,0.02,0.3676,0.1121,0.2813,0.0855,0.3125,0.1028,0.0328,0.016,0.0692,0.0319,0.3216,0.1231
7626,-118.095,34.285,0.1424,0.0368,0.0537,0.0202,0.3506,0.1058,0.274,0.0831,0.3228,0.1067,0.0322,0.016,0.0687,0.0318,0.3291,0.1266
7627,-118.085,34.285,0.1409,0.0365,0.054,0.0203,0.3348,0.1001,0.267,0.0808,0.3334,0.1109,0.0317,0.016,0.0683,0.0316,0.3366,0.1301
7628,-118.075,34.285,0.1394,0.0363,0.0543,0.0204,0.3203,0.0949,0.2602,0.0788,0.3445,0.1152,0.0311,0.0161,0.0678,0.0315,0.3443,0.1336
7629,-118.065,34.285,0.1379,0.036,0.0545,0.0205,0.3064,0.09,0.2534,0.0769,0.3552,0.1194,0.0305,0.0161,0.0673,0.0313,0.3518,0.1372
7630,-118.055,34.285,0.1366,0.0357,0.0547,0.0206,0.294,0.0857,0.2469,0.0752,0.3649,0.1233,0.0299,0.0161,0.0669,0.0312,0.3592,0.1406
7631,-118.045,34.285,0.1353,0.0354,0.0549,0.0207,0.2824,0.0817,0.2404,0.0737,0.3735,0.1268,0.0294,0.0161,0.0664,0.031,0.3664,0.1439
7632,-118.035,34.285,0.1342,0.0352,0.0551,0.0208,0.2714,0.0781,0.234,0.0722,0.3805,0.1296,0.0289,0.0161,0.0659,0.0308,0.3734,0.147
7633,-118.025,34.285,0.1333,0.035,0.0553,0.0209,0.2616,0.075,0.2279,0.071,0.3859,0.1319,0.0286,0.0161,0.0655,0.0307,0.3796,0.1496
7634,-118.015,34.285,0.1325,0.0347,0.0555,0.021,0.2523,0.0721,0.2219,0.0697,0.3891,0.1332,0.0283,0.016,0.0651,0.0306,0.3856,0.1521
7635,-118.005,34.285,0.1319,0.0346,0.0556,0.0212,0.244,0.0696,0.2163,0.0686,0.3903,0.1338,0.0282,0.016,0.0647,0.0305,0.3912,0.1543
7636,-117.995,34.285,0.1313,0.0344,0.0558,0.0213,0.2376,0.0679,0.2121,0.0681,0.3897,0.1336,0.0284,0.016,0.0648,0.0306,0.397,0.1565
7637,-117.985,34.285,0.1308,0.0343,0.056,0.0214,0.2332,0.067,0.2095,0.0682,0.3874,0.1327,0.0288,0.0163,0.0653,0.0311,0.4064,0.1605
7638,-117.975,34.285,0.1338,0.0353,0.0577,0.0223,0.2273,0.0654,0.2052,0.0675,0.3936,0.1357,0.0291,0.0163,0.0652,0.0311,0.4193,0.1661
7639,-117.965,34.285,0.1439,0.0389,0.0594,0.0231,0.2223,0.0642,0.2019,0.067,0.4167,0.1478,0.0295,0.0164,0.0653,0.0313,0.4407,0.1762
7640,-117.955,34.285,0.163,0.0459,0.0592,0.0231,0.2238,0.0654,0.2042,0.0689,0.4633,0.172,0.0309,0.0171,0.0673,0.0326,0.4636,0.1872
7641,-117.945,34.285,0.1327,0.0351,0.0582,0.0227,0.2168,0.0635,0.1986,0.0674,0.3772,0.1299,0.031,0.017,0.0666,0.0323,0.4342,0.1712
7642,-117.935,34.285,0.127,0.0333,0.0566,0.022,0.2012,0.0585,0.185,0.0625,0.3559,0.1213,0.0299,0.016,0.0631,0.0303,0.4289,0.1677
7643,-117.925,34.285,0.1258,0.0331,0.0563,0.0219,0.1948,0.0567,0.1797,0.061,0.3472,0.1182,0.03,0.0158,0.0623,0.0299,0.4317,0.1683
7644,-117.915,34.285,0.1246,0.0328,0.0563,0.022,0.1903,0.0557,0.1763,0.0602,0.3382,0.115,0.0304,0.0159,0.062,0.0299,0.4375,0.1703
7645,-117.905,34.285,0.1232,0.0325,0.0563,0.0221,0.1863,0.0547,0.1732,0.0595,0.329,0.1118,0.0308,0.0159,0.0617,0.0298,0.4436,0.1725
7646,-117.895,34.285,0.1218,0.0321,0.0563,0.0221,0.1825,0.0538,0.1703,0.0588,0.3197,0.1086,0.0312,0.016,0.0615,0.0298,0.45,0.1749
7647,-117.885,34.285,0.1203,0.0318,0.0562,0.0222,0.1789,0.0529,0.1676,0.0581,0.3105,0.1054,0.0317,0.0161,0.0613,0.0298,0.4568,0.1774
7648,-117.875,34.285,0.1187,0.0315,0.0561,0.0223,0.1757,0.0522,0.1652,0.0575,0.3013,0.1022,0.0321,0.0161,0.061,0.0298,0.464,0.1801
7649,-117.865,34.285,0.1171,0.0311,0.056,0.0223,0.176,0.0527,0.1661,0.0585,0.2922,0.0991,0.0333,0.0167,0.0621,0.0305,0.4718,0.1831
7650,-117.855,34.285,0.1209,0.0326,0.056,0.0224,0.1931,0.0599,0.183,0.0668,0.2965,0.1018,0.0379,0.0193,0.0692,0.0352,0.5083,0.2006
7651,-117.845,34.285,0.1325,0.0369,0.0602,0.0248,0.1925,0.0599,0.183,0.0672,0.3189,0.1127,0.0388,0.0197,0.0697,0.0356,0.5404,0.2164
7652,-117.835,34.285,0.1268,0.0353,0.0687,0.0295,0.1741,0.0529,0.1661,0.0595,0.3002,0.1058,0.0359,0.0177,0.0636,0.0318,0.558,0.2249
7653,-117.825,34.285,0.1183,0.0326,0.0645,0.0274,0.171,0.0521,0.1638,0.0589,0.2762,0.0959,0.0364,0.0178,0.0632,0.0317,0.5531,0.2218
7654,-117.815,34.285,0.1104,0.03,0.0585,0.0242,0.1697,0.052,0.1632,0.059,0.2546,0.0867,0.0371,0.0181,0.0633,0.0321,0.5373,0.2116
7655,-117.805,34.285,0.1068,0.029,0.0561,0.0231,0.1617,0.0488,0.1562,0.0556,0.2427,0.0823,0.0362,0.0172,0.0607,0.0304,0.5307,0.2069
7656,-117.795,34.285,0.105,0.0286,0.0548,0.0226,0.1569,0.0469,0.1522,0.0536,0.2353,0.0798,0.0359,0.0168,0.0593,0.0296,0.5328,0.2068
7657,-117.785,34.285,0.1033,0.0282,0.0545,0.0226,0.1552,0.0463,0.1511,0.053,0.2281,0.0773,0.0363,0.0169,0.059,0.0295,0.5424,0.2106
7658,-117.775,34.285,0.1015,0.0278,0.0542,0.0225,0.1535,0.0457,0.1502,0.0524,0.2209,0.0749,0.0367,0.0169,0.0587,0.0295,0.5524,0.2145
7659,-117.765,34.285,0.0997,0.0275,0.0538,0.0225,0.1519,0.0452,0.1494,0.0517,0.2141,0.0726,0.0371,0.0169,0.0584,0.0294,0.5624,0.2185
7660,-117.755,34.285,0.0978,0.0271,0.0534,0.0225,0.1503,0.0446,0.1486,0.0509,0.2074,0.0703,0.0373,0.0169,0.0581,0.0293,0.5725,0.2224
7661,-117.745,34.285,0.0959,0.0267,0.053,0.0224,0.1487,0.044,0.1479,0.0501,0.2007,0.0681,0.0376,0.0169,0.0577,0.0291,0.5825,0.2263
7662,-117.735,34.285,0.094,0.0262,0.0525,0.0223,0.147,0.0434,0.1472,0.0491,0.1943,0.0659,0.0378,0.0168,0.0573,0.029,0.5924,0.2302
7663,-117.725,34.285,0.0921,0.0258,0.052,0.0222,0.1452,0.0429,0.1464,0.0482,0.1879,0.0637,0.0378,0.0167,0.0568,0.0288,0.6024,0.234
7664,-117.715,34.285,0.0901,0.0254,0.0514,0.022,0.1434,0.0423,0.1457,0.0472,0.1817,0.0615,0.0379,0.0165,0.0563,0.0286,0.6127,0.238
7665,-117.705,34.285,0.0882,0.0249,0.0507,0.0218,0.1415,0.0417,0.1448,0.0461,0.1756,0.0594,0.0378,0.0163,0.0557,0.0283,0.6228,0.2418
7666,-117.695,34.285,0.0862,0.0244,0.05,0.0216,0.1395,0.0411,0.1438,0.0451,0.1696,0.0574,0.0377,0.0162,0.0551,0.0281,0.6318,0.2451
7667,-117.685,34.285,0.0842,0.024,0.0493,0.0214,0.1374,0.0405,0.1428,0.0442,0.164,0.0554,0.0376,0.016,0.0545,0.0278,0.6423,0.2491
7668,-117.675,34.285,0.0823,0.0235,0.0486,0.0211,0.1353,0.0399,0.1416,0.0434,0.1586,0.0536,0.0376,0.0159,0.0539,0.0275,0.655,0.2541
7669,-117.665,34.285,0.0805,0.0231,0.0478,0.0209,0.1332,0.0394,0.1405,0.0427,0.1535,0.0518,0.0376,0.0158,0.0534,0.0273,0.6704,0.2603
7670,-117.655,34.285,0.0788,0.0227,0.0471,0.0206,0.1317,0.0391,0.1399,0.0425,0.1489,0.0503,0.0379,0.016,0.0532,0.0273,0.689,0.268
7671,-118.945,34.295,0.0827,0.0345,0.078,0.0412,0.2478,0.1152,0.4943,0.2322,0.1456,0.0579,0.0305,0.0372,0.2104,0.1039,0.2415,0.1109
7672,-118.935,34.295,0.0833,0.0345,0.0777,0.0407,0.252,0.1171,0.5112,0.2382,0.1467,0.058,0.0306,0.0369,0.2093,0.1033,0.2448,0.1124
7673,-118.925,34.295,0.0849,0.035,0.0782,0.0408,0.2585,0.1205,0.5322,0.2463,0.1492,0.0589,0.0311,0.0375,0.2099,0.1038,0.2464,0.1127
7674,-118.915,34.295,0.0874,0.036,0.0787,0.0409,0.2653,0.1241,0.5539,0.2544,0.1532,0.0606,0.0317,0.0381,0.2106,0.1045,0.2519,0.1157
7675,-118.905,34.295,0.0905,0.0373,0.0793,0.0411,0.2707,0.1267,0.5748,0.2601,0.1581,0.0628,0.0319,0.0385,0.21,0.1042,0.2551,0.1173
7676,-118.895,34.295,0.0912,0.0373,0.08,0.0414,0.2762,0.1293,0.5964,0.2661,0.1592,0.063,0.0319,0.0386,0.2094,0.1039,0.2577,0.1184
7677,-118.885,34.295,0.0937,0.0382,0.0809,0.0418,0.2815,0.1317,0.6188,0.2723,0.1633,0.0648,0.0316,0.0382,0.2086,0.1035,0.2606,0.1199
7678,-118.875,34.295,0.095,0.0386,0.0814,0.042,0.287,0.1342,0.6405,0.2862,0.166,0.0658,0.0313,0.0379,0.2077,0.1029,0.2634,0.1213
7679,-118.865,34.295,0.0978,0.0397,0.0821,0.0423,0.2891,0.1344,0.6566,0.2975,0.1714,0.0683,0.0306,0.0369,0.2042,0.1007,0.2657,0.1223
7680,-118.855,34.295,0.1003,0.0406,0.083,0.0427,0.2745,0.1234,0.6454,0.2885,0.1761,0.0705,0.0277,0.0329,0.1887,0.0902,0.2652,0.1214
7681,-118.845,34.295,0.0985,0.0393,0.0806,0.041,0.2685,0.1181,0.6494,0.2916,0.1743,0.0689,0.0259,0.0305,0.1794,0.084,0.2605,0.1176
7682,-118.835,34.295,0.092,0.0357,0.0747,0.0371,0.2711,0.1185,0.6685,0.3069,0.1648,0.0631,0.0251,0.0296,0.1762,0.0822,0.2488,0.1092
7683,-118.825,34.295,0.0836,0.0313,0.0702,0.0342,0.2736,0.119,0.688,0.32,0.1512,0.0558,0.0243,0.0287,0.1729,0.0803,0.2376,0.1018
7684,-118.815,34.295,0.0846,0.0315,0.0668,0.0319,0.2769,0.12,0.7102,0.3342,0.1532,0.0563,0.0236,0.028,0.17,0.0788,0.2336,0.0991
7685,-118.805,34.295,0.0861,0.032,0.0667,0.0318,0.2846,0.1234,0.7449,0.3555,0.1559,0.0572,0.0232,0.0278,0.1698,0.0788,0.2352,0.0996
7686,-118.795,34.295,0.0878,0.0325,0.0667,0.0317,0.2874,0.1237,0.7729,0.3682,0.1588,0.0581,0.0228,0.0272,0.1668,0.077,0.2364,0.0999
7687,-118.785,34.295,0.0894,0.033,0.0669,0.0317,0.2854,0.1207,0.7941,0.3724,0.1618,0.0591,0.0221,0.0261,0.161,0.0735,0.2384,0.1008
7688,-118.775,34.295,0.0911,0.0335,0.0671,0.0318,0.2993,0.1276,0.8469,0.4071,0.1648,0.0601,0.0238,0.028,0.1647,0.0761,0.2415,0.1023
7689,-118.765,34.295,0.0924,0.0338,0.0679,0.0321,0.3161,0.1364,0.904,0.4471,0.168,0.0611,0.026,0.0305,0.1699,0.0798,0.2459,0.1047
7690,-118.755,34.295,0.0954,0.035,0.071,0.0339,0.3315,0.1451,0.9505,0.4821,0.1746,0.0639,0.0283,0.0328,0.1732,0.0825,0.2516,0.1078
7691,-118.745,34.295,0.1015,0.0376,0.0781,0.0382,0.3443,0.152,0.9931,0.5114,0.1863,0.0692,0.0298,0.0341,0.1743,0.0837,0.2634,0.1148
7692,-118.735,34.295,0.1154,0.0444,0.0892,0.045,0.3545,0.157,1.0318,0.535,0.2091,0.0818,0.0305,0.0343,0.1733,0.0834,0.2783,0.1243
7693,-118.725,34.295,0.1236,0.0484,0.0944,0.0482,0.3945,0.1817,1.1188,0.6241,0.2226,0.0892,0.0342,0.0383,0.1867,0.0924,0.2944,0.1352
7694,-118.715,34.295,0.1346,0.0534,0.0974,0.0499,0.4298,0.203,1.1988,0.702,0.2417,0.0988,0.0373,0.0415,0.1972,0.0994,0.3082,0.1452
7695,-118.705,34.295,0.127,0.0493,0.0959,0.0487,0.4116,0.1878,1.1966,0.6597,0.2313,0.0924,0.0344,0.0367,0.1791,0.0877,0.2964,0.1362
7696,-118.695,34.295,0.1164,0.0435,0.0881,0.0435,0.3998,0.1761,1.2055,0.6277,0.2176,0.0832,0.0322,0.0326,0.1643,0.0781,0.28,0.1247
7697,-118.685,34.295,0.1011,0.0358,0.074,0.0345,0.3944,0.1681,1.2254,0.6062,0.1946,0.0701,0.0305,0.0293,0.1527,0.0705,0.2613,0.1124
7698,-118.675,34.295,0.0955,0.0329,0.0704,0.0321,0.3964,0.166,1.2282,0.5927,0.1864,0.0655,0.0298,0.0274,0.146,0.0665,0.2439,0.1015
7699,-118.665,34.295,0.0958,0.0327,0.0692,0.0312,0.401,0.166,1.2266,0.5815,0.1882,0.0657,0.0295,0.0259,0.1408,0.0635,0.2396,0.0983
7700,-118.655,34.295,0.095,0.032,0.069,0.031,0.4116,0.1695,1.22,0.5728,0.1877,0.0648,0.0296,0.0249,0.1379,0.062,0.2354,0.0953
7701,-118.645,34.295,0.0953,0.0319,0.0701,0.0315,0.4286,0.1766,1.225,0.5745,0.1894,0.0649,0.0302,0.0244,0.137,0.0617,0.2343,0.094
7702,-118.635,34.295,0.0973,0.0324,0.0722,0.0326,0.452,0.1874,1.2416,0.5867,0.1943,0.0666,0.0313,0.0244,0.1382,0.0626,0.2366,0.0946
7703,-118.625,34.295,0.0996,0.0331,0.0738,0.0334,0.4877,0.2062,1.2777,0.6187,0.2004,0.0688,0.0333,0.0254,0.1424,0.0653,0.2415,0.0967
7704,-118.615,34.295,0.1055,0.0352,0.076,0.0345,0.526,0.2268,1.3165,0.654,0.2138,0.0747,0.0355,0.0266,0.147,0.0684,0.2547,0.1037
7705,-118.605,34.295,0.1135,0.0383,0.0812,0.0374,0.5637,0.2479,1.3491,0.6857,0.2323,0.0831,0.0378,0.028,0.1503,0.0706,0.2671,0.1104
7706,-118.595,34.295,0.117,0.0394,0.0846,0.0392,0.5994,0.2678,1.3774,0.712,0.2434,0.0881,0.0399,0.0295,0.1521,0.072,0.277,0.1158
7707,-118.585,34.295,0.1176,0.0392,0.0863,0.04,0.633,0.2863,1.4012,0.7329,0.2501,0.0909,0.0419,0.031,0.1526,0.0726,0.2833,0.1193
7708,-118.575,34.295,0.1186,0.0392,0.0883,0.041,0.6736,0.3105,1.4302,0.7654,0.2582,0.0944,0.0448,0.0334,0.1546,0.0741,0.2902,0.123
7709,-118.565,34.295,0.1211,0.0399,0.0909,0.0424,0.7181,0.3395,1.4583,0.807,0.2691,0.0996,0.0481,0.0363,0.1579,0.0766,0.303,0.1307
7710,-118.555,34.295,0.1292,0.043,0.0958,0.0452,0.7754,0.3864,1.4763,0.8815,0.2901,0.1106,0.0531,0.0405,0.1663,0.0827,0.3177,0.1399
7711,-118.545,34.295,0.133,0.0442,0.097,0.0457,0.8195,0.4192,1.4929,0.9347,0.3028,0.1169,0.0559,0.0425,0.1694,0.0851,0.3301,0.1477
7712,-118.535,34.295,0.1297,0.0422,0.0946,0.044,0.8506,0.4379,1.508,0.9667,0.3017,0.115,0.0566,0.0423,0.1671,0.0838,0.3292,0.1458
7713,-118.525,34.295,0.1288,0.0413,0.096,0.0446,0.8779,0.4508,1.5191,0.9919,0.3052,0.1158,0.057,0.0417,0.1629,0.0812,0.331,0.1459
7714,-118.515,34.295,0.1295,0.0411,0.0983,0.0458,0.9075,0.4672,1.5243,1.0223,0.3126,0.1186,0.058,0.0416,0.1596,0.0792,0.3362,0.1485
7715,-118.505,34.295,0.1319,0.0417,0.101,0.0473,0.9513,0.5061,1.5048,1.0847,0.3232,0.1236,0.0622,0.0442,0.1625,0.0816,0.3428,0.1522
7716,-118.495,34.295,0.1267,0.0391,0.1011,0.0472,0.9846,0.5316,1.473,1.0864,0.3187,0.1197,0.0641,0.045,0.1611,0.081,0.3391,0.1482
7717,-118.485,34.295,0.1272,0.0388,0.0987,0.0455,1.0075,0.5435,1.429,1.0277,0.3271,0.1236,0.0637,0.044,0.1553,0.0774,0.3428,0.15
7718,-118.475,34.295,0.1312,0.04,0.0963,0.0439,1.0475,0.5827,1.4401,0.9969,0.3432,0.1326,0.0637,0.045,0.1555,0.0779,0.3469,0.1523
7719,-118.465,34.295,0.1279,0.0383,0.0954,0.0432,1.0933,0.6293,1.4648,0.9751,0.3427,0.1322,0.064,0.0466,0.1572,0.0795,0.3513,0.155
7720,-118.455,34.295,0.1323,0.0397,0.1011,0.0464,1.1504,0.6846,1.5006,0.969,0.3596,0.1416,0.0652,0.0491,0.161,0.0825,0.3614,0.1622
7721,-118.445,34.295,0.1353,0.0404,0.1028,0.0472,1.1904,0.716,1.5179,0.9345,0.3706,0.1479,0.0651,0.05,0.1604,0.0823,0.3669,0.1658
7722,-118.435,34.295,0.1357,0.0401,0.1003,0.0456,1.2131,0.7235,1.5169,0.8716,0.3717,0.1477,0.0636,0.0492,0.1553,0.079,0.3676,0.1657
7723,-118.425,34.295,0.1379,0.0405,0.0984,0.0445,1.2283,0.7242,1.4705,0.8111,0.3727,0.1474,0.0637,0.0498,0.1512,0.0764,0.3648,0.1628
7724,-118.415,34.295,0.1398,0.0407,0.0956,0.0429,1.2312,0.7122,1.4007,0.7421,0.3705,0.1453,0.0636,0.05,0.1458,0.0731,0.361,0.1593
7725,-118.405,34.295,0.1338,0.0379,0.0881,0.0386,1.1823,0.6455,1.2627,0.6291,0.3501,0.1329,0.0606,0.0475,0.1334,0.0654,0.3434,0.1474
7726,-118.395,34.295,0.1353,0.0381,0.0857,0.0373,1.1692,0.6198,1.1498,0.5584,0.3459,0.1303,0.0618,0.0489,0.1284,0.0625,0.34,0.1447
7727,-118.385,34.295,0.1449,0.0413,0.0884,0.0389,1.192,0.6349,1.0619,0.5301,0.3591,0.1376,0.067,0.0541,0.1309,0.0645,0.345,0.1474
7728,-118.375,34.295,0.1504,0.043,0.0878,0.0386,1.1959,0.6253,0.9872,0.496,0.3618,0.1388,0.07,0.0558,0.1299,0.064,0.3506,0.1505
7729,-118.365,34.295,0.1542,0.0439,0.0862,0.0377,1.1958,0.6107,0.9166,0.4621,0.3576,0.136,0.0723,0.0562,0.1283,0.0632,0.3478,0.1479
7730,-118.355,34.295,0.1546,0.0436,0.0825,0.0357,1.1946,0.5962,0.8531,0.4353,0.3468,0.1293,0.0738,0.0548,0.1268,0.0624,0.3431,0.1443
7731,-118.345,34.295,0.154,0.043,0.0754,0.0319,1.1194,0.534,0.7478,0.3784,0.335,0.1225,0.0695,0.0489,0.1166,0.0565,0.3234,0.1325
7732,-118.335,34.295,0.1319,0.035,0.065,0.0264,0.9703,0.424,0.601,0.2914,0.2815,0.0965,0.0594,0.0384,0.0976,0.0454,0.2858,0.111
7733,-118.325,34.295,0.121,0.031,0.0587,0.0232,0.9452,0.3979,0.5452,0.2639,0.2539,0.0834,0.0573,0.0353,0.0929,0.0427,0.2629,0.0994
7734,-118.315,34.295,0.119,0.0302,0.054,0.0209,0.9471,0.3902,0.5106,0.2493,0.246,0.0795,0.0568,0.0338,0.0912,0.0418,0.254,0.0949
7735,-118.305,34.295,0.1186,0.0298,0.0521,0.02,0.9566,0.3885,0.488,0.2383,0.2414,0.0771,0.0558,0.0323,0.0902,0.0413,0.2555,0.0954
7736,-118.295,34.295,0.129,0.033,0.052,0.0199,0.9635,0.3858,0.4706,0.2266,0.2587,0.0836,0.0543,0.0306,0.0889,0.0407,0.2632,0.0988
7737,-118.285,34.295,0.1317,0.0337,0.0538,0.0208,0.9679,0.3821,0.4584,0.214,0.2606,0.0839,0.0524,0.0286,0.0872,0.0398,0.2662,0.0999
7738,-118.275,34.295,0.1272,0.032,0.0524,0.0201,0.936,0.3628,0.4413,0.1969,0.2484,0.0786,0.0493,0.0261,0.0834,0.0378,0.2607,0.0971
7739,-118.265,34.295,0.1297,0.0326,0.0507,0.0193,0.8994,0.3421,0.4266,0.181,0.2499,0.0789,0.0463,0.0236,0.0797,0.0358,0.2596,0.0964
7740,-118.255,34.295,0.1319,0.0331,0.0507,0.0193,0.8758,0.3303,0.429,0.1752,0.251,0.0792,0.0452,0.0226,0.0792,0.0356,0.2631,0.0978
7741,-118.245,34.295,0.1339,0.0336,0.0507,0.0193,0.8441,0.3148,0.4306,0.1692,0.2516,0.0794,0.0442,0.0217,0.0786,0.0354,0.2666,0.0993
7742,-118.235,34.295,0.1355,0.034,0.0507,0.0192,0.8045,0.2956,0.4313,0.1629,0.2519,0.0796,0.0432,0.0209,0.0779,0.0352,0.2699,0.1006
7743,-118.225,34.295,0.137,0.0343,0.0507,0.0192,0.7599,0.2748,0.4273,0.156,0.2522,0.0798,0.0422,0.0202,0.0772,0.0349,0.2732,0.1019
7744,-118.215,34.295,0.1382,0.0345,0.0507,0.0192,0.7146,0.2539,0.4202,0.1486,0.2525,0.0801,0.0413,0.0196,0.0765,0.0346,0.2764,0.1032
7745,-118.205,34.295,0.1391,0.0348,0.0507,0.0192,0.6706,0.2345,0.4026,0.1392,0.253,0.0805,0.0404,0.019,0.0758,0.0343,0.2798,0.1046
7746,-118.195,34.295,0.1399,0.0349,0.0508,0.0192,0.6286,0.2163,0.3853,0.1306,0.2535,0.0809,0.0396,0.0185,0.0751,0.034,0.2835,0.1061
7747,-118.185,34.295,0.1405,0.0351,0.0509,0.0192,0.5886,0.1993,0.3683,0.1227,0.2541,0.0813,0.0388,0.0181,0.0744,0.0338,0.2874,0.1077
7748,-118.175,34.295,0.1409,0.0352,0.051,0.0193,0.5527,0.1844,0.3533,0.1162,0.255,0.0819,0.038,0.0177,0.0737,0.0335,0.2916,0.1095
7749,-118.165,34.295,0.1411,0.0353,0.0512,0.0193,0.5185,0.1705,0.3392,0.1102,0.2561,0.0825,0.0373,0.0174,0.073,0.0333,0.2964,0.1115
7750,-118.155,34.295,0.1412,0.0354,0.0514,0.0194,0.4888,0.1586,0.3271,0.1054,0.2592,0.0838,0.0365,0.0171,0.0725,0.033,0.3016,0.1137
7751,-118.145,34.295,0.141,0.0354,0.0516,0.0195,0.4612,0.1478,0.3159,0.101,0.2658,0.0863,0.0359,0.0169,0.0719,0.0328,0.3073,0.1163
7752,-118.135,34.295,0.1408,0.0355,0.0519,0.0196,0.4355,0.1378,0.3056,0.0971,0.2732,0.089,0.0352,0.0167,0.0713,0.0326,0.3135,0.119
7753,-118.125,34.295,0.1402,0.0354,0.0521,0.0197,0.4128,0.1292,0.2964,0.0937,0.2811,0.092,0.0345,0.0166,0.0708,0.0325,0.3201,0.122
7754,-118.115,34.295,0.1394,0.0354,0.0524,0.0198,0.3912,0.1211,0.2877,0.0905,0.2897,0.0952,0.0339,0.0165,0.0703,0.0323,0.3272,0.1252
7755,-118.105,34.295,0.1384,0.0353,0.0527,0.0199,0.3721,0.1141,0.2797,0.0877,0.2986,0.0987,0.0332,0.0164,0.0698,0.0321,0.3346,0.1287
7756,-118.095,34.295,0.1372,0.0351,0.0529,0.02,0.3543,0.1076,0.2721,0.0851,0.3081,0.1024,0.0325,0.0164,0.0693,0.0319,0.3423,0.1322
7757,-118.085,34.295,0.1358,0.0348,0.0532,0.0201,0.3377,0.1016,0.2648,0.0827,0.318,0.1063,0.0319,0.0164,0.0689,0.0318,0.3502,0.1359
7758,-118.075,34.295,0.1344,0.0346,0.0534,0.0202,0.3227,0.0963,0.2577,0.0806,0.3281,0.1102,0.0312,0.0165,0.0683,0.0316,0.3583,0.1397
7759,-118.065,34.295,0.1329,0.0343,0.0536,0.0203,0.3084,0.0913,0.2508,0.0785,0.3377,0.1141,0.0305,0.0165,0.0678,0.0314,0.3664,0.1435
7760,-118.055,34.295,0.1316,0.0341,0.0538,0.0204,0.2956,0.0869,0.2441,0.0767,0.3464,0.1177,0.0299,0.0165,0.0673,0.0312,0.3743,0.1472
7761,-118.045,34.295,0.1304,0.0338,0.0539,0.0205,0.2835,0.0828,0.2376,0.075,0.3542,0.1209,0.0293,0.0165,0.0668,0.031,0.3821,0.1508
7762,-118.035,34.295,0.1293,0.0335,0.0541,0.0205,0.2724,0.0791,0.2313,0.0734,0.3604,0.1235,0.0288,0.0165,0.0663,0.0309,0.3895,0.1541
7763,-118.025,34.295,0.1283,0.0333,0.0542,0.0206,0.2624,0.076,0.2253,0.072,0.3651,0.1255,0.0284,0.0165,0.0658,0.0307,0.3962,0.157
7764,-118.015,34.295,0.1275,0.0331,0.0544,0.0207,0.253,0.073,0.2195,0.0708,0.3676,0.1266,0.0282,0.0165,0.0654,0.0306,0.4023,0.1595
7765,-118.005,34.295,0.1269,0.033,0.0545,0.0209,0.2447,0.0705,0.2142,0.0696,0.3684,0.1268,0.0282,0.0164,0.0651,0.0305,0.4085,0.1619
7766,-117.995,34.295,0.1265,0.0329,0.0548,0.021,0.2469,0.072,0.218,0.0724,0.3682,0.1267,0.0296,0.0173,0.0676,0.0322,0.416,0.1649
7767,-117.985,34.295,0.1341,0.0355,0.055,0.0211,0.2597,0.0775,0.2309,0.0791,0.3885,0.136,0.0323,0.0191,0.0731,0.0356,0.4367,0.1744
7768,-117.975,34.295,0.1302,0.0342,0.0588,0.023,0.2407,0.071,0.2152,0.0733,0.3754,0.13,0.031,0.0178,0.0692,0.0334,0.4425,0.1763
7769,-117.965,34.295,0.1308,0.0345,0.0622,0.0247,0.2189,0.0635,0.197,0.0664,0.3735,0.1296,0.0293,0.0163,0.0645,0.0307,0.444,0.1762
7770,-117.955,34.295,0.1266,0.0332,0.06,0.0237,0.2156,0.0629,0.1951,0.0664,0.3575,0.1229,0.03,0.0165,0.065,0.0311,0.4461,0.1764
7771,-117.945,34.295,0.1257,0.033,0.0579,0.0228,0.2096,0.0613,0.1906,0.0653,0.3509,0.1204,0.0303,0.0165,0.0646,0.0309,0.4446,0.1747
7772,-117.935,34.295,0.1224,0.032,0.0557,0.0218,0.201,0.0587,0.1835,0.0631,0.3371,0.1149,0.0302,0.0161,0.0632,0.0302,0.4454,0.1743
7773,-117.925,34.295,0.1213,0.0318,0.0554,0.0217,0.1957,0.0573,0.1795,0.062,0.3295,0.1122,0.0305,0.0161,0.0628,0.0301,0.4492,0.1753
7774,-117.915,34.295,0.1202,0.0315,0.0554,0.0218,0.1912,0.0562,0.1761,0.0612,0.3217,0.1094,0.0309,0.0161,0.0625,0.03,0.4554,0.1774
7775,-117.905,34.295,0.1189,0.0313,0.0554,0.0219,0.1872,0.0553,0.1731,0.0605,0.3138,0.1066,0.0314,0.0162,0.0623,0.03,0.4619,0.1797
7776,-117.895,34.295,0.1176,0.031,0.0554,0.0219,0.1834,0.0543,0.1703,0.0598,0.3056,0.1038,0.0318,0.0162,0.0621,0.03,0.4688,0.1823
7777,-117.885,34.295,0.1163,0.0307,0.0553,0.022,0.1799,0.0534,0.1676,0.0591,0.2975,0.101,0.0323,0.0163,0.0618,0.03,0.4762,0.1851
7778,-117.875,34.295,0.1148,0.0304,0.0553,0.0221,0.1767,0.0526,0.1653,0.0585,0.2894,0.0982,0.0328,0.0164,0.0616,0.0299,0.4847,0.1883
7779,-117.865,34.295,0.1139,0.0303,0.0557,0.0224,0.1818,0.0553,0.1708,0.0619,0.2826,0.096,0.035,0.0176,0.0645,0.032,0.4953,0.1926
7780,-117.855,34.295,0.1242,0.0344,0.0584,0.024,0.2273,0.0752,0.2149,0.0847,0.3009,0.1066,0.046,0.0246,0.0827,0.0442,0.5625,0.2264
7781,-117.845,34.295,0.1456,0.0426,0.0646,0.0274,0.2273,0.0754,0.2155,0.0853,0.3437,0.1294,0.0471,0.025,0.0835,0.0448,0.6179,0.2557
7782,-117.835,34.295,0.1417,0.0412,0.0743,0.0328,0.1818,0.0562,0.1726,0.0638,0.3318,0.1232,0.0382,0.019,0.0668,0.0337,0.6574,0.2776
7783,-117.825,34.295,0.1532,0.0457,0.0688,0.0298,0.2026,0.0656,0.1935,0.075,0.3523,0.1343,0.0446,0.0228,0.0759,0.0401,0.6775,0.289
7784,-117.815,34.295,0.1323,0.0385,0.0608,0.0256,0.2237,0.0753,0.2147,0.0864,0.3009,0.1111,0.0508,0.0266,0.085,0.0464,0.6234,0.2546
7785,-117.805,34.295,0.1053,0.0287,0.0564,0.0235,0.1805,0.0569,0.1736,0.0654,0.2397,0.0816,0.0414,0.0204,0.0684,0.0354,0.5806,0.2298
7786,-117.795,34.295,0.1027,0.028,0.0542,0.0224,0.158,0.0474,0.1525,0.0547,0.2306,0.0784,0.037,0.0173,0.06,0.0299,0.5623,0.2191
7787,-117.785,34.295,0.1011,0.0277,0.0539,0.0225,0.1563,0.0469,0.1516,0.0541,0.224,0.0762,0.0375,0.0174,0.0598,0.0299,0.5724,0.2231
7788,-117.775,34.295,0.0996,0.0274,0.0537,0.0225,0.1546,0.0463,0.1507,0.0535,0.2176,0.074,0.038,0.0175,0.0596,0.0298,0.5838,0.2278
7789,-117.765,34.295,0.0979,0.0271,0.0533,0.0224,0.1531,0.0457,0.15,0.0529,0.2113,0.0719,0.0385,0.0176,0.0593,0.0298,0.5956,0.2326
7790,-117.755,34.295,0.0963,0.0267,0.053,0.0224,0.1514,0.0452,0.1493,0.0521,0.2051,0.0698,0.0389,0.0177,0.059,0.0297,0.6075,0.2374
7791,-117.745,34.295,0.0946,0.0264,0.0526,0.0223,0.1498,0.0446,0.1487,0.0513,0.199,0.0678,0.0393,0.0177,0.0587,0.0296,0.6194,0.2422
7792,-117.735,34.295,0.0929,0.026,0.0522,0.0223,0.1482,0.044,0.1481,0.0504,0.193,0.0657,0.0396,0.0177,0.0583,0.0295,0.6314,0.2471
7793,-117.725,34.295,0.0911,0.0256,0.0517,0.0222,0.1466,0.0434,0.1476,0.0494,0.187,0.0637,0.0399,0.0177,0.0579,0.0293,0.6439,0.2521
7794,-117.715,34.295,0.0896,0.0254,0.0512,0.0221,0.1449,0.0429,0.1471,0.0484,0.1818,0.062,0.0401,0.0177,0.0575,0.0292,0.6582,0.258
7795,-117.705,34.295,0.0882,0.0251,0.0505,0.0219,0.1429,0.0422,0.1462,0.0473,0.1768,0.0603,0.0402,0.0176,0.0569,0.0289,0.6719,0.2636
7796,-117.695,34.295,0.0857,0.0245,0.0499,0.0216,0.1408,0.0415,0.1453,0.0463,0.17,0.0578,0.0402,0.0175,0.0563,0.0287,0.6803,0.2665
7797,-117.685,34.295,0.0839,0.024,0.0492,0.0214,0.1388,0.0409,0.1443,0.0453,0.1646,0.056,0.0402,0.0174,0.0558,0.0284,0.6932,0.2716
7798,-117.675,34.295,0.0822,0.0237,0.0485,0.0212,0.1368,0.0403,0.1433,0.0445,0.1595,0.0542,0.0402,0.0174,0.0552,0.0282,0.7078,0.2775
7799,-117.665,34.295,0.0805,0.0233,0.0478,0.021,0.1355,0.04,0.1432,0.0442,0.1547,0.0526,0.0405,0.0175,0.0551,0.0282,0.7272,0.2857
7800,-117.655,34.295,0.0799,0.0233,0.0474,0.0209,0.1385,0.0413,0.1473,0.0457,0.1523,0.052,0.0422,0.0185,0.0567,0.0293,0.755,0.298
7801,-118.945,34.305,0.0844,0.0356,0.0765,0.0404,0.2484,0.1154,0.4966,0.2345,0.1453,0.058,0.0308,0.0383,0.2131,0.105,0.2419,0.1104
7802,-118.935,34.305,0.0839,0.0349,0.0769,0.0404,0.2527,0.1174,0.5139,0.2408,0.145,0.0574,0.0306,0.0377,0.2121,0.1043,0.2464,0.1129
7803,-118.925,34.305,0.0846,0.0349,0.0774,0.0406,0.2575,0.1196,0.5325,0.2471,0.1464,0.0577,0.0306,0.0375,0.2111,0.1038,0.2469,0.1123
7804,-118.915,34.305,0.0865,0.0356,0.078,0.0407,0.2624,0.1219,0.5516,0.2532,0.1497,0.059,0.0307,0.0373,0.2102,0.1033,0.2511,0.1145
7805,-118.905,34.305,0.0885,0.0363,0.0784,0.0408,0.2674,0.1242,0.5716,0.2591,0.1529,0.0603,0.0307,0.0373,0.2093,0.1028,0.2546,0.1162
7806,-118.895,34.305,0.0904,0.037,0.0789,0.041,0.2725,0.1266,0.5923,0.2657,0.1561,0.0617,0.0306,0.0371,0.2084,0.1023,0.2577,0.1177
7807,-118.885,34.305,0.0923,0.0376,0.0794,0.0411,0.2777,0.1289,0.6135,0.273,0.1594,0.063,0.0304,0.0368,0.2075,0.1018,0.2609,0.1193
7808,-118.875,34.305,0.094,0.0382,0.081,0.042,0.283,0.1313,0.6341,0.2855,0.1626,0.0643,0.0302,0.0365,0.2064,0.1012,0.2645,0.1212
7809,-118.865,34.305,0.0962,0.039,0.0816,0.0422,0.2859,0.132,0.6507,0.2961,0.1667,0.0661,0.0297,0.0358,0.2034,0.0992,0.2608,0.118
7810,-118.855,34.305,0.0888,0.0348,0.0766,0.0389,0.2768,0.1246,0.6477,0.2926,0.1558,0.0597,0.0276,0.0329,0.1917,0.0914,0.2561,0.1141
7811,-118.845,34.305,0.0897,0.035,0.0735,0.0367,0.2733,0.1209,0.6532,0.2969,0.158,0.0604,0.0262,0.0309,0.184,0.0863,0.2525,0.1111
7812,-118.835,34.305,0.089,0.0343,0.072,0.0356,0.2752,0.1211,0.6674,0.3089,0.1574,0.0596,0.0255,0.0299,0.1803,0.0841,0.2491,0.1084
7813,-118.825,34.305,0.0873,0.0332,0.0694,0.0338,0.276,0.1204,0.6793,0.3167,0.155,0.058,0.0247,0.0289,0.1757,0.0815,0.2437,0.1047
7814,-118.815,34.305,0.0849,0.0317,0.0668,0.0322,0.2764,0.1196,0.6917,0.3235,0.1513,0.0556,0.0239,0.0279,0.1709,0.0787,0.2391,0.1014
7815,-118.805,34.305,0.0852,0.0316,0.0661,0.0316,0.2769,0.1185,0.7087,0.3305,0.1521,0.0556,0.0233,0.0269,0.1662,0.0758,0.2363,0.0994
7816,-118.795,34.305,0.0867,0.032,0.0659,0.0314,0.2804,0.1192,0.7346,0.3431,0.1548,0.0565,0.0231,0.0266,0.1633,0.0742,0.2368,0.0992
7817,-118.785,34.305,0.0881,0.0325,0.0661,0.0314,0.2868,0.1215,0.7692,0.3611,0.1575,0.0573,0.0235,0.0269,0.1623,0.0738,0.2386,0.0999
7818,-118.775,34.305,0.0895,0.0329,0.0664,0.0315,0.2961,0.1253,0.8127,0.3848,0.1602,0.0582,0.0246,0.0279,0.1627,0.0742,0.2413,0.1011
7819,-118.765,34.305,0.0907,0.0332,0.0668,0.0316,0.3055,0.1292,0.8577,0.409,0.163,0.0591,0.0259,0.029,0.163,0.0745,0.2442,0.1025
7820,-118.755,34.305,0.0919,0.0334,0.0678,0.032,0.3133,0.1321,0.9014,0.4303,0.1658,0.06,0.0269,0.0296,0.1616,0.0738,0.2467,0.1036
7821,-118.745,34.305,0.0927,0.0336,0.0698,0.0331,0.3214,0.1351,0.9442,0.4511,0.1682,0.0607,0.0276,0.0297,0.1599,0.0729,0.2506,0.1057
7822,-118.735,34.305,0.0933,0.0336,0.0727,0.0348,0.3299,0.1384,0.9862,0.4712,0.1702,0.0611,0.0279,0.0294,0.158,0.0719,0.2558,0.1087
7823,-118.725,34.305,0.0941,0.0337,0.0775,0.0376,0.3755,0.1663,1.0879,0.5716,0.1724,0.0617,0.032,0.034,0.1743,0.0828,0.265,0.1144
7824,-118.715,34.305,0.1104,0.0412,0.0811,0.0396,0.4151,0.19,1.1791,0.6579,0.2002,0.0755,0.0354,0.0378,0.1873,0.0914,0.2772,0.122
7825,-118.705,34.305,0.0974,0.0347,0.0769,0.0369,0.3881,0.1687,1.1597,0.5954,0.18,0.0644,0.0316,0.0319,0.1653,0.0774,0.2633,0.113
7826,-118.695,34.305,0.0983,0.0348,0.0732,0.0344,0.3795,0.1597,1.1644,0.5705,0.1828,0.0653,0.0298,0.0285,0.1525,0.0694,0.2562,0.1081
7827,-118.685,34.305,0.096,0.0335,0.07,0.0322,0.3892,0.1631,1.193,0.5831,0.1801,0.0634,0.0299,0.0277,0.1491,0.0676,0.2504,0.1041
7828,-118.675,34.305,0.0953,0.0328,0.0695,0.0318,0.4131,0.1754,1.2366,0.6174,0.1801,0.0628,0.0313,0.0282,0.1513,0.0692,0.245,0.1004
7829,-118.665,34.305,0.0959,0.0328,0.0698,0.0318,0.4383,0.1885,1.2757,0.6505,0.182,0.0631,0.0328,0.0288,0.154,0.0711,0.2464,0.1006
7830,-118.655,34.305,0.0964,0.0327,0.0709,0.0323,0.4557,0.1968,1.2776,0.6559,0.1834,0.0631,0.0335,0.0284,0.1529,0.0709,0.2462,0.0997
7831,-118.645,34.305,0.0969,0.0326,0.0735,0.0336,0.477,0.2072,1.2848,0.6642,0.1849,0.0632,0.0344,0.0282,0.1527,0.0711,0.2479,0.1
7832,-118.635,34.305,0.1028,0.0348,0.0776,0.0359,0.5022,0.2196,1.2971,0.6755,0.1962,0.0679,0.0355,0.0283,0.1535,0.0717,0.2527,0.102
7833,-118.625,34.305,0.109,0.0372,0.0796,0.0369,0.5402,0.2404,1.3293,0.707,0.2083,0.0732,0.0376,0.0293,0.1574,0.0744,0.2611,0.1061
7834,-118.615,34.305,0.1106,0.0375,0.0811,0.0376,0.5808,0.2631,1.3643,0.7417,0.2141,0.0753,0.0399,0.0305,0.1617,0.0773,0.2679,0.1095
7835,-118.605,34.305,0.1128,0.038,0.0824,0.0383,0.6206,0.2862,1.393,0.7717,0.2216,0.0784,0.0422,0.0317,0.1646,0.0794,0.2758,0.1137
7836,-118.595,34.305,0.1174,0.0396,0.0849,0.0396,0.6576,0.3077,1.4157,0.7948,0.2343,0.0844,0.0442,0.0328,0.1659,0.0805,0.2849,0.1189
7837,-118.585,34.305,0.1192,0.04,0.0886,0.0416,0.6917,0.3275,1.4323,0.8112,0.2432,0.0883,0.0459,0.0338,0.1656,0.0806,0.2947,0.1248
7838,-118.575,34.305,0.1224,0.041,0.0939,0.0447,0.731,0.3516,1.4527,0.8353,0.255,0.094,0.0481,0.0353,0.1662,0.0813,0.3053,0.1312
7839,-118.565,34.305,0.1298,0.0438,0.099,0.0476,0.7749,0.381,1.4729,0.8692,0.2743,0.1042,0.0509,0.0373,0.1682,0.083,0.319,0.1399
7840,-118.555,34.305,0.1352,0.0458,0.1012,0.0488,0.836,0.4318,1.4892,0.9435,0.2903,0.1127,0.056,0.0413,0.1764,0.0891,0.3324,0.1486
7841,-118.545,34.305,0.1377,0.0464,0.1024,0.0493,0.8846,0.4692,1.5046,0.9977,0.3008,0.118,0.0591,0.0434,0.1795,0.0915,0.3424,0.155
7842,-118.535,34.305,0.1376,0.0458,0.1025,0.0492,0.9208,0.493,1.5192,1.0319,0.3063,0.1201,0.0604,0.0436,0.1773,0.0903,0.346,0.1564
7843,-118.525,34.305,0.1373,0.0451,0.1038,0.0498,0.9509,0.5094,1.5267,1.0541,0.3112,0.1218,0.0611,0.0431,0.1726,0.0874,0.35,0.1581
7844,-118.515,34.305,0.1366,0.0443,0.1058,0.0508,0.9815,0.5278,1.5278,1.077,0.3151,0.1228,0.0621,0.0427,0.1683,0.0847,0.3564,0.1617
7845,-118.505,34.305,0.1411,0.0458,0.1106,0.0537,1.0208,0.5625,1.5043,1.1147,0.3283,0.1299,0.0655,0.0443,0.1683,0.0852,0.365,0.1671
7846,-118.495,34.305,0.1429,0.0462,0.1115,0.054,1.062,0.6,1.4686,1.1131,0.3366,0.1338,0.0684,0.0457,0.1683,0.0856,0.3699,0.1698
7847,-118.485,34.305,0.1397,0.0442,0.1085,0.0519,1.1051,0.6402,1.4207,1.0722,0.3379,0.133,0.0708,0.0472,0.1684,0.086,0.3715,0.1699
7848,-118.475,34.305,0.1382,0.043,0.1058,0.05,1.1553,0.6858,1.4537,1.0502,0.3436,0.1358,0.0705,0.0481,0.1686,0.0864,0.372,0.1693
7849,-118.465,34.305,0.1375,0.0423,0.1035,0.0484,1.2046,0.729,1.5038,1.0279,0.3501,0.1395,0.0695,0.0486,0.168,0.0863,0.3723,0.1688
7850,-118.455,34.305,0.135,0.0408,0.103,0.0479,1.243,0.7545,1.5559,0.9855,0.3519,0.14,0.0671,0.0477,0.1636,0.0835,0.3737,0.1692
7851,-118.445,34.305,0.1333,0.0396,0.1005,0.0463,1.2795,0.7783,1.5875,0.9416,0.3525,0.1397,0.0655,0.0473,0.1593,0.0809,0.373,0.1679
7852,-118.435,34.305,0.1309,0.0382,0.0961,0.0435,1.3141,0.8003,1.5987,0.8962,0.3471,0.1355,0.0646,0.0474,0.1552,0.0784,0.3699,0.1648
7853,-118.425,34.305,0.1308,0.0376,0.0952,0.043,1.3476,0.8249,1.5455,0.8464,0.343,0.1324,0.0656,0.0492,0.1527,0.0769,0.3673,0.1621
7854,-118.415,34.305,0.1382,0.04,0.0934,0.042,1.364,0.8292,1.4644,0.7809,0.3536,0.1383,0.0658,0.0502,0.1479,0.0741,0.3703,0.1637
7855,-118.405,34.305,0.1317,0.0371,0.0836,0.0364,1.2982,0.7323,1.3119,0.643,0.3328,0.1262,0.0608,0.0459,0.1308,0.0633,0.3468,0.1478
7856,-118.395,34.305,0.1236,0.0337,0.079,0.0339,1.2698,0.6815,1.1878,0.5551,0.3085,0.1125,0.0603,0.0456,0.1221,0.058,0.3352,0.14
7857,-118.385,34.305,0.1294,0.0354,0.0798,0.0343,1.2788,0.6768,1.092,0.5172,0.3146,0.1156,0.0644,0.0496,0.122,0.0581,0.3332,0.1385
7858,-118.375,34.305,0.1346,0.0368,0.0794,0.0341,1.2347,0.6324,0.9821,0.4652,0.3179,0.1171,0.0654,0.0496,0.1174,0.0557,0.3355,0.1395
7859,-118.365,34.305,0.1392,0.0381,0.0787,0.0337,1.1877,0.5859,0.8774,0.4154,0.3178,0.1167,0.0659,0.0489,0.1127,0.0532,0.3266,0.1338
7860,-118.355,34.305,0.1435,0.0393,0.0773,0.033,1.1793,0.5684,0.8122,0.3899,0.3167,0.1159,0.0677,0.0481,0.1115,0.0528,0.3231,0.1312
7861,-118.345,34.305,0.1408,0.038,0.07,0.0293,1.1082,0.5111,0.7126,0.3392,0.3021,0.1082,0.0646,0.0435,0.103,0.048,0.3073,0.1224
7862,-118.335,34.305,0.113,0.0286,0.057,0.0225,0.9746,0.414,0.5786,0.263,0.2382,0.0792,0.0568,0.0352,0.0872,0.0388,0.2739,0.1046
7863,-118.325,34.305,0.1093,0.0271,0.0534,0.0208,0.9611,0.3961,0.5324,0.2421,0.2265,0.0734,0.0564,0.0334,0.0845,0.0374,0.2584,0.0969
7864,-118.315,34.305,0.1123,0.0278,0.052,0.0201,0.9781,0.398,0.5082,0.2344,0.2292,0.074,0.0575,0.0331,0.0849,0.0378,0.2593,0.0971
7865,-118.305,34.305,0.1152,0.0286,0.0514,0.0198,1.0232,0.4167,0.5045,0.2353,0.2317,0.0746,0.0586,0.0332,0.0876,0.0395,0.2653,0.0997
7866,-118.295,34.305,0.118,0.0293,0.0512,0.0197,1.0465,0.4231,0.494,0.2296,0.234,0.0751,0.0579,0.032,0.0882,0.04,0.2712,0.1022
7867,-118.285,34.305,0.1207,0.0299,0.0515,0.0198,1.048,0.4171,0.477,0.2174,0.2361,0.0755,0.0553,0.0298,0.0868,0.0393,0.2725,0.1025
7868,-118.275,34.305,0.1232,0.0305,0.0511,0.0196,1.0126,0.3949,0.4567,0.2015,0.2378,0.0759,0.0519,0.0271,0.0836,0.0376,0.2691,0.1007
7869,-118.265,34.305,0.1255,0.0311,0.0506,0.0194,0.9714,0.371,0.439,0.1865,0.2392,0.0762,0.0486,0.0246,0.0805,0.036,0.2693,0.1005
7870,-118.255,34.305,0.1275,0.0316,0.0506,0.0193,0.9395,0.355,0.4373,0.1801,0.2401,0.0764,0.0472,0.0235,0.08,0.0358,0.2728,0.1019
7871,-118.245,34.305,0.1294,0.032,0.0506,0.0193,0.8992,0.3356,0.435,0.1735,0.2406,0.0766,0.0459,0.0224,0.0793,0.0356,0.2763,0.1033
7872,-118.235,34.305,0.1309,0.0324,0.0505,0.0193,0.8506,0.3127,0.4319,0.1666,0.2409,0.0767,0.0447,0.0215,0.0787,0.0354,0.2799,0.1047
7873,-118.225,34.305,0.1323,0.0327,0.0505,0.0193,0.7981,0.2888,0.4246,0.159,0.2412,0.0769,0.0436,0.0208,0.078,0.0351,0.2835,0.1062
7874,-118.215,34.305,0.1334,0.033,0.0505,0.0192,0.7454,0.2651,0.4152,0.1511,0.2415,0.0772,0.0425,0.0201,0.0773,0.0349,0.2871,0.1076
7875,-118.205,34.305,0.1343,0.0332,0.0505,0.0192,0.6961,0.2436,0.3998,0.1424,0.242,0.0775,0.0416,0.0195,0.0766,0.0346,0.2908,0.1091
7876,-118.195,34.305,0.1351,0.0334,0.0506,0.0192,0.6495,0.2237,0.384,0.1341,0.2425,0.0778,0.0407,0.019,0.0759,0.0343,0.2948,0.1108
7877,-118.185,34.305,0.1356,0.0335,0.0506,0.0192,0.6055,0.2053,0.3678,0.1263,0.2431,0.0782,0.0398,0.0185,0.0752,0.0341,0.2991,0.1125
7878,-118.175,34.305,0.136,0.0337,0.0507,0.0193,0.5665,0.1894,0.353,0.1197,0.2439,0.0787,0.039,0.0181,0.0746,0.0338,0.3037,0.1145
7879,-118.165,34.305,0.1362,0.0338,0.0509,0.0193,0.5297,0.1746,0.339,0.1135,0.2452,0.0794,0.0382,0.0178,0.0739,0.0336,0.3087,0.1166
7880,-118.155,34.305,0.1362,0.0338,0.051,0.0194,0.4981,0.1621,0.3267,0.1084,0.2489,0.0809,0.0374,0.0175,0.0733,0.0333,0.3142,0.119
7881,-118.145,34.305,0.136,0.0339,0.0512,0.0194,0.4688,0.1507,0.3152,0.1038,0.2553,0.0832,0.0366,0.0173,0.0727,0.0331,0.3202,0.1216
7882,-118.135,34.305,0.1357,0.0339,0.0514,0.0195,0.4418,0.1403,0.3046,0.0997,0.2621,0.0858,0.0359,0.0171,0.0721,0.0329,0.3266,0.1245
7883,-118.125,34.305,0.1351,0.0339,0.0516,0.0196,0.418,0.1314,0.2951,0.0961,0.2694,0.0885,0.0352,0.0169,0.0716,0.0327,0.3334,0.1276
7884,-118.115,34.305,0.1344,0.0338,0.0518,0.0197,0.3955,0.123,0.2861,0.0927,0.2773,0.0916,0.0344,0.0168,0.071,0.0325,0.3407,0.1309
7885,-118.105,34.305,0.1334,0.0337,0.052,0.0198,0.3758,0.1158,0.2778,0.0898,0.2856,0.0948,0.0337,0.0168,0.0705,0.0323,0.3484,0.1345
7886,-118.095,34.305,0.1323,0.0335,0.0522,0.0199,0.3573,0.1091,0.2699,0.087,0.2944,0.0982,0.0329,0.0168,0.07,0.0321,0.3565,0.1382
7887,-118.085,34.305,0.131,0.0333,0.0524,0.02,0.3401,0.103,0.2624,0.0845,0.3036,0.1019,0.0322,0.0168,0.0694,0.0319,0.3648,0.1422
7888,-118.075,34.305,0.1296,0.033,0.0526,0.02,0.3247,0.0976,0.2552,0.0822,0.3127,0.1056,0.0314,0.0168,0.0689,0.0317,0.3735,0.1462
7889,-118.065,34.305,0.1281,0.0328,0.0527,0.0201,0.3099,0.0924,0.2481,0.08,0.3215,0.1092,0.0306,0.0169,0.0683,0.0315,0.3823,0.1504
7890,-118.055,34.305,0.1268,0.0325,0.0528,0.0201,0.2967,0.0879,0.2413,0.078,0.3296,0.1126,0.0298,0.0169,0.0677,0.0313,0.391,0.1546
7891,-118.045,34.305,0.1255,0.0322,0.0529,0.0202,0.2843,0.0838,0.2347,0.0762,0.3367,0.1157,0.0291,0.017,0.0671,0.0311,0.3996,0.1586
7892,-118.035,34.305,0.1243,0.032,0.053,0.0202,0.2728,0.0799,0.2283,0.0745,0.3424,0.1182,0.0285,0.017,0.0666,0.0309,0.4076,0.1624
7893,-118.025,34.305,0.1233,0.0317,0.0531,0.0203,0.2628,0.0767,0.2225,0.073,0.3465,0.1199,0.0282,0.017,0.0661,0.0307,0.4147,0.1654
7894,-118.015,34.305,0.1225,0.0316,0.0533,0.0204,0.2533,0.0737,0.2169,0.0717,0.3485,0.1207,0.028,0.0169,0.0657,0.0306,0.421,0.1679
7895,-118.005,34.305,0.122,0.0315,0.0535,0.0206,0.2451,0.0713,0.212,0.0706,0.3487,0.1207,0.0282,0.0168,0.0654,0.0305,0.427,0.1701
7896,-117.995,34.305,0.1217,0.0315,0.0538,0.0207,0.2475,0.0728,0.2162,0.0734,0.3481,0.1203,0.0296,0.0177,0.068,0.0322,0.434,0.1727
7897,-117.985,34.305,0.1299,0.0343,0.0543,0.021,0.2604,0.0782,0.2294,0.0801,0.3697,0.13,0.0325,0.0194,0.0735,0.0357,0.4575,0.1835
7898,-117.975,34.305,0.1401,0.0378,0.0607,0.0243,0.2437,0.0726,0.216,0.0752,0.3945,0.1416,0.0316,0.0184,0.0704,0.0339,0.4809,0.1945
7899,-117.965,34.305,0.1355,0.0364,0.0659,0.0269,0.2233,0.0655,0.1991,0.0688,0.3785,0.1345,0.0301,0.017,0.0661,0.0314,0.4824,0.1943
7900,-117.955,34.305,0.1195,0.0311,0.0588,0.0234,0.2137,0.0626,0.1917,0.0664,0.3313,0.1134,0.03,0.0166,0.0647,0.0307,0.4596,0.1815
7901,-117.945,34.305,0.1187,0.0309,0.055,0.0216,0.2063,0.0604,0.1862,0.0647,0.3255,0.1111,0.0301,0.0164,0.0638,0.0303,0.4588,0.1801
7902,-117.935,34.305,0.1179,0.0307,0.0545,0.0214,0.2012,0.0591,0.1825,0.0638,0.3194,0.1089,0.0306,0.0163,0.0636,0.0303,0.4625,0.1809
7903,-117.925,34.305,0.1169,0.0306,0.0545,0.0215,0.1965,0.0579,0.1791,0.063,0.3128,0.1065,0.031,0.0163,0.0633,0.0302,0.4681,0.1827
7904,-117.915,34.305,0.1159,0.0304,0.0545,0.0216,0.192,0.0568,0.1758,0.0622,0.306,0.104,0.0314,0.0164,0.0631,0.0302,0.4747,0.185
7905,-117.905,34.305,0.1148,0.0301,0.0545,0.0216,0.188,0.0557,0.1729,0.0614,0.2991,0.1016,0.0319,0.0164,0.0628,0.0302,0.4818,0.1875
7906,-117.895,34.305,0.1136,0.0299,0.0545,0.0217,0.1843,0.0548,0.1701,0.0607,0.292,0.0992,0.0324,0.0165,0.0626,0.0301,0.4893,0.1903
7907,-117.885,34.305,0.1124,0.0297,0.0545,0.0218,0.1807,0.0539,0.1675,0.0601,0.285,0.0968,0.0329,0.0165,0.0624,0.0301,0.4974,0.1934
7908,-117.875,34.305,0.111,0.0294,0.0544,0.0219,0.1775,0.0531,0.1651,0.0595,0.2779,0.0944,0.0334,0.0166,0.0622,0.0301,0.5072,0.1973
7909,-117.865,34.305,0.111,0.0296,0.0562,0.0229,0.1831,0.056,0.1712,0.0631,0.2741,0.0933,0.0358,0.018,0.0653,0.0323,0.5209,0.2031
7910,-117.855,34.305,0.1336,0.0381,0.0672,0.0289,0.2315,0.0769,0.2179,0.0873,0.3212,0.1175,0.0475,0.0253,0.0846,0.0452,0.6224,0.257
7911,-117.845,34.305,0.1708,0.0526,0.0705,0.0308,0.2343,0.0783,0.2212,0.0892,0.3965,0.159,0.0493,0.0262,0.0864,0.0464,0.6867,0.2934
7912,-117.835,34.305,0.1296,0.0371,0.0663,0.0286,0.1915,0.0602,0.181,0.0689,0.3037,0.1111,0.041,0.0205,0.0708,0.0361,0.6964,0.2984
7913,-117.825,34.305,0.1276,0.0368,0.0646,0.0278,0.2081,0.068,0.198,0.0782,0.2946,0.1083,0.0465,0.0238,0.0783,0.0414,0.645,0.2645
7914,-117.815,34.305,0.1355,0.0399,0.0627,0.0269,0.2246,0.0757,0.2148,0.0874,0.3081,0.1152,0.0518,0.027,0.0857,0.0467,0.6442,0.2615
7915,-117.805,34.305,0.1082,0.0299,0.0567,0.0238,0.1814,0.0574,0.1737,0.0665,0.2463,0.0853,0.0424,0.0208,0.0692,0.0357,0.6163,0.2453
7916,-117.795,34.305,0.1003,0.0274,0.0536,0.0223,0.1589,0.0479,0.1527,0.0558,0.2259,0.077,0.0381,0.0178,0.0608,0.0302,0.5977,0.2342
7917,-117.785,34.305,0.099,0.0272,0.0534,0.0224,0.1573,0.0474,0.1518,0.0554,0.22,0.075,0.0387,0.018,0.0606,0.0302,0.6064,0.2374
7918,-117.775,34.305,0.0976,0.0269,0.0532,0.0224,0.1557,0.0469,0.1511,0.0548,0.2142,0.0731,0.0394,0.0182,0.0604,0.0302,0.6198,0.2431
7919,-117.765,34.305,0.0962,0.0267,0.0529,0.0224,0.1541,0.0463,0.1505,0.0542,0.2085,0.0712,0.04,0.0184,0.0602,0.0302,0.6338,0.249
7920,-117.755,34.305,0.0948,0.0264,0.0526,0.0224,0.1526,0.0457,0.15,0.0535,0.2028,0.0694,0.0406,0.0185,0.06,0.0301,0.6479,0.2549
7921,-117.745,34.305,0.0933,0.0261,0.0523,0.0224,0.1511,0.0452,0.1495,0.0526,0.1973,0.0675,0.0412,0.0187,0.0597,0.0301,0.6632,0.2614
7922,-117.735,34.305,0.092,0.0259,0.052,0.0224,0.1496,0.0447,0.1491,0.0518,0.1923,0.0659,0.0417,0.0188,0.0594,0.03,0.6835,0.2705
7923,-117.725,34.305,0.0904,0.0256,0.0517,0.0223,0.148,0.044,0.1487,0.0508,0.1867,0.064,0.0422,0.0189,0.0591,0.0299,0.7072,0.2813
7924,-117.715,34.305,0.0906,0.0259,0.0512,0.0222,0.1475,0.0439,0.1496,0.0503,0.1849,0.0637,0.043,0.0192,0.0592,0.0301,0.7353,0.2945
7925,-117.705,34.305,0.0914,0.0265,0.0504,0.0219,0.1533,0.0462,0.1568,0.0526,0.1846,0.0641,0.0457,0.0207,0.0619,0.032,0.7561,0.3039
7926,-117.695,34.305,0.0853,0.0245,0.0497,0.0217,0.1517,0.0457,0.1565,0.0517,0.1703,0.0583,0.046,0.0208,0.0615,0.0319,0.7474,0.2974
7927,-117.685,34.305,0.0836,0.0241,0.049,0.0215,0.1428,0.0422,0.1486,0.0475,0.1652,0.0566,0.0438,0.0195,0.0581,0.0298,0.7575,0.301
7928,-117.675,34.305,0.082,0.0237,0.0484,0.0213,0.139,0.0409,0.1458,0.0459,0.1604,0.0549,0.0433,0.0192,0.0568,0.0291,0.7716,0.3065
7929,-117.665,34.305,0.0803,0.0234,0.0479,0.0211,0.1372,0.0403,0.1452,0.0452,0.1557,0.0533,0.0434,0.0192,0.0564,0.0289,0.7918,0.3151
7930,-117.655,34.305,0.0807,0.0238,0.0482,0.0215,0.1402,0.0416,0.1494,0.0468,0.155,0.0534,0.045,0.0202,0.0581,0.0301,0.8218,0.3287
7931,-118.945,34.315,0.0817,0.0342,0.0756,0.04,0.2489,0.1155,0.4989,0.2375,0.1387,0.0546,0.0308,0.0389,0.2159,0.1061,0.2411,0.1092
7932,-118.935,34.315,0.0829,0.0345,0.0762,0.0402,0.2536,0.1178,0.5167,0.2447,0.141,0.0555,0.0305,0.038,0.215,0.1056,0.246,0.1119
7933,-118.925,34.315,0.0844,0.0349,0.0768,0.0404,0.2585,0.1202,0.5354,0.2518,0.1438,0.0567,0.0303,0.0374,0.2141,0.1051,0.2481,0.1125
7934,-118.915,34.315,0.0862,0.0355,0.0773,0.0405,0.2635,0.1225,0.5544,0.2589,0.1472,0.058,0.0301,0.037,0.2132,0.1046,0.2521,0.1145
7935,-118.905,34.315,0.088,0.0362,0.0777,0.0406,0.2686,0.1249,0.574,0.266,0.1503,0.0593,0.03,0.0367,0.2123,0.1041,0.2557,0.1163
7936,-118.895,34.315,0.0898,0.0368,0.0781,0.0407,0.2738,0.1273,0.5938,0.274,0.1535,0.0606,0.0299,0.0364,0.2114,0.1036,0.2592,0.118
7937,-118.885,34.315,0.0916,0.0373,0.0785,0.0407,0.2791,0.1298,0.6139,0.2826,0.1566,0.0619,0.0298,0.0361,0.2105,0.1031,0.2624,0.1196
7938,-118.875,34.315,0.0932,0.0379,0.0789,0.0409,0.2817,0.1304,0.6294,0.2903,0.1596,0.0631,0.0293,0.0353,0.2073,0.101,0.2649,0.1207
7939,-118.865,34.315,0.0914,0.0366,0.0787,0.0406,0.2819,0.1293,0.6408,0.2954,0.1573,0.0614,0.0286,0.0341,0.2023,0.0976,0.2578,0.115
7940,-118.855,34.315,0.0848,0.0329,0.0748,0.0379,0.2732,0.1223,0.6364,0.2891,0.1476,0.0558,0.0267,0.0315,0.1908,0.0901,0.2533,0.1112
7941,-118.845,34.315,0.0863,0.0333,0.0732,0.0368,0.2719,0.1202,0.6442,0.2937,0.1504,0.0568,0.0258,0.03,0.1846,0.0861,0.2545,0.1114
7942,-118.835,34.315,0.0878,0.0338,0.074,0.0371,0.2781,0.1228,0.6643,0.309,0.1532,0.0578,0.0258,0.0299,0.1838,0.0857,0.257,0.1127
7943,-118.825,34.315,0.0905,0.0348,0.073,0.0364,0.2883,0.128,0.691,0.3297,0.158,0.0598,0.0262,0.0305,0.1853,0.0869,0.2574,0.1125
7944,-118.815,34.315,0.0907,0.0346,0.0715,0.0353,0.2956,0.1313,0.7123,0.3455,0.1586,0.0597,0.0263,0.0306,0.1849,0.0868,0.2538,0.1098
7945,-118.805,34.315,0.0848,0.0315,0.0695,0.034,0.2846,0.1232,0.7006,0.3317,0.1493,0.0546,0.0247,0.0281,0.1725,0.0793,0.2486,0.1059
7946,-118.795,34.315,0.0856,0.0316,0.0687,0.0333,0.2827,0.1206,0.7114,0.3339,0.1508,0.0549,0.0241,0.0271,0.1659,0.0753,0.2468,0.1043
7947,-118.785,34.315,0.087,0.032,0.0691,0.0334,0.2898,0.1233,0.7448,0.3519,0.1535,0.0558,0.0247,0.0275,0.1651,0.0749,0.2499,0.1057
7948,-118.775,34.315,0.0897,0.033,0.0707,0.0343,0.3048,0.1306,0.7966,0.3841,0.1584,0.0577,0.0263,0.0291,0.1683,0.0771,0.2549,0.1084
7949,-118.765,34.315,0.0935,0.0346,0.0722,0.0351,0.3194,0.1377,0.8489,0.416,0.1653,0.0606,0.0279,0.0307,0.1711,0.079,0.2593,0.1107
7950,-118.755,34.315,0.0933,0.0342,0.0725,0.0352,0.3246,0.139,0.8848,0.4324,0.1657,0.0603,0.0285,0.0307,0.1678,0.0771,0.2606,0.111
7951,-118.745,34.315,0.0942,0.0344,0.0729,0.0352,0.3324,0.1418,0.9271,0.4536,0.168,0.061,0.029,0.0306,0.1656,0.0759,0.2615,0.1112
7952,-118.735,34.315,0.0949,0.0344,0.0732,0.0353,0.3428,0.1461,0.9759,0.4795,0.1698,0.0614,0.0295,0.0305,0.1643,0.0753,0.2627,0.1115
7953,-118.725,34.315,0.0959,0.0346,0.0758,0.0366,0.3771,0.166,1.0677,0.5561,0.1724,0.0621,0.0323,0.0334,0.1743,0.0819,0.2666,0.1135
7954,-118.715,34.315,0.1059,0.039,0.0777,0.0376,0.4066,0.1825,1.1487,0.6212,0.1894,0.0702,0.0346,0.0355,0.1817,0.0868,0.2729,0.117
7955,-118.705,34.315,0.094,0.0332,0.0745,0.0355,0.3883,0.1676,1.1336,0.5791,0.1707,0.0603,0.0318,0.031,0.1644,0.0761,0.261,0.1095
7956,-118.695,34.315,0.095,0.0333,0.0736,0.0348,0.3876,0.1639,1.1481,0.5716,0.1732,0.061,0.0307,0.0287,0.1554,0.0707,0.2595,0.1081
7957,-118.685,34.315,0.0958,0.0334,0.075,0.0355,0.4046,0.1715,1.1922,0.5988,0.1753,0.0614,0.0314,0.0286,0.1548,0.0705,0.2606,0.1083
7958,-118.675,34.315,0.0983,0.0342,0.0759,0.0359,0.4482,0.1967,1.2699,0.6762,0.18,0.0631,0.0347,0.0311,0.1647,0.0769,0.2618,0.1087
7959,-118.665,34.315,0.1104,0.0393,0.0768,0.0362,0.4942,0.2238,1.3434,0.7549,0.2002,0.0725,0.0381,0.0338,0.1751,0.0838,0.2673,0.1115
7960,-118.655,34.315,0.1145,0.0409,0.0781,0.0369,0.5247,0.2419,1.3637,0.7902,0.2067,0.0753,0.04,0.0346,0.1782,0.0863,0.2689,0.1118
7961,-118.645,34.315,0.1158,0.0411,0.0805,0.0381,0.5537,0.2584,1.3768,0.8132,0.2088,0.0756,0.0415,0.035,0.1799,0.0878,0.2703,0.1119
7962,-118.635,34.315,0.1188,0.042,0.084,0.04,0.5813,0.2733,1.3826,0.824,0.214,0.0775,0.0428,0.0349,0.1801,0.0882,0.2729,0.1126
7963,-118.625,34.315,0.1218,0.043,0.0858,0.0409,0.6135,0.2917,1.394,0.8395,0.2199,0.0798,0.0443,0.0352,0.1809,0.0891,0.2781,0.1149
7964,-118.615,34.315,0.1225,0.0429,0.0873,0.0416,0.6472,0.3112,1.407,0.8562,0.2233,0.0809,0.0458,0.0355,0.1818,0.09,0.2819,0.1166
7965,-118.605,34.315,0.1237,0.043,0.088,0.0419,0.6828,0.3325,1.4224,0.8731,0.2291,0.0834,0.0474,0.036,0.1823,0.0906,0.2878,0.1198
7966,-118.595,34.315,0.1263,0.0438,0.0899,0.0429,0.72,0.3555,1.4377,0.8915,0.2389,0.0881,0.0492,0.0367,0.1827,0.0913,0.2962,0.1247
7967,-118.585,34.315,0.1281,0.0441,0.0931,0.0446,0.7587,0.3803,1.453,0.9114,0.2484,0.0925,0.0511,0.0375,0.1831,0.0919,0.3066,0.1311
7968,-118.575,34.315,0.1303,0.0446,0.0976,0.0472,0.8,0.4078,1.47,0.9343,0.2589,0.0978,0.0531,0.0385,0.1832,0.0924,0.3178,0.138
7969,-118.565,34.315,0.1332,0.0455,0.1018,0.0496,0.8427,0.4369,1.4871,0.9599,0.2707,0.1038,0.0552,0.0396,0.1836,0.093,0.3298,0.1458
7970,-118.555,34.315,0.1345,0.0455,0.1032,0.0503,0.8892,0.4712,1.5023,0.9956,0.2795,0.1082,0.0577,0.041,0.1846,0.0941,0.3409,0.1529
7971,-118.545,34.315,0.1357,0.0456,0.1044,0.0508,0.9347,0.5048,1.5168,1.033,0.2877,0.1121,0.06,0.0422,0.1848,0.0946,0.3498,0.1584
7972,-118.535,34.315,0.1367,0.0455,0.1055,0.0513,0.979,0.5379,1.5307,1.0723,0.2953,0.1155,0.0621,0.0431,0.1841,0.0945,0.3562,0.1621
7973,-118.525,34.315,0.1378,0.0454,0.1066,0.0518,1.0235,0.5734,1.5372,1.1164,0.3026,0.1189,0.0646,0.0442,0.1832,0.0943,0.3623,0.1654
7974,-118.515,34.315,0.1395,0.0457,0.1082,0.0526,1.0685,0.6123,1.5371,1.1629,0.3109,0.1228,0.0675,0.0456,0.1828,0.0945,0.3694,0.1697
7975,-118.505,34.315,0.1436,0.047,0.1118,0.0548,1.1156,0.6648,1.5122,1.2159,0.3229,0.1292,0.0723,0.0483,0.1855,0.0969,0.378,0.1752
7976,-118.495,34.315,0.1474,0.0482,0.1123,0.0549,1.1608,0.7142,1.4866,1.2231,0.3346,0.1355,0.0758,0.0504,0.1867,0.0983,0.3852,0.1797
7977,-118.485,34.315,0.1472,0.0475,0.1096,0.0529,1.2039,0.7605,1.4602,1.1844,0.3402,0.1381,0.0782,0.0518,0.1865,0.0985,0.3865,0.1794
7978,-118.475,34.315,0.1423,0.0448,0.1074,0.0513,1.2478,0.7846,1.5052,1.1205,0.3386,0.136,0.0753,0.05,0.1802,0.0943,0.3855,0.1775
7979,-118.465,34.315,0.1379,0.0424,0.1049,0.0496,1.2919,0.8054,1.5655,1.0553,0.3371,0.1343,0.0716,0.0478,0.173,0.0893,0.3829,0.1745
7980,-118.455,34.315,0.1347,0.0406,0.1008,0.047,1.3364,0.832,1.6283,1.0085,0.3365,0.1333,0.0688,0.0463,0.1671,0.0855,0.3781,0.17
7981,-118.445,34.315,0.1333,0.0395,0.0972,0.0447,1.3824,0.8632,1.6688,0.9668,0.3369,0.133,0.0671,0.0457,0.1621,0.0823,0.3749,0.1668
7982,-118.435,34.315,0.1327,0.0388,0.094,0.0427,1.4299,0.8988,1.6868,0.93,0.3353,0.1314,0.0664,0.0463,0.1579,0.0797,0.3728,0.1644
7983,-118.425,34.315,0.1338,0.0387,0.0943,0.0429,1.4817,0.9485,1.6075,0.8798,0.3346,0.1304,0.0678,0.0489,0.1562,0.0789,0.3723,0.1633
7984,-118.415,34.315,0.1406,0.0408,0.0932,0.0422,1.5163,0.9743,1.5017,0.8125,0.3439,0.1357,0.0685,0.0507,0.1521,0.0765,0.3741,0.1639
7985,-118.405,34.315,0.1346,0.0381,0.0819,0.0358,1.4628,0.8697,1.3638,0.6756,0.3258,0.1252,0.0632,0.0462,0.1343,0.0652,0.3451,0.145
7986,-118.395,34.315,0.1215,0.0327,0.0739,0.0314,1.4267,0.8001,1.2429,0.5816,0.2925,0.1062,0.0617,0.0449,0.1237,0.0586,0.3229,0.1315
7987,-118.385,34.315,0.1233,0.033,0.0693,0.029,1.408,0.7657,1.1389,0.5305,0.2901,0.1048,0.0638,0.0466,0.1203,0.0567,0.3135,0.126
7988,-118.375,34.315,0.1297,0.0349,0.07,0.0293,1.2632,0.6451,0.9587,0.4342,0.2966,0.1081,0.0595,0.0421,0.1066,0.049,0.3197,0.1289
7989,-118.365,34.315,0.1061,0.0269,0.0713,0.03,1.1172,0.5256,0.7843,0.3419,0.2379,0.0811,0.0552,0.0372,0.0931,0.0414,0.3067,0.1216
7990,-118.355,34.315,0.1071,0.027,0.0706,0.0296,1.0919,0.4978,0.7151,0.3145,0.2332,0.079,0.0568,0.037,0.091,0.0405,0.3029,0.1193
7991,-118.345,34.315,0.1181,0.0302,0.0675,0.0281,1.0762,0.4757,0.6564,0.2908,0.2496,0.0855,0.0587,0.0369,0.0892,0.0396,0.298,0.1165
7992,-118.335,34.315,0.1108,0.0276,0.0622,0.0255,1.0701,0.4595,0.6082,0.271,0.2299,0.0765,0.0609,0.0369,0.0878,0.0389,0.2875,0.1109
7993,-118.325,34.315,0.1099,0.0271,0.0584,0.0235,1.0828,0.4566,0.5779,0.2602,0.2245,0.0738,0.0633,0.0371,0.0881,0.0392,0.2826,0.1085
7994,-118.315,34.315,0.1189,0.0297,0.0551,0.0217,1.1154,0.4659,0.5603,0.2562,0.2389,0.0795,0.066,0.0379,0.0902,0.0405,0.2856,0.1097
7995,-118.305,34.315,0.1368,0.0352,0.0529,0.0207,1.2264,0.5212,0.587,0.2762,0.2703,0.0927,0.0707,0.0405,0.099,0.0457,0.2894,0.1111
7996,-118.295,34.315,0.1433,0.0371,0.0515,0.02,1.271,0.5382,0.5839,0.2758,0.2787,0.0962,0.0705,0.0398,0.1016,0.0474,0.2909,0.1114
7997,-118.285,34.315,0.1387,0.0354,0.0508,0.0196,1.2492,0.5168,0.5512,0.2548,0.267,0.0903,0.0655,0.0358,0.0981,0.0455,0.2872,0.1091
7998,-118.275,34.315,0.1195,0.0292,0.0506,0.0195,1.1467,0.4575,0.4972,0.2209,0.2282,0.0734,0.0578,0.0304,0.0895,0.0408,0.2807,0.1057
7999,-118.265,34.315,0.1217,0.0297,0.0505,0.0194,1.0409,0.3983,0.4477,0.1893,0.2294,0.0737,0.0507,0.0255,0.0814,0.0363,0.2796,0.1048
8000,-118.255,34.315,0.1235,0.0301,0.0504,0.0194,0.9997,0.3779,0.4413,0.182,0.2301,0.0739,0.0491,0.0242,0.0808,0.0361,0.2831,0.1062
8001,-118.245,34.315,0.1252,0.0305,0.0504,0.0194,0.95,0.3542,0.4346,0.1747,0.2306,0.074,0.0476,0.0231,0.0801,0.0359,0.2867,0.1076
8002,-118.235,34.315,0.1267,0.0309,0.0503,0.0193,0.8918,0.3275,0.4276,0.1673,0.2308,0.0741,0.0462,0.0221,0.0795,0.0356,0.2905,0.1091
8003,-118.225,34.315,0.1279,0.0312,0.0503,0.0193,0.8313,0.3006,0.4179,0.1595,0.2311,0.0742,0.045,0.0212,0.0788,0.0354,0.2943,0.1107
8004,-118.215,34.315,0.129,0.0315,0.0503,0.0193,0.7715,0.2743,0.4072,0.1517,0.2314,0.0744,0.0438,0.0205,0.0782,0.0351,0.2982,0.1123
8005,-118.205,34.315,0.1299,0.0317,0.0503,0.0193,0.7178,0.2511,0.3934,0.1436,0.2318,0.0747,0.0428,0.0199,0.0775,0.0349,0.3023,0.1139
8006,-118.195,34.315,0.1306,0.0319,0.0503,0.0193,0.6672,0.2297,0.3791,0.1359,0.2323,0.075,0.0418,0.0193,0.0768,0.0346,0.3066,0.1156
8007,-118.185,34.315,0.1311,0.0321,0.0503,0.0193,0.6197,0.2101,0.3643,0.1286,0.2329,0.0754,0.0409,0.0188,0.0761,0.0343,0.3112,0.1176
8008,-118.175,34.315,0.1314,0.0322,0.0504,0.0193,0.5782,0.1934,0.3504,0.1221,0.2337,0.0758,0.04,0.0184,0.0754,0.0341,0.3161,0.1197
8009,-118.165,34.315,0.1315,0.0323,0.0505,0.0193,0.5392,0.1778,0.3369,0.116,0.2351,0.0765,0.0391,0.0181,0.0748,0.0338,0.3214,0.1219
8010,-118.155,34.315,0.1315,0.0324,0.0506,0.0194,0.5057,0.1649,0.3248,0.1109,0.2395,0.0781,0.0383,0.0178,0.0742,0.0336,0.3272,0.1245
8011,-118.145,34.315,0.1313,0.0324,0.0508,0.0194,0.4749,0.153,0.3134,0.1061,0.2454,0.0803,0.0375,0.0176,0.0735,0.0334,0.3334,0.1272
8012,-118.135,34.315,0.131,0.0324,0.0509,0.0195,0.4468,0.1424,0.3027,0.1019,0.2517,0.0827,0.0367,0.0174,0.0729,0.0331,0.3401,0.1302
8013,-118.125,34.315,0.1304,0.0324,0.0511,0.0195,0.4222,0.1332,0.2931,0.0981,0.2584,0.0853,0.0359,0.0173,0.0724,0.0329,0.3471,0.1334
8014,-118.115,34.315,0.1296,0.0323,0.0512,0.0196,0.3989,0.1246,0.2839,0.0946,0.2657,0.0881,0.035,0.0172,0.0718,0.0327,0.3547,0.1368
8015,-118.105,34.315,0.1288,0.0322,0.0514,0.0197,0.3786,0.1172,0.2755,0.0916,0.2734,0.0911,0.0342,0.0171,0.0712,0.0325,0.3627,0.1405
8016,-118.095,34.315,0.1277,0.032,0.0516,0.0197,0.3597,0.1104,0.2675,0.0888,0.2816,0.0943,0.0334,0.0171,0.0706,0.0323,0.3712,0.1444
8017,-118.085,34.315,0.1265,0.0318,0.0517,0.0198,0.3421,0.1042,0.2598,0.0861,0.29,0.0977,0.0325,0.0171,0.07,0.0321,0.3799,0.1486
8018,-118.075,34.315,0.125,0.0316,0.0518,0.0198,0.3262,0.0986,0.2525,0.0837,0.2984,0.1011,0.0316,0.0172,0.0694,0.0319,0.3892,0.153
8019,-118.065,34.315,0.1236,0.0313,0.0519,0.0199,0.3111,0.0934,0.2453,0.0814,0.3065,0.1046,0.0307,0.0172,0.0688,0.0316,0.3988,0.1576
8020,-118.055,34.315,0.1223,0.031,0.0519,0.0199,0.2975,0.0887,0.2384,0.0793,0.3141,0.108,0.0298,0.0173,0.0682,0.0314,0.4085,0.1624
8021,-118.045,34.315,0.1209,0.0307,0.0519,0.0199,0.2847,0.0845,0.2317,0.0773,0.321,0.111,0.029,0.0174,0.0675,0.0311,0.4181,0.167
8022,-118.035,34.315,0.1195,0.0304,0.0519,0.0199,0.2728,0.0805,0.2251,0.0754,0.3265,0.1135,0.0282,0.0174,0.0669,0.0309,0.4272,0.1714
8023,-118.025,34.315,0.1184,0.0302,0.052,0.02,0.2627,0.0772,0.2195,0.0739,0.3301,0.1152,0.0279,0.0174,0.0664,0.0307,0.4347,0.1747
8024,-118.015,34.315,0.1178,0.0301,0.0521,0.0201,0.2532,0.0743,0.2141,0.0725,0.3315,0.1156,0.0278,0.0174,0.066,0.0306,0.441,0.177
8025,-118.005,34.315,0.1174,0.0301,0.0524,0.0203,0.2453,0.0719,0.2096,0.0715,0.331,0.1151,0.028,0.0172,0.0658,0.0306,0.4464,0.1787
8026,-117.995,34.315,0.1169,0.03,0.0528,0.0205,0.2393,0.0702,0.2065,0.071,0.3291,0.1141,0.0286,0.0172,0.066,0.0308,0.4521,0.1805
8027,-117.985,34.315,0.1167,0.0301,0.0532,0.0207,0.2353,0.0693,0.2049,0.0712,0.3268,0.1129,0.0294,0.0174,0.0666,0.0313,0.468,0.1872
8028,-117.975,34.315,0.1296,0.0344,0.0577,0.023,0.2364,0.0703,0.2075,0.0732,0.3594,0.1274,0.0309,0.018,0.0687,0.0326,0.4893,0.197
8029,-117.965,34.315,0.128,0.034,0.0612,0.0248,0.2353,0.0704,0.2081,0.0743,0.3518,0.1242,0.0321,0.0184,0.07,0.0335,0.493,0.1977
8030,-117.955,34.315,0.115,0.0298,0.056,0.0223,0.2181,0.0646,0.1941,0.0688,0.3135,0.1073,0.0309,0.0172,0.0663,0.0315,0.4748,0.1872
8031,-117.945,34.315,0.1144,0.0297,0.0535,0.021,0.207,0.061,0.1854,0.0657,0.3083,0.1053,0.0306,0.0166,0.0643,0.0304,0.4762,0.1868
8032,-117.935,34.315,0.1136,0.0295,0.0535,0.0211,0.2019,0.0596,0.1818,0.0648,0.3029,0.1033,0.031,0.0166,0.0641,0.0304,0.4815,0.1884
8033,-117.925,34.315,0.1127,0.0294,0.0536,0.0212,0.1972,0.0584,0.1785,0.0639,0.2972,0.1012,0.0315,0.0166,0.0638,0.0304,0.4881,0.1906
8034,-117.915,34.315,0.1117,0.0292,0.0536,0.0213,0.1927,0.0572,0.1753,0.0631,0.2913,0.099,0.032,0.0166,0.0636,0.0303,0.4952,0.1931
8035,-117.905,34.315,0.1107,0.029,0.0536,0.0214,0.1887,0.0562,0.1724,0.0624,0.2853,0.0969,0.0324,0.0166,0.0634,0.0303,0.5029,0.1959
8036,-117.895,34.315,0.1096,0.0288,0.0537,0.0215,0.1849,0.0552,0.1697,0.0616,0.2791,0.0948,0.0329,0.0167,0.0631,0.0303,0.5111,0.1989
8037,-117.885,34.315,0.1085,0.0286,0.0536,0.0216,0.1813,0.0543,0.1671,0.061,0.2731,0.0927,0.0335,0.0168,0.0629,0.0303,0.52,0.2023
8038,-117.875,34.315,0.1074,0.0284,0.0536,0.0217,0.1781,0.0535,0.1648,0.0604,0.2669,0.0907,0.034,0.0169,0.0627,0.0303,0.5302,0.2063
8039,-117.865,34.315,0.1065,0.0283,0.0553,0.0227,0.1799,0.0546,0.1672,0.062,0.2616,0.0889,0.0356,0.0176,0.0643,0.0314,0.543,0.2117
8040,-117.855,34.315,0.1174,0.0323,0.065,0.028,0.2055,0.0653,0.192,0.0746,0.2836,0.0997,0.0423,0.0216,0.0748,0.0381,0.6375,0.2612
8041,-117.845,34.315,0.1565,0.0474,0.0696,0.0306,0.2133,0.0687,0.2,0.0788,0.3644,0.1432,0.0452,0.0231,0.0785,0.0406,0.7251,0.3139
8042,-117.835,34.315,0.1337,0.0388,0.0692,0.0306,0.2033,0.0648,0.1912,0.0748,0.3125,0.116,0.0444,0.0223,0.0756,0.0388,0.744,0.3253
8043,-117.825,34.315,0.1015,0.0274,0.0644,0.028,0.1876,0.059,0.1772,0.0684,0.2376,0.081,0.0422,0.0208,0.0704,0.0358,0.6484,0.2611
8044,-117.815,34.315,0.1042,0.0286,0.059,0.0252,0.1723,0.0534,0.1634,0.0622,0.2407,0.083,0.04,0.0192,0.0654,0.0328,0.6433,0.2573
8045,-117.805,34.315,0.101,0.0277,0.055,0.0232,0.1645,0.0503,0.1566,0.0589,0.2306,0.0791,0.0392,0.0185,0.0629,0.0313,0.6333,0.2507
8046,-117.795,34.315,0.098,0.0268,0.053,0.0222,0.1598,0.0484,0.1528,0.057,0.2212,0.0756,0.0393,0.0183,0.0616,0.0305,0.6314,0.2483
8047,-117.785,34.315,0.0969,0.0267,0.0529,0.0223,0.1582,0.0479,0.152,0.0567,0.2159,0.0739,0.0401,0.0186,0.0615,0.0306,0.6438,0.2533
8048,-117.775,34.315,0.0957,0.0265,0.0527,0.0223,0.1567,0.0474,0.1514,0.0562,0.2108,0.0722,0.0409,0.0188,0.0613,0.0306,0.6596,0.2601
8049,-117.765,34.315,0.0945,0.0263,0.0525,0.0223,0.1552,0.0469,0.1509,0.0556,0.2057,0.0706,0.0417,0.0191,0.0612,0.0306,0.6761,0.2673
8050,-117.755,34.315,0.0933,0.0261,0.0522,0.0223,0.1537,0.0463,0.1505,0.0549,0.2006,0.0689,0.0424,0.0194,0.061,0.0306,0.6928,0.2746
8051,-117.745,34.315,0.092,0.0259,0.052,0.0224,0.1524,0.0458,0.1503,0.0542,0.1956,0.0672,0.0432,0.0197,0.0608,0.0306,0.7118,0.2829
8052,-117.735,34.315,0.091,0.0257,0.0517,0.0224,0.1513,0.0454,0.1504,0.0534,0.1913,0.0659,0.0441,0.02,0.0607,0.0307,0.7403,0.2962
8053,-117.725,34.315,0.1203,0.0373,0.0514,0.0223,0.1494,0.0447,0.1498,0.0522,0.2468,0.0936,0.0446,0.0202,0.0603,0.0305,0.7763,0.3137
8054,-117.715,34.315,0.0914,0.0264,0.0513,0.0224,0.1513,0.0454,0.1532,0.0527,0.1876,0.0654,0.0464,0.0211,0.0615,0.0314,0.814,0.3322
8055,-117.705,34.315,0.1048,0.0317,0.0521,0.023,0.1728,0.0538,0.1768,0.0619,0.212,0.0772,0.0544,0.0257,0.0707,0.0377,0.8401,0.3445
8056,-117.695,34.315,0.0929,0.0275,0.052,0.0231,0.1721,0.0535,0.1775,0.0613,0.1864,0.0661,0.0551,0.0261,0.0707,0.0378,0.8325,0.3383
8057,-117.685,34.315,0.0848,0.0247,0.0509,0.0227,0.1493,0.0445,0.1554,0.0507,0.1687,0.0584,0.0485,0.0221,0.0615,0.0318,0.8485,0.3449
8058,-117.675,34.315,0.0861,0.0254,0.0508,0.0227,0.1419,0.0417,0.1491,0.0474,0.1695,0.0592,0.0468,0.0212,0.0587,0.0301,0.8709,0.355
8059,-117.665,34.315,0.0802,0.0235,0.0512,0.0231,0.1383,0.0404,0.1465,0.0459,0.1566,0.054,0.0462,0.021,0.0575,0.0294,0.9008,0.3692
8060,-117.655,34.315,0.079,0.0233,0.0533,0.0245,0.137,0.04,0.1463,0.0457,0.1529,0.0527,0.0464,0.0211,0.0573,0.0294,0.9402,0.3884
8061,-118.945,34.325,0.0805,0.0336,0.075,0.0398,0.2496,0.1159,0.5011,0.2417,0.1346,0.0527,0.0305,0.0387,0.219,0.1074,0.2405,0.1082
8062,-118.935,34.325,0.0823,0.0342,0.0756,0.04,0.2544,0.1183,0.5191,0.2497,0.1382,0.0543,0.0299,0.0376,0.2181,0.1069,0.2455,0.1109
8063,-118.925,34.325,0.0841,0.0349,0.0762,0.0402,0.2594,0.1207,0.5378,0.2577,0.1416,0.0558,0.0296,0.0368,0.2173,0.1064,0.2499,0.1132
8064,-118.915,34.325,0.0859,0.0355,0.0767,0.0403,0.2645,0.1232,0.5567,0.2657,0.1448,0.0572,0.0293,0.0361,0.2163,0.1059,0.254,0.1153
8065,-118.905,34.325,0.0876,0.0361,0.0771,0.0404,0.2696,0.1256,0.5757,0.2737,0.148,0.0585,0.0292,0.0357,0.2154,0.1054,0.2579,0.1172
8066,-118.895,34.325,0.0893,0.0366,0.0775,0.0405,0.2749,0.1281,0.5947,0.2821,0.151,0.0597,0.0291,0.0353,0.2145,0.1049,0.2614,0.1189
8067,-118.885,34.325,0.091,0.0371,0.0778,0.0405,0.2802,0.1306,0.6136,0.2911,0.154,0.0609,0.029,0.0351,0.2136,0.1044,0.2646,0.1204
8068,-118.875,34.325,0.0925,0.0376,0.0761,0.0392,0.2841,0.1321,0.6298,0.2995,0.1568,0.062,0.0288,0.0346,0.2113,0.1029,0.266,0.1206
8069,-118.865,34.325,0.0878,0.0348,0.0745,0.038,0.2869,0.1327,0.6438,0.3068,0.1501,0.0579,0.0285,0.034,0.2081,0.1009,0.2597,0.1154
8070,-118.855,34.325,0.0864,0.0338,0.0751,0.0383,0.2855,0.1307,0.6501,0.3093,0.1482,0.0565,0.0277,0.0327,0.2018,0.0969,0.2583,0.1138
8071,-118.845,34.325,0.0955,0.0381,0.0764,0.039,0.2882,0.1312,0.6629,0.3178,0.1627,0.0638,0.0274,0.0321,0.1983,0.0947,0.2644,0.1173
8072,-118.835,34.325,0.0983,0.0392,0.0783,0.0401,0.2948,0.1342,0.6823,0.3322,0.1674,0.0658,0.0276,0.0321,0.1976,0.0943,0.2691,0.1199
8073,-118.825,34.325,0.0999,0.0397,0.0788,0.0404,0.3041,0.1389,0.7058,0.3505,0.1703,0.0669,0.0281,0.0326,0.1984,0.095,0.2726,0.1216
8074,-118.815,34.325,0.1007,0.0397,0.0785,0.04,0.312,0.1426,0.7264,0.3661,0.1719,0.0672,0.0284,0.0329,0.198,0.0949,0.2712,0.12
8075,-118.805,34.325,0.0975,0.0378,0.0748,0.0375,0.3094,0.1397,0.7277,0.3648,0.1675,0.0642,0.0278,0.0317,0.1906,0.0905,0.2668,0.1163
8076,-118.795,34.325,0.0957,0.0365,0.0733,0.0364,0.3121,0.1399,0.742,0.3726,0.1651,0.0624,0.0279,0.0314,0.1864,0.088,0.2639,0.114
8077,-118.785,34.325,0.0978,0.0373,0.074,0.0366,0.32,0.1432,0.7693,0.3896,0.1687,0.0638,0.0285,0.0319,0.1854,0.0875,0.2679,0.1159
8078,-118.775,34.325,0.107,0.0415,0.0774,0.0386,0.3327,0.1494,0.8104,0.4166,0.1832,0.0711,0.0299,0.033,0.1867,0.0885,0.2742,0.1194
8079,-118.765,34.325,0.1084,0.0419,0.0807,0.0406,0.3453,0.1554,0.8533,0.4443,0.186,0.072,0.0312,0.0341,0.1877,0.0892,0.2797,0.1224
8080,-118.755,34.325,0.1096,0.0421,0.0811,0.0407,0.3533,0.1585,0.8909,0.4656,0.1886,0.0728,0.0319,0.0343,0.1853,0.0879,0.281,0.1227
8081,-118.745,34.325,0.1106,0.0423,0.0816,0.0408,0.3631,0.1627,0.9336,0.4909,0.191,0.0735,0.0326,0.0344,0.1835,0.087,0.282,0.1228
8082,-118.735,34.325,0.1116,0.0424,0.082,0.0409,0.3749,0.1679,0.9814,0.52,0.1932,0.0741,0.0333,0.0345,0.1823,0.0864,0.283,0.123
8083,-118.725,34.325,0.1124,0.0425,0.0814,0.0403,0.3984,0.1806,1.0515,0.5739,0.1954,0.0746,0.0351,0.0358,0.1862,0.0891,0.2841,0.1232
8084,-118.715,34.325,0.1095,0.0407,0.0807,0.0396,0.4199,0.1919,1.1169,0.623,0.1915,0.0718,0.0365,0.0367,0.1888,0.0909,0.2846,0.1231
8085,-118.705,34.325,0.1077,0.0395,0.0803,0.0392,0.4201,0.1892,1.137,0.6237,0.1896,0.0701,0.0356,0.0346,0.18,0.0856,0.2778,0.1183
8086,-118.695,34.325,0.1118,0.0411,0.0815,0.0398,0.4298,0.1924,1.1707,0.641,0.1965,0.0732,0.0356,0.0335,0.1753,0.0828,0.2781,0.118
8087,-118.685,34.325,0.1147,0.0422,0.0844,0.0414,0.4489,0.2014,1.218,0.6749,0.2014,0.0751,0.0364,0.0335,0.1747,0.0827,0.2804,0.1188
8088,-118.675,34.325,0.1159,0.0423,0.0858,0.0421,0.4837,0.2209,1.279,0.7344,0.2034,0.0755,0.0387,0.0348,0.18,0.0863,0.2829,0.1198
8089,-118.665,34.325,0.1169,0.0424,0.0869,0.0426,0.5204,0.2417,1.3364,0.794,0.2046,0.0754,0.0411,0.0363,0.1856,0.0901,0.2882,0.1228
8090,-118.655,34.325,0.1179,0.0425,0.0881,0.0431,0.5501,0.2586,1.3625,0.8285,0.2057,0.0752,0.0427,0.0367,0.1874,0.0916,0.2894,0.1228
8091,-118.645,34.325,0.1192,0.0427,0.0894,0.0437,0.5796,0.2751,1.3801,0.853,0.2068,0.0751,0.0441,0.0368,0.1883,0.0926,0.2887,0.1217
8092,-118.635,34.325,0.1206,0.0429,0.0909,0.0444,0.609,0.2913,1.3894,0.8676,0.2082,0.075,0.0453,0.0368,0.1884,0.093,0.2875,0.1201
8093,-118.625,34.325,0.122,0.0432,0.0924,0.0452,0.6417,0.3102,1.398,0.881,0.2102,0.0754,0.0466,0.0368,0.1886,0.0935,0.287,0.1191
8094,-118.615,34.325,0.1235,0.0434,0.094,0.046,0.6758,0.3301,1.4073,0.8943,0.2143,0.0769,0.0479,0.0368,0.1888,0.094,0.2899,0.1203
8095,-118.605,34.325,0.125,0.0437,0.0956,0.0468,0.7128,0.3524,1.4211,0.9091,0.2208,0.0798,0.0493,0.0369,0.1889,0.0945,0.2961,0.1237
8096,-118.595,34.325,0.1265,0.0439,0.0972,0.0476,0.7521,0.3771,1.437,0.9262,0.2294,0.0839,0.0508,0.0372,0.1892,0.0951,0.3048,0.1289
8097,-118.585,34.325,0.128,0.0441,0.0988,0.0484,0.7937,0.404,1.4549,0.9456,0.239,0.0886,0.0524,0.0376,0.1895,0.0957,0.3152,0.1354
8098,-118.575,34.325,0.1295,0.0443,0.1004,0.0492,0.8383,0.4343,1.4747,0.9686,0.249,0.0936,0.0541,0.0381,0.1898,0.0963,0.3258,0.142
8099,-118.565,34.325,0.1309,0.0445,0.1021,0.05,0.8841,0.466,1.4948,0.9934,0.2587,0.0984,0.0559,0.0388,0.1899,0.0968,0.336,0.1484
8100,-118.555,34.325,0.1323,0.0447,0.1036,0.0508,0.9322,0.5013,1.5143,1.0238,0.2678,0.103,0.0579,0.0396,0.19,0.0973,0.3458,0.1545
8101,-118.545,34.325,0.1336,0.0448,0.1049,0.0514,0.9813,0.5381,1.5328,1.0571,0.2763,0.1071,0.06,0.0406,0.1898,0.0976,0.3548,0.1601
8102,-118.535,34.325,0.1346,0.0447,0.106,0.0519,1.0313,0.5764,1.5505,1.0933,0.2839,0.1107,0.0621,0.0416,0.1893,0.0976,0.3622,0.1645
8103,-118.525,34.325,0.1357,0.0447,0.107,0.0524,1.0824,0.6182,1.5608,1.1312,0.2909,0.114,0.0645,0.043,0.1886,0.0976,0.3692,0.1686
8104,-118.515,34.325,0.1371,0.0448,0.108,0.0528,1.1338,0.6622,1.5664,1.1684,0.2983,0.1174,0.0672,0.0445,0.1881,0.0977,0.3762,0.1728
8105,-118.505,34.325,0.1387,0.0449,0.1089,0.0532,1.1853,0.713,1.5568,1.2005,0.3056,0.1208,0.0707,0.0466,0.1887,0.0986,0.3831,0.1769
8106,-118.495,34.325,0.1387,0.0443,0.1084,0.0527,1.2338,0.7578,1.5498,1.1978,0.3104,0.1227,0.073,0.0479,0.1877,0.0983,0.3881,0.1797
8107,-118.485,34.325,0.1366,0.0429,0.1064,0.0513,1.2793,0.7967,1.5453,1.1604,0.3118,0.1225,0.0741,0.0484,0.185,0.0967,0.3891,0.1791
8108,-118.475,34.325,0.1354,0.0418,0.1051,0.0503,1.3258,0.8204,1.5843,1.099,0.3147,0.1235,0.0717,0.0467,0.1781,0.092,0.3878,0.1769
8109,-118.465,34.325,0.134,0.0408,0.103,0.0489,1.3697,0.8373,1.626,1.0291,0.3169,0.1244,0.0685,0.0444,0.1698,0.0865,0.3842,0.173
8110,-118.455,34.325,0.1271,0.0374,0.0966,0.0448,1.4002,0.8364,1.638,0.9417,0.3075,0.118,0.0644,0.0414,0.1594,0.0798,0.3761,0.1659
8111,-118.445,34.325,0.1241,0.0358,0.0933,0.0427,1.4389,0.8535,1.6434,0.8778,0.3037,0.1153,0.062,0.0401,0.1518,0.075,0.3711,0.1616
8112,-118.435,34.325,0.1279,0.0368,0.0931,0.0425,1.4856,0.8885,1.6422,0.8375,0.3109,0.1192,0.0613,0.0405,0.147,0.0721,0.3677,0.1588
8113,-118.425,34.325,0.1334,0.0383,0.0946,0.0434,1.4737,0.8826,1.5035,0.7488,0.3194,0.1239,0.0593,0.0401,0.1376,0.0668,0.3629,0.1557
8114,-118.415,34.325,0.1371,0.0393,0.094,0.043,1.4485,0.8622,1.3425,0.6503,0.3226,0.1259,0.0568,0.0393,0.1269,0.0607,0.3518,0.1489
8115,-118.405,34.325,0.122,0.0332,0.0815,0.0359,1.4162,0.8119,1.21,0.5521,0.2877,0.1057,0.0536,0.0367,0.1141,0.053,0.3229,0.1312
8116,-118.395,34.325,0.1053,0.0272,0.0696,0.0293,1.3864,0.765,1.1025,0.4852,0.2458,0.0855,0.053,0.0362,0.1067,0.0486,0.2983,0.1171
8117,-118.385,34.325,0.0942,0.0233,0.0581,0.0233,1.3591,0.7215,1.02,0.4497,0.2158,0.072,0.0552,0.0377,0.1046,0.0475,0.2885,0.1115
8118,-118.375,34.325,0.1218,0.0319,0.0601,0.0243,1.3585,0.7013,0.9531,0.4237,0.2702,0.0964,0.0586,0.0395,0.1045,0.0475,0.3014,0.1178
8119,-118.365,34.325,0.1148,0.0293,0.064,0.0263,1.3586,0.6831,0.8886,0.3992,0.2493,0.0865,0.0621,0.0412,0.1045,0.0477,0.2976,0.1157
8120,-118.355,34.325,0.1195,0.0305,0.0631,0.0258,1.3355,0.6518,0.8206,0.3727,0.2529,0.0881,0.0653,0.0423,0.1035,0.0473,0.2969,0.1152
8121,-118.345,34.325,0.1096,0.0272,0.0665,0.0276,1.2759,0.5964,0.7378,0.3341,0.2271,0.0767,0.066,0.0413,0.0988,0.0448,0.3005,0.1169
8122,-118.335,34.325,0.1394,0.0368,0.074,0.0317,1.1798,0.5168,0.6401,0.2835,0.2804,0.1016,0.0643,0.0382,0.0906,0.0402,0.3075,0.1203
8123,-118.325,34.325,0.1444,0.038,0.0683,0.0287,1.156,0.491,0.5924,0.2623,0.2872,0.1037,0.0656,0.0377,0.0885,0.0392,0.3065,0.1197
8124,-118.315,34.325,0.1265,0.0318,0.0605,0.0246,1.1582,0.4828,0.5617,0.2507,0.2501,0.0857,0.0674,0.0377,0.0886,0.0394,0.3061,0.1192
8125,-118.305,34.325,0.1196,0.0294,0.0556,0.0221,1.2151,0.5073,0.5643,0.2563,0.2338,0.0781,0.0685,0.038,0.0932,0.0422,0.3054,0.1184
8126,-118.295,34.325,0.1138,0.0275,0.0524,0.0205,1.2348,0.5108,0.5518,0.251,0.2201,0.072,0.067,0.0365,0.0944,0.0431,0.3035,0.117
8127,-118.285,34.325,0.114,0.0274,0.0508,0.0197,1.2175,0.4934,0.5242,0.2347,0.2178,0.0707,0.0628,0.0333,0.0922,0.0419,0.2982,0.114
8128,-118.275,34.325,0.1161,0.0279,0.0504,0.0196,1.152,0.454,0.4863,0.2116,0.2192,0.071,0.0574,0.0294,0.0871,0.0392,0.2914,0.1103
8129,-118.265,34.325,0.118,0.0284,0.0503,0.0195,1.0834,0.4141,0.4514,0.1899,0.2202,0.0713,0.0524,0.0259,0.0823,0.0366,0.2903,0.1094
8130,-118.255,34.325,0.1198,0.0288,0.0502,0.0194,1.0473,0.3935,0.4416,0.182,0.2209,0.0714,0.0506,0.0246,0.0817,0.0364,0.2938,0.1107
8131,-118.245,34.325,0.1213,0.0292,0.0501,0.0194,0.9952,0.3682,0.4318,0.1743,0.2213,0.0715,0.049,0.0234,0.081,0.0362,0.2976,0.1122
8132,-118.235,34.325,0.1227,0.0295,0.0501,0.0193,0.927,0.3381,0.4221,0.1666,0.2215,0.0716,0.0475,0.0224,0.0804,0.0359,0.3016,0.1138
8133,-118.225,34.325,0.1239,0.0298,0.05,0.0193,0.858,0.3085,0.411,0.1589,0.2217,0.0717,0.0462,0.0215,0.0797,0.0357,0.3057,0.1154
8134,-118.215,34.325,0.1248,0.0301,0.05,0.0193,0.7905,0.2798,0.3994,0.1513,0.222,0.0718,0.045,0.0208,0.0791,0.0354,0.3099,0.1171
8135,-118.205,34.325,0.1256,0.0303,0.05,0.0193,0.7319,0.2552,0.3861,0.1437,0.2223,0.072,0.0439,0.0201,0.0784,0.0352,0.3142,0.1189
8136,-118.195,34.325,0.1262,0.0305,0.05,0.0193,0.6777,0.2328,0.3726,0.1365,0.2227,0.0723,0.0429,0.0196,0.0777,0.0349,0.3188,0.1207
8137,-118.185,34.325,0.1267,0.0307,0.05,0.0193,0.628,0.2126,0.3589,0.1295,0.2233,0.0726,0.0419,0.0191,0.077,0.0346,0.3237,0.1228
8138,-118.175,34.325,0.127,0.0308,0.0501,0.0193,0.585,0.1955,0.3457,0.1233,0.224,0.073,0.041,0.0187,0.0763,0.0344,0.329,0.1251
8139,-118.165,34.325,0.1271,0.0309,0.0501,0.0193,0.5446,0.1796,0.3329,0.1174,0.2255,0.0737,0.0401,0.0183,0.0756,0.0341,0.3346,0.1274
8140,-118.155,34.325,0.1271,0.031,0.0502,0.0193,0.5102,0.1663,0.3211,0.1124,0.2304,0.0755,0.0392,0.0181,0.075,0.0339,0.3406,0.1301
8141,-118.145,34.325,0.1269,0.031,0.0503,0.0194,0.4786,0.1543,0.31,0.1077,0.2359,0.0775,0.0384,0.0178,0.0744,0.0336,0.3471,0.1329
8142,-118.135,34.325,0.1265,0.031,0.0504,0.0194,0.4498,0.1435,0.2996,0.1034,0.2416,0.0797,0.0375,0.0176,0.0737,0.0334,0.354,0.136
8143,-118.125,34.325,0.1259,0.031,0.0505,0.0194,0.4247,0.1342,0.2901,0.0997,0.2479,0.082,0.0366,0.0175,0.0731,0.0332,0.3613,0.1393
8144,-118.115,34.325,0.1253,0.0309,0.0507,0.0195,0.401,0.1255,0.2809,0.0962,0.2546,0.0846,0.0358,0.0174,0.0725,0.0329,0.3691,0.1429
8145,-118.105,34.325,0.1244,0.0308,0.0508,0.0195,0.3803,0.1181,0.2726,0.0931,0.2617,0.0874,0.0349,0.0174,0.0719,0.0327,0.3775,0.1467
8146,-118.095,34.325,0.1233,0.0306,0.0509,0.0196,0.3611,0.1112,0.2646,0.0902,0.2692,0.0904,0.034,0.0174,0.0713,0.0325,0.3863,0.1508
8147,-118.085,34.325,0.1221,0.0304,0.051,0.0196,0.3433,0.105,0.2569,0.0875,0.2768,0.0935,0.033,0.0174,0.0707,0.0322,0.3956,0.1552
8148,-118.075,34.325,0.1208,0.0302,0.051,0.0197,0.3273,0.0994,0.2496,0.0851,0.2844,0.0967,0.0321,0.0174,0.07,0.032,0.4054,0.1599
8149,-118.065,34.325,0.1194,0.0299,0.0511,0.0197,0.3119,0.0941,0.2424,0.0827,0.2919,0.1,0.0311,0.0175,0.0694,0.0317,0.4157,0.165
8150,-118.055,34.325,0.1179,0.0297,0.051,0.0197,0.298,0.0894,0.2355,0.0805,0.2991,0.1033,0.03,0.0176,0.0687,0.0315,0.4264,0.1702
8151,-118.045,34.325,0.1164,0.0293,0.0509,0.0196,0.2848,0.085,0.2286,0.0783,0.306,0.1065,0.029,0.0177,0.0679,0.0312,0.4371,0.1756
8152,-118.035,34.325,0.1149,0.029,0.0508,0.0196,0.2722,0.0808,0.2217,0.0762,0.3116,0.1092,0.0279,0.0178,0.0671,0.0308,0.4475,0.1807
8153,-118.025,34.325,0.1134,0.0287,0.0509,0.0197,0.2619,0.0775,0.2162,0.0746,0.3149,0.1108,0.0276,0.0178,0.0666,0.0306,0.4556,0.1843
8154,-118.015,34.325,0.1131,0.0287,0.051,0.0198,0.2525,0.0745,0.2111,0.0732,0.3155,0.1108,0.0275,0.0177,0.0662,0.0305,0.4617,0.1864
8155,-118.005,34.325,0.1129,0.0287,0.0514,0.02,0.2452,0.0723,0.2072,0.0724,0.3142,0.1098,0.0281,0.0175,0.0661,0.0306,0.4665,0.1875
8156,-117.995,34.325,0.1126,0.0287,0.0517,0.0202,0.2381,0.0702,0.2033,0.0715,0.3118,0.1084,0.0286,0.0174,0.066,0.0306,0.4708,0.1883
8157,-117.985,34.325,0.1123,0.0287,0.052,0.0203,0.2312,0.0682,0.1993,0.0705,0.3086,0.1068,0.0291,0.0172,0.0658,0.0306,0.4769,0.19
8158,-117.975,34.325,0.1118,0.0287,0.0522,0.0205,0.23,0.0683,0.2001,0.0716,0.305,0.1051,0.0304,0.0176,0.0672,0.0316,0.4867,0.1936
8159,-117.965,34.325,0.1114,0.0286,0.0523,0.0206,0.228,0.0681,0.2,0.0723,0.301,0.1033,0.0314,0.0179,0.0682,0.0323,0.4921,0.195
8160,-117.955,34.325,0.1109,0.0286,0.0525,0.0207,0.2159,0.0641,0.1907,0.0688,0.2966,0.1015,0.031,0.0172,0.066,0.0311,0.4911,0.1933
8161,-117.945,34.325,0.1102,0.0285,0.0526,0.0208,0.2072,0.0614,0.1843,0.0666,0.2921,0.0997,0.0311,0.0168,0.0648,0.0305,0.4958,0.1945
8162,-117.935,34.325,0.1094,0.0284,0.0527,0.0209,0.2021,0.06,0.1808,0.0657,0.2872,0.0979,0.0315,0.0168,0.0646,0.0305,0.5021,0.1965
8163,-117.925,34.325,0.1087,0.0282,0.0527,0.021,0.1974,0.0588,0.1776,0.0648,0.2823,0.096,0.032,0.0168,0.0643,0.0305,0.5093,0.1989
8164,-117.915,34.325,0.1077,0.0281,0.0528,0.0211,0.1929,0.0576,0.1745,0.064,0.2772,0.0942,0.0325,0.0168,0.0641,0.0305,0.517,0.2016
8165,-117.905,34.325,0.1068,0.0279,0.0528,0.0212,0.1889,0.0565,0.1717,0.0632,0.2721,0.0924,0.033,0.0168,0.0639,0.0304,0.5253,0.2047
8166,-117.895,34.325,0.1058,0.0278,0.0528,0.0213,0.1851,0.0555,0.169,0.0625,0.2667,0.0906,0.0335,0.0169,0.0637,0.0304,0.5344,0.2081
8167,-117.885,34.325,0.1049,0.0276,0.0528,0.0214,0.1815,0.0546,0.1664,0.0618,0.2616,0.0888,0.034,0.0169,0.0635,0.0304,0.5442,0.2118
8168,-117.875,34.325,0.1038,0.0274,0.0528,0.0215,0.1783,0.0538,0.1642,0.0612,0.2563,0.087,0.0346,0.017,0.0633,0.0304,0.5546,0.2159
8169,-117.865,34.325,0.1027,0.0273,0.0535,0.0219,0.1774,0.0538,0.164,0.0616,0.251,0.0853,0.0357,0.0174,0.0639,0.0309,0.5655,0.2203
8170,-117.855,34.325,0.1067,0.0288,0.0574,0.0241,0.1869,0.0579,0.1736,0.0666,0.2576,0.0888,0.0389,0.0192,0.0683,0.0338,0.6293,0.252
8171,-117.845,34.325,0.1456,0.0437,0.0654,0.0286,0.2039,0.0654,0.1902,0.0758,0.3388,0.132,0.0442,0.0223,0.0757,0.0387,0.7346,0.3153
8172,-117.835,34.325,0.1525,0.0463,0.0775,0.0356,0.2282,0.0763,0.2139,0.089,0.3519,0.1382,0.0515,0.0266,0.0862,0.0458,0.7795,0.3418
8173,-117.825,34.325,0.1126,0.0314,0.0661,0.0294,0.1982,0.0641,0.1862,0.075,0.2626,0.0928,0.0457,0.0228,0.0753,0.0388,0.6769,0.2725
8174,-117.815,34.325,0.0976,0.0265,0.0526,0.022,0.1638,0.0499,0.1543,0.0588,0.2259,0.0772,0.0387,0.0182,0.0625,0.0307,0.6467,0.2555
8175,-117.805,34.325,0.0967,0.0264,0.0525,0.0221,0.162,0.0494,0.1534,0.0586,0.2211,0.0757,0.0396,0.0185,0.0624,0.0307,0.6502,0.2559
8176,-117.795,34.325,0.0957,0.0262,0.0525,0.0221,0.1604,0.0489,0.1526,0.0583,0.2165,0.0742,0.0405,0.0188,0.0624,0.0308,0.6668,0.2631
8177,-117.785,34.325,0.0947,0.0261,0.0524,0.0222,0.1589,0.0484,0.1519,0.0581,0.2119,0.0728,0.0414,0.0192,0.0623,0.0309,0.6847,0.2709
8178,-117.775,34.325,0.0938,0.026,0.0522,0.0223,0.1576,0.048,0.1514,0.0577,0.2074,0.0714,0.0424,0.0195,0.0623,0.031,0.7032,0.279
8179,-117.765,34.325,0.0928,0.0259,0.0521,0.0223,0.1562,0.0475,0.151,0.0573,0.203,0.0699,0.0434,0.0199,0.0622,0.0311,0.7227,0.2877
8180,-117.755,34.325,0.0918,0.0258,0.0519,0.0223,0.1549,0.047,0.1508,0.0567,0.1985,0.0685,0.0444,0.0203,0.0621,0.0311,0.7425,0.2965
8181,-117.745,34.325,0.0907,0.0256,0.0516,0.0223,0.1536,0.0465,0.1507,0.0559,0.1939,0.067,0.0455,0.0208,0.062,0.0312,0.7647,0.3066
8182,-117.735,34.325,0.0895,0.0254,0.0513,0.0223,0.1524,0.0459,0.1508,0.055,0.1893,0.0655,0.0465,0.0212,0.0619,0.0312,0.7977,0.3223
8183,-117.725,34.325,0.0882,0.0252,0.051,0.0223,0.1566,0.0475,0.1565,0.0564,0.1846,0.0639,0.0494,0.0227,0.064,0.0327,0.8476,0.3475
8184,-117.715,34.325,0.0873,0.0251,0.0514,0.0226,0.1616,0.0494,0.1632,0.0582,0.1807,0.0627,0.0525,0.0244,0.0665,0.0345,0.894,0.3711
8185,-117.705,34.325,0.0901,0.0264,0.0547,0.0246,0.1657,0.051,0.1692,0.0593,0.1844,0.0648,0.0549,0.0258,0.0685,0.036,0.9223,0.3846
8186,-117.695,34.325,0.0886,0.0261,0.0555,0.0252,0.1704,0.0528,0.1759,0.0609,0.1795,0.0631,0.058,0.0277,0.0709,0.0378,0.9124,0.3763
8187,-117.685,34.325,0.0892,0.0265,0.0538,0.0244,0.1757,0.0549,0.1833,0.063,0.1786,0.0632,0.0617,0.0301,0.0737,0.0399,0.96,0.4015
8188,-117.675,34.325,0.087,0.026,0.0544,0.0249,0.1655,0.0507,0.1743,0.058,0.1726,0.0609,0.0587,0.0283,0.0696,0.0372,0.9953,0.4186
8189,-117.665,34.325,0.0951,0.0293,0.056,0.026,0.1529,0.0454,0.1625,0.0521,0.1863,0.0678,0.0546,0.026,0.0644,0.0338,1.0227,0.4309
8190,-117.655,34.325,0.1038,0.0332,0.0604,0.0288,0.1436,0.0419,0.1538,0.0485,0.2007,0.0755,0.0515,0.0243,0.0608,0.0315,1.0513,0.444
8191,-118.945,34.335,0.0803,0.0336,0.0745,0.0397,0.2494,0.1157,0.5018,0.2449,0.1328,0.0521,0.0298,0.0381,0.2214,0.1082,0.2422,0.1088
8192,-118.935,34.335,0.0821,0.0342,0.0752,0.0399,0.2546,0.1184,0.5204,0.2541,0.1363,0.0537,0.0292,0.0368,0.2208,0.1079,0.2474,0.1117
8193,-118.925,34.335,0.0839,0.0349,0.0757,0.0401,0.2598,0.121,0.5393,0.2632,0.1397,0.0552,0.0287,0.0358,0.22,0.1074,0.2522,0.1142
8194,-118.915,34.335,0.0856,0.0354,0.0762,0.0402,0.265,0.1236,0.5583,0.2723,0.1429,0.0565,0.0284,0.035,0.2192,0.107,0.2565,0.1164
8195,-118.905,34.335,0.0873,0.036,0.0766,0.0403,0.2705,0.1263,0.5771,0.2813,0.146,0.0578,0.0282,0.0345,0.2185,0.1067,0.2605,0.1184
8196,-118.895,34.335,0.0889,0.0365,0.0769,0.0403,0.276,0.1289,0.5954,0.2902,0.1488,0.0589,0.0282,0.0342,0.2177,0.1063,0.2641,0.1201
8197,-118.885,34.335,0.0904,0.037,0.0772,0.0404,0.2813,0.1314,0.6131,0.2991,0.1516,0.06,0.0282,0.034,0.2167,0.1057,0.2673,0.1215
8198,-118.875,34.335,0.0919,0.0374,0.0766,0.0398,0.2869,0.134,0.6304,0.3088,0.1543,0.061,0.0283,0.0339,0.2157,0.1052,0.2699,0.1225
8199,-118.865,34.335,0.0924,0.0373,0.076,0.0393,0.2926,0.1367,0.6477,0.3191,0.1553,0.0612,0.0285,0.0339,0.2147,0.1046,0.2684,0.1206
8200,-118.855,34.335,0.0919,0.0367,0.0763,0.0393,0.2985,0.1395,0.6647,0.3305,0.155,0.0605,0.0288,0.034,0.2136,0.1041,0.2702,0.1212
8201,-118.845,34.335,0.0961,0.0385,0.0769,0.0396,0.3047,0.1424,0.6818,0.3425,0.1617,0.0637,0.029,0.0341,0.2125,0.1035,0.2764,0.1248
8202,-118.835,34.335,0.0975,0.0389,0.0777,0.04,0.3111,0.1454,0.6991,0.3552,0.1641,0.0645,0.0294,0.0342,0.2114,0.1029,0.2798,0.1264
8203,-118.825,34.335,0.0988,0.0393,0.0779,0.04,0.318,0.1486,0.7169,0.3685,0.1665,0.0653,0.0298,0.0345,0.2103,0.1024,0.2821,0.1272
8204,-118.815,34.335,0.1002,0.0396,0.0779,0.0398,0.3252,0.1519,0.735,0.3822,0.1688,0.066,0.0302,0.0347,0.2092,0.1018,0.2835,0.1275
8205,-118.805,34.335,0.1016,0.0399,0.0765,0.0388,0.3329,0.1554,0.7542,0.3966,0.1712,0.0668,0.0308,0.0351,0.2081,0.1013,0.2844,0.1273
8206,-118.795,34.335,0.1029,0.0403,0.076,0.0384,0.341,0.1591,0.7744,0.4118,0.1735,0.0675,0.0315,0.0356,0.207,0.1007,0.2851,0.127
8207,-118.785,34.335,0.1042,0.0406,0.0765,0.0385,0.3496,0.163,0.7956,0.4277,0.176,0.0682,0.0323,0.0361,0.2058,0.1002,0.2876,0.1281
8208,-118.775,34.335,0.1054,0.0409,0.0781,0.0393,0.3592,0.1674,0.8239,0.4476,0.1784,0.069,0.0333,0.0367,0.2047,0.0996,0.2905,0.1294
8209,-118.765,34.335,0.1066,0.0411,0.0797,0.0402,0.3692,0.172,0.8552,0.4694,0.1807,0.0697,0.0342,0.0372,0.2035,0.099,0.2931,0.1305
8210,-118.755,34.335,0.1078,0.0413,0.0802,0.0403,0.3803,0.1772,0.8944,0.4959,0.1829,0.0703,0.0352,0.0377,0.2023,0.0984,0.2946,0.1309
8211,-118.745,34.335,0.1088,0.0415,0.0807,0.0405,0.3924,0.1828,0.9366,0.5247,0.1852,0.0709,0.0362,0.0381,0.2011,0.0978,0.2958,0.1311
8212,-118.735,34.335,0.1097,0.0416,0.0812,0.0406,0.4053,0.1888,0.9818,0.5559,0.1873,0.0715,0.0371,0.0383,0.1999,0.0972,0.2967,0.1311
8213,-118.725,34.335,0.1106,0.0417,0.0814,0.0405,0.42,0.1958,1.0313,0.591,0.1893,0.072,0.0379,0.0384,0.1987,0.0967,0.297,0.1308
8214,-118.715,34.335,0.1114,0.0417,0.0815,0.0404,0.4354,0.2032,1.0822,0.6277,0.1912,0.0723,0.0388,0.0385,0.1974,0.0961,0.2966,0.1299
8215,-118.705,34.335,0.1121,0.0417,0.0818,0.0404,0.4528,0.2117,1.136,0.6677,0.1928,0.0726,0.0396,0.0384,0.1963,0.0956,0.2961,0.1289
8216,-118.695,34.335,0.1129,0.0417,0.0828,0.0408,0.4716,0.2209,1.187,0.707,0.1943,0.0728,0.0405,0.0384,0.1953,0.0952,0.2962,0.1285
8217,-118.685,34.335,0.1136,0.0417,0.0845,0.0417,0.4917,0.2308,1.2352,0.7457,0.1957,0.0728,0.0415,0.0383,0.1944,0.0948,0.2961,0.1277
8218,-118.675,34.335,0.1144,0.0417,0.0857,0.0422,0.5146,0.2424,1.2749,0.7811,0.1967,0.0727,0.0424,0.0382,0.1937,0.0946,0.2951,0.1264
8219,-118.665,34.335,0.1154,0.0418,0.0868,0.0427,0.5386,0.2547,1.3114,0.815,0.1976,0.0724,0.0434,0.038,0.1932,0.0946,0.2934,0.1246
8220,-118.655,34.335,0.1164,0.0419,0.088,0.0433,0.5655,0.2689,1.3405,0.8444,0.1981,0.072,0.0445,0.0379,0.1929,0.0947,0.2913,0.1225
8221,-118.645,34.335,0.1176,0.042,0.0894,0.0439,0.5945,0.2845,1.3624,0.8689,0.1984,0.0714,0.0456,0.0377,0.1928,0.095,0.2887,0.12
8222,-118.635,34.335,0.1189,0.0422,0.0908,0.0447,0.6255,0.3016,1.3772,0.8886,0.1984,0.0707,0.0468,0.0376,0.1928,0.0954,0.2859,0.1174
8223,-118.625,34.335,0.1202,0.0424,0.0924,0.0454,0.66,0.3215,1.3871,0.9029,0.1985,0.07,0.048,0.0374,0.1929,0.0958,0.2832,0.1148
8224,-118.615,34.335,0.1216,0.0426,0.094,0.0462,0.696,0.3425,1.397,0.9164,0.2007,0.0705,0.0492,0.0373,0.1931,0.0963,0.2849,0.1153
8225,-118.605,34.335,0.1229,0.0428,0.0956,0.047,0.7355,0.3665,1.4118,0.931,0.208,0.0739,0.0504,0.0371,0.1933,0.0968,0.2923,0.1194
8226,-118.595,34.335,0.1243,0.043,0.0972,0.0479,0.7772,0.3926,1.43,0.9473,0.2181,0.0788,0.0516,0.037,0.1935,0.0974,0.3036,0.1263
8227,-118.585,34.335,0.1257,0.0432,0.0989,0.0487,0.8212,0.421,1.4517,0.9654,0.2286,0.084,0.0528,0.0369,0.1938,0.098,0.3162,0.1342
8228,-118.575,34.335,0.1271,0.0434,0.1006,0.0496,0.8694,0.4541,1.4758,0.9882,0.239,0.0893,0.0543,0.037,0.1941,0.0987,0.3283,0.1419
8229,-118.565,34.335,0.1287,0.0436,0.1023,0.0505,0.919,0.489,1.5005,1.0134,0.249,0.0944,0.0559,0.0373,0.1944,0.0993,0.34,0.1493
8230,-118.555,34.335,0.1303,0.0439,0.1041,0.0515,0.9719,0.5289,1.5254,1.045,0.2585,0.0992,0.0578,0.0379,0.1948,0.1001,0.3509,0.1563
8231,-118.545,34.335,0.1318,0.0441,0.1055,0.0522,1.0257,0.5691,1.55,1.0751,0.2672,0.1036,0.0596,0.0387,0.1944,0.1003,0.3608,0.1626
8232,-118.535,34.335,0.1327,0.044,0.1066,0.0526,1.0804,0.6096,1.5742,1.1036,0.2743,0.107,0.0613,0.0397,0.1932,0.0998,0.3682,0.167
8233,-118.525,34.335,0.1332,0.0437,0.107,0.0527,1.1362,0.6524,1.5901,1.1264,0.2802,0.1096,0.0631,0.0408,0.1915,0.099,0.3746,0.1705
8234,-118.515,34.335,0.1341,0.0436,0.1072,0.0526,1.1924,0.6969,1.6025,1.1465,0.2861,0.1122,0.065,0.0421,0.1897,0.0982,0.3804,0.1737
8235,-118.505,34.335,0.1349,0.0434,0.1073,0.0525,1.2491,0.7478,1.6062,1.1588,0.2914,0.1145,0.0672,0.0437,0.1888,0.0979,0.3854,0.1764
8236,-118.495,34.335,0.1342,0.0425,0.106,0.0515,1.3006,0.7845,1.6116,1.1411,0.2941,0.1152,0.068,0.0442,0.1851,0.0956,0.3874,0.1764
8237,-118.485,34.335,0.1321,0.041,0.1035,0.0498,1.3469,0.8072,1.6188,1.0932,0.2944,0.1144,0.0673,0.0434,0.1784,0.0912,0.3847,0.1728
8238,-118.475,34.335,0.1274,0.0385,0.1017,0.0485,1.3943,0.8308,1.6434,1.0394,0.2894,0.1107,0.0658,0.0421,0.1715,0.0867,0.3823,0.1697
8239,-118.465,34.335,0.1272,0.0379,0.0996,0.0471,1.435,0.8452,1.6583,0.9722,0.2924,0.1119,0.0636,0.0402,0.1631,0.0813,0.3797,0.1668
8240,-118.455,34.335,0.1215,0.0352,0.0955,0.0445,1.442,0.8134,1.6089,0.8461,0.2833,0.1064,0.0584,0.0358,0.1482,0.0718,0.3713,0.1595
8241,-118.445,34.335,0.1142,0.032,0.0916,0.042,1.4647,0.8119,1.5702,0.76,0.2692,0.0985,0.0554,0.0337,0.1379,0.0655,0.3613,0.1524
8242,-118.435,34.335,0.1123,0.0308,0.0879,0.0398,1.5031,0.8408,1.542,0.7139,0.2646,0.0958,0.0545,0.0339,0.1323,0.0623,0.3449,0.142
8243,-118.425,34.335,0.1026,0.027,0.0803,0.0357,1.4335,0.7831,1.3597,0.5956,0.2417,0.0843,0.0495,0.0308,0.1165,0.0532,0.3197,0.1273
8244,-118.415,34.335,0.0868,0.0216,0.0722,0.0313,1.356,0.7218,1.1615,0.4757,0.2027,0.0672,0.0445,0.0276,0.1005,0.0441,0.2825,0.1076
8245,-118.405,34.335,0.0815,0.0198,0.0653,0.0274,1.3476,0.7291,1.0398,0.42,0.1874,0.0609,0.0436,0.027,0.0936,0.0405,0.265,0.0991
8246,-118.395,34.335,0.0839,0.0203,0.0595,0.0243,1.3292,0.7106,0.9496,0.3834,0.1895,0.0618,0.0443,0.0276,0.0899,0.0387,0.2584,0.0959
8247,-118.385,34.335,0.0866,0.0208,0.0548,0.0218,1.3006,0.6664,0.8909,0.3657,0.1917,0.0626,0.0467,0.0292,0.0896,0.0386,0.2627,0.098
8248,-118.375,34.335,0.0921,0.0222,0.0555,0.0222,1.4426,0.7469,0.9379,0.4104,0.1992,0.0658,0.0577,0.0373,0.103,0.0464,0.2788,0.1056
8249,-118.365,34.335,0.1179,0.0302,0.0569,0.0229,1.5863,0.8293,0.9841,0.4539,0.2479,0.0875,0.069,0.0455,0.1165,0.0543,0.3089,0.1204
8250,-118.355,34.335,0.1223,0.0313,0.0564,0.0226,1.5672,0.7965,0.9197,0.4294,0.2513,0.0891,0.0736,0.0476,0.1165,0.0546,0.3201,0.126
8251,-118.345,34.335,0.1206,0.0304,0.0593,0.0241,1.4628,0.7083,0.8128,0.3754,0.2432,0.085,0.0726,0.0453,0.1087,0.0502,0.3195,0.1256
8252,-118.335,34.335,0.1094,0.0266,0.0656,0.0274,1.2732,0.5648,0.6632,0.292,0.2183,0.0737,0.0663,0.0387,0.093,0.0413,0.3114,0.1214
8253,-118.325,34.335,0.1024,0.0243,0.0609,0.025,1.2157,0.5171,0.5986,0.2605,0.2024,0.0666,0.0662,0.0371,0.0884,0.0389,0.2972,0.1142
8254,-118.315,34.335,0.1047,0.0248,0.0548,0.0218,1.189,0.4916,0.5549,0.2412,0.2045,0.0673,0.0667,0.0363,0.0864,0.0379,0.2922,0.1116
8255,-118.305,34.335,0.107,0.0253,0.0526,0.0208,1.1801,0.4786,0.5282,0.2293,0.2065,0.0678,0.064,0.034,0.0858,0.0377,0.291,0.1107
8256,-118.295,34.335,0.1092,0.0258,0.0512,0.0201,1.1708,0.4664,0.5048,0.2182,0.2082,0.0682,0.0612,0.0318,0.0852,0.0376,0.2917,0.1106
8257,-118.285,34.335,0.1111,0.0263,0.0505,0.0197,1.1613,0.455,0.4846,0.2079,0.2097,0.0685,0.0583,0.0296,0.0846,0.0374,0.2941,0.1113
8258,-118.275,34.335,0.113,0.0268,0.0502,0.0196,1.1443,0.4418,0.4683,0.1986,0.2109,0.0688,0.0559,0.0278,0.0839,0.0371,0.2975,0.1126
8259,-118.265,34.335,0.1148,0.0272,0.0501,0.0195,1.1233,0.4269,0.4533,0.1897,0.2118,0.069,0.0537,0.0262,0.0833,0.0369,0.3013,0.114
8260,-118.255,34.335,0.1163,0.0276,0.05,0.0195,1.0905,0.4062,0.4405,0.1814,0.2124,0.0691,0.0519,0.0249,0.0826,0.0367,0.3051,0.1154
8261,-118.245,34.335,0.1178,0.0279,0.0499,0.0194,1.0355,0.3794,0.4282,0.1734,0.2127,0.0692,0.0502,0.0237,0.082,0.0365,0.3091,0.117
8262,-118.235,34.335,0.119,0.0282,0.0498,0.0194,0.9583,0.3464,0.4162,0.1656,0.2129,0.0692,0.0487,0.0226,0.0813,0.0362,0.3133,0.1186
8263,-118.225,34.335,0.1201,0.0285,0.0497,0.0193,0.8815,0.3145,0.404,0.158,0.213,0.0693,0.0474,0.0218,0.0807,0.036,0.3176,0.1203
8264,-118.215,34.335,0.121,0.0288,0.0497,0.0193,0.807,0.2839,0.3916,0.1505,0.2132,0.0694,0.0462,0.021,0.08,0.0357,0.322,0.1221
8265,-118.205,34.335,0.1217,0.029,0.0496,0.0193,0.7433,0.258,0.3786,0.1434,0.2135,0.0696,0.0451,0.0204,0.0793,0.0354,0.3267,0.124
8266,-118.195,34.335,0.1223,0.0292,0.0496,0.0192,0.6857,0.2347,0.3657,0.1366,0.2139,0.0698,0.044,0.0198,0.0786,0.0352,0.3316,0.126
8267,-118.185,34.335,0.1227,0.0294,0.0496,0.0192,0.6341,0.2141,0.3528,0.1301,0.2144,0.07,0.043,0.0193,0.0779,0.0349,0.3368,0.1282
8268,-118.175,34.335,0.1229,0.0295,0.0497,0.0192,0.5899,0.1967,0.3404,0.1241,0.2149,0.0704,0.0421,0.0189,0.0772,0.0346,0.3423,0.1305
8269,-118.165,34.335,0.123,0.0296,0.0497,0.0192,0.5485,0.1806,0.3282,0.1185,0.2171,0.0712,0.0411,0.0185,0.0765,0.0344,0.3482,0.1331
8270,-118.155,34.335,0.1229,0.0297,0.0498,0.0193,0.5134,0.1673,0.3169,0.1136,0.2218,0.0729,0.0402,0.0183,0.0758,0.0341,0.3546,0.1359
8271,-118.145,34.335,0.1227,0.0297,0.0498,0.0193,0.4813,0.1551,0.3061,0.109,0.2268,0.0748,0.0393,0.018,0.0752,0.0339,0.3613,0.1388
8272,-118.135,34.335,0.1223,0.0297,0.0499,0.0193,0.452,0.1443,0.296,0.1048,0.2321,0.0768,0.0384,0.0178,0.0745,0.0336,0.3685,0.142
8273,-118.125,34.335,0.1218,0.0297,0.05,0.0193,0.4266,0.135,0.2866,0.101,0.2378,0.0789,0.0375,0.0177,0.0739,0.0334,0.376,0.1454
8274,-118.115,34.335,0.1211,0.0296,0.0501,0.0194,0.4025,0.1263,0.2776,0.0975,0.244,0.0813,0.0366,0.0176,0.0732,0.0332,0.3841,0.1491
8275,-118.105,34.335,0.1202,0.0295,0.0501,0.0194,0.3816,0.1188,0.2694,0.0944,0.2505,0.0839,0.0356,0.0176,0.0726,0.0329,0.3928,0.1531
8276,-118.095,34.335,0.1192,0.0294,0.0502,0.0194,0.3622,0.1119,0.2615,0.0915,0.2572,0.0866,0.0347,0.0176,0.0719,0.0327,0.402,0.1574
8277,-118.085,34.335,0.1181,0.0292,0.0503,0.0195,0.3442,0.1056,0.2538,0.0888,0.264,0.0893,0.0337,0.0176,0.0713,0.0324,0.4116,0.1619
8278,-118.075,34.335,0.1168,0.0289,0.0503,0.0195,0.3281,0.1001,0.2466,0.0863,0.2708,0.0922,0.0326,0.0177,0.0706,0.0322,0.4218,0.1669
8279,-118.065,34.335,0.1154,0.0287,0.0503,0.0195,0.3126,0.0947,0.2395,0.0839,0.2775,0.0952,0.0315,0.0177,0.0699,0.0319,0.4327,0.1721
8280,-118.055,34.335,0.114,0.0284,0.0503,0.0195,0.2985,0.09,0.2326,0.0817,0.2841,0.0982,0.0304,0.0179,0.0692,0.0316,0.4441,0.1777
8281,-118.045,34.335,0.1125,0.0281,0.0502,0.0195,0.2849,0.0854,0.2256,0.0794,0.2904,0.1012,0.0292,0.018,0.0683,0.0312,0.4559,0.1837
8282,-118.035,34.335,0.1107,0.0277,0.05,0.0194,0.2718,0.0811,0.2186,0.077,0.2958,0.104,0.028,0.0181,0.0674,0.0308,0.4676,0.1897
8283,-118.025,34.335,0.1083,0.0271,0.05,0.0194,0.2614,0.0777,0.2131,0.0754,0.2984,0.1054,0.0276,0.0181,0.0669,0.0306,0.4767,0.1939
8284,-118.015,34.335,0.1089,0.0274,0.0502,0.0195,0.2521,0.0748,0.2083,0.0741,0.2988,0.105,0.0276,0.018,0.0665,0.0305,0.4825,0.1955
8285,-118.005,34.335,0.1089,0.0275,0.0506,0.0197,0.2451,0.0727,0.2049,0.0733,0.2972,0.1038,0.0283,0.0178,0.0665,0.0307,0.4865,0.1959
8286,-117.995,34.335,0.1087,0.0276,0.0509,0.0199,0.2382,0.0707,0.2013,0.0725,0.2947,0.1024,0.029,0.0176,0.0665,0.0307,0.4904,0.1963
8287,-117.985,34.335,0.1083,0.0276,0.0511,0.0201,0.2314,0.0686,0.1976,0.0715,0.2916,0.1008,0.0296,0.0174,0.0663,0.0308,0.4946,0.1969
8288,-117.975,34.335,0.1079,0.0275,0.0513,0.0202,0.2249,0.0668,0.1938,0.0705,0.2882,0.0992,0.0301,0.0173,0.0661,0.0307,0.4994,0.1979
8289,-117.965,34.335,0.1074,0.0275,0.0515,0.0204,0.2186,0.065,0.1901,0.0695,0.2846,0.0975,0.0306,0.0171,0.0658,0.0307,0.5045,0.1991
8290,-117.955,34.335,0.1069,0.0274,0.0516,0.0205,0.2128,0.0633,0.1865,0.0685,0.2807,0.0959,0.0311,0.017,0.0656,0.0307,0.5102,0.2006
8291,-117.945,34.335,0.1063,0.0274,0.0517,0.0206,0.2074,0.0618,0.1831,0.0676,0.2767,0.0943,0.0316,0.017,0.0653,0.0307,0.5168,0.2026
8292,-117.935,34.335,0.1056,0.0273,0.0518,0.0207,0.2022,0.0604,0.1797,0.0666,0.2725,0.0927,0.0321,0.0169,0.0651,0.0306,0.5239,0.205
8293,-117.925,34.335,0.1048,0.0271,0.0519,0.0208,0.1975,0.0591,0.1766,0.0657,0.2683,0.0912,0.0325,0.0169,0.0648,0.0306,0.5316,0.2076
8294,-117.915,34.335,0.1039,0.027,0.052,0.0209,0.1929,0.0579,0.1735,0.0648,0.2639,0.0896,0.033,0.0169,0.0646,0.0306,0.5401,0.2106
8295,-117.905,34.335,0.1031,0.0269,0.052,0.021,0.1889,0.0568,0.1708,0.064,0.2595,0.0881,0.0335,0.017,0.0644,0.0306,0.5492,0.214
8296,-117.895,34.335,0.1021,0.0267,0.052,0.0211,0.1851,0.0558,0.1681,0.0633,0.255,0.0866,0.0341,0.017,0.0642,0.0306,0.5593,0.2178
8297,-117.885,34.335,0.1012,0.0266,0.0521,0.0212,0.1815,0.0549,0.1656,0.0626,0.2506,0.0851,0.0346,0.0171,0.064,0.0306,0.5702,0.2221
8298,-117.875,34.335,0.1003,0.0265,0.0521,0.0213,0.1784,0.054,0.1634,0.062,0.246,0.0836,0.0352,0.0172,0.0638,0.0306,0.5817,0.2267
8299,-117.865,34.335,0.0994,0.0263,0.0523,0.0216,0.1754,0.0533,0.1613,0.0614,0.2416,0.0821,0.0359,0.0174,0.0636,0.0306,0.5939,0.2316
8300,-117.855,34.335,0.0984,0.0262,0.0539,0.0225,0.1728,0.0526,0.1595,0.061,0.2371,0.0807,0.0365,0.0175,0.0635,0.0306,0.6279,0.2475
8301,-117.845,34.335,0.1203,0.0344,0.0574,0.0245,0.1952,0.0627,0.1812,0.0732,0.2836,0.1041,0.0433,0.0216,0.0732,0.0372,0.7198,0.2973
8302,-117.835,34.335,0.1396,0.0419,0.0628,0.0276,0.2426,0.0834,0.2266,0.098,0.323,0.1249,0.0561,0.0294,0.0928,0.0502,0.773,0.3253
8303,-117.825,34.335,0.097,0.0263,0.0579,0.025,0.2075,0.0687,0.1941,0.0811,0.2269,0.0778,0.0489,0.0246,0.0797,0.0416,0.7018,0.2818
8304,-117.815,34.335,0.0949,0.0258,0.052,0.0219,0.1641,0.0503,0.1538,0.0598,0.2199,0.0753,0.0397,0.0186,0.0632,0.0309,0.6813,0.2697
8305,-117.805,34.335,0.0941,0.0257,0.0519,0.022,0.1625,0.0498,0.1529,0.0597,0.2158,0.0741,0.0407,0.0189,0.0632,0.031,0.6892,0.2724
8306,-117.795,34.335,0.0933,0.0256,0.0519,0.0221,0.161,0.0494,0.1522,0.0596,0.2118,0.0728,0.0417,0.0193,0.0632,0.0311,0.7086,0.281
8307,-117.785,34.335,0.0926,0.0256,0.0519,0.0221,0.1596,0.0489,0.1516,0.0595,0.2079,0.0717,0.0428,0.0198,0.0632,0.0313,0.7294,0.2902
8308,-117.775,34.335,0.0919,0.0255,0.0518,0.0222,0.1584,0.0485,0.1513,0.0593,0.2041,0.0705,0.044,0.0202,0.0632,0.0314,0.7509,0.2999
8309,-117.765,34.335,0.0911,0.0255,0.0518,0.0223,0.1572,0.0481,0.1511,0.0591,0.2003,0.0693,0.0452,0.0208,0.0633,0.0316,0.7737,0.3103
8310,-117.755,34.335,0.0903,0.0254,0.0517,0.0224,0.1561,0.0476,0.151,0.0586,0.1965,0.0681,0.0465,0.0213,0.0633,0.0317,0.7969,0.3209
8311,-117.745,34.335,0.0895,0.0254,0.0515,0.0224,0.1548,0.0471,0.151,0.0578,0.1925,0.0669,0.0477,0.0219,0.0632,0.0318,0.8216,0.3321
8312,-117.735,34.335,0.0885,0.0252,0.0512,0.0224,0.1535,0.0465,0.1511,0.0568,0.1883,0.0655,0.049,0.0224,0.0631,0.0318,0.8522,0.3467
8313,-117.725,34.335,0.093,0.0271,0.0522,0.0231,0.1625,0.0499,0.1619,0.0602,0.1956,0.0693,0.0538,0.0251,0.0673,0.0346,0.9178,0.3808
8314,-117.715,34.335,0.1022,0.0309,0.0532,0.0238,0.1693,0.0524,0.1705,0.0626,0.2117,0.0777,0.0578,0.0273,0.0705,0.0368,0.9768,0.4117
8315,-117.705,34.335,0.1029,0.0317,0.0525,0.0236,0.1548,0.0467,0.1576,0.055,0.2103,0.0784,0.0544,0.0252,0.0647,0.0332,1.0029,0.4241
8316,-117.695,34.335,0.0835,0.0244,0.0517,0.0232,0.1635,0.0501,0.1689,0.0582,0.1704,0.0595,0.0593,0.0283,0.0689,0.0363,0.9604,0.3968
8317,-117.685,34.335,0.1052,0.0332,0.0507,0.0228,0.1955,0.0628,0.2043,0.0722,0.2102,0.0796,0.0727,0.0366,0.0832,0.0461,1.081,0.4662
8318,-117.675,34.335,0.1138,0.0371,0.0506,0.0229,0.1842,0.0577,0.1944,0.0663,0.2239,0.0873,0.0691,0.0345,0.0785,0.0429,1.1277,0.4896
8319,-117.665,34.335,0.09,0.0276,0.0509,0.0233,0.1651,0.0496,0.176,0.057,0.1779,0.0643,0.0623,0.0305,0.0703,0.0374,1.1165,0.4782
8320,-117.655,34.335,0.0794,0.0238,0.0524,0.0243,0.1507,0.044,0.1619,0.0513,0.1558,0.0546,0.057,0.0277,0.0645,0.0337,1.0827,0.4548
8321,-118.945,34.345,0.079,0.033,0.0727,0.0387,0.245,0.1127,0.4954,0.2428,0.1297,0.0508,0.0282,0.0359,0.2202,0.1064,0.2411,0.1075
8322,-118.935,34.345,0.0811,0.0338,0.0724,0.0383,0.2519,0.1165,0.5168,0.2549,0.1337,0.0526,0.0277,0.0349,0.221,0.1071,0.2453,0.1096
8323,-118.925,34.345,0.083,0.0345,0.0727,0.0383,0.2577,0.1195,0.5368,0.2657,0.1371,0.0541,0.0273,0.0339,0.2207,0.107,0.2496,0.1117
8324,-118.915,34.345,0.0849,0.0352,0.0734,0.0386,0.2635,0.1226,0.5567,0.2765,0.1405,0.0556,0.0269,0.0331,0.2204,0.1069,0.2554,0.1149
8325,-118.905,34.345,0.087,0.036,0.0753,0.0396,0.2707,0.1264,0.5777,0.2883,0.1442,0.0573,0.027,0.033,0.2211,0.1076,0.2617,0.1185
8326,-118.895,34.345,0.0886,0.0364,0.0763,0.0402,0.2769,0.1296,0.5962,0.2982,0.1469,0.0583,0.0271,0.0328,0.2209,0.1076,0.267,0.1214
8327,-118.885,34.345,0.09,0.0368,0.0766,0.0402,0.2822,0.1322,0.6123,0.3062,0.1495,0.0593,0.0273,0.0326,0.2199,0.1071,0.2705,0.1231
8328,-118.875,34.345,0.0914,0.0372,0.0766,0.0401,0.2877,0.1348,0.6277,0.3144,0.1518,0.0602,0.0275,0.0327,0.2189,0.1066,0.2732,0.124
8329,-118.865,34.345,0.0927,0.0376,0.0767,0.0399,0.2933,0.1374,0.643,0.3229,0.1541,0.061,0.0279,0.0328,0.2178,0.106,0.2748,0.1243
8330,-118.855,34.345,0.094,0.0379,0.0768,0.0399,0.2991,0.1402,0.6582,0.3323,0.1563,0.0617,0.0283,0.033,0.2168,0.1055,0.277,0.125
8331,-118.845,34.345,0.0953,0.0382,0.0769,0.0398,0.3052,0.143,0.6738,0.3425,0.1585,0.0624,0.0287,0.0333,0.2157,0.1049,0.2801,0.1264
8332,-118.835,34.345,0.0966,0.0385,0.0769,0.0397,0.3115,0.146,0.6896,0.3533,0.1606,0.0631,0.0292,0.0336,0.2146,0.1043,0.2824,0.1272
8333,-118.825,34.345,0.0978,0.0388,0.077,0.0397,0.3183,0.1492,0.7063,0.3652,0.1628,0.0637,0.0298,0.0339,0.2135,0.1038,0.2843,0.1277
8334,-118.815,34.345,0.0991,0.0391,0.0771,0.0396,0.3255,0.1526,0.7235,0.3775,0.1648,0.0643,0.0304,0.0343,0.2123,0.1032,0.2861,0.1282
8335,-118.805,34.345,0.1003,0.0394,0.0773,0.0396,0.3332,0.1562,0.7419,0.391,0.1669,0.0649,0.0311,0.0348,0.2112,0.1027,0.2877,0.1285
8336,-118.795,34.345,0.1016,0.0397,0.0775,0.0396,0.3414,0.16,0.7614,0.4054,0.1691,0.0656,0.0319,0.0353,0.2101,0.1021,0.2892,0.1288
8337,-118.785,34.345,0.1027,0.04,0.0778,0.0396,0.3501,0.1641,0.7819,0.4206,0.1712,0.0662,0.0328,0.0358,0.2089,0.1015,0.2911,0.1294
8338,-118.775,34.345,0.1039,0.0402,0.0782,0.0397,0.36,0.1687,0.8063,0.4386,0.1734,0.0668,0.0337,0.0364,0.2078,0.101,0.2931,0.13
8339,-118.765,34.345,0.105,0.0404,0.0786,0.0398,0.3703,0.1736,0.8323,0.4579,0.1755,0.0674,0.0348,0.037,0.2067,0.1005,0.295,0.1305
8340,-118.755,34.345,0.106,0.0406,0.0792,0.0399,0.3818,0.179,0.8625,0.4803,0.1776,0.068,0.0358,0.0375,0.2055,0.0999,0.2965,0.1308
8341,-118.745,34.345,0.107,0.0407,0.0798,0.0401,0.3944,0.185,0.8987,0.5066,0.1797,0.0686,0.0368,0.0379,0.2044,0.0994,0.2978,0.1311
8342,-118.735,34.345,0.1079,0.0408,0.0804,0.0403,0.4079,0.1915,0.941,0.5369,0.1817,0.0691,0.0379,0.0383,0.2033,0.0989,0.2989,0.1312
8343,-118.725,34.345,0.1088,0.0409,0.0811,0.0406,0.4233,0.1989,0.9873,0.5713,0.1837,0.0696,0.0389,0.0386,0.2022,0.0984,0.2997,0.1311
8344,-118.715,34.345,0.1096,0.0409,0.0819,0.0408,0.4395,0.2067,1.0348,0.6074,0.1855,0.07,0.0399,0.0388,0.2011,0.0979,0.3003,0.1308
8345,-118.705,34.345,0.1104,0.041,0.0827,0.0411,0.4578,0.2156,1.0847,0.647,0.1872,0.0703,0.0409,0.0389,0.2001,0.0976,0.3004,0.1303
8346,-118.695,34.345,0.1112,0.041,0.0835,0.0415,0.4775,0.2253,1.1344,0.6878,0.1887,0.0705,0.0419,0.0391,0.1993,0.0972,0.3003,0.1296
8347,-118.685,34.345,0.112,0.041,0.0844,0.0419,0.4986,0.2358,1.184,0.7297,0.1901,0.0705,0.043,0.0391,0.1985,0.097,0.2999,0.1287
8348,-118.675,34.345,0.1129,0.041,0.0855,0.0423,0.5226,0.248,1.2303,0.7719,0.1911,0.0704,0.044,0.0391,0.1979,0.0968,0.299,0.1275
8349,-118.665,34.345,0.1138,0.0411,0.0866,0.0428,0.5478,0.261,1.2734,0.8128,0.1918,0.0702,0.0451,0.039,0.1974,0.0968,0.2975,0.1257
8350,-118.655,34.345,0.1148,0.0412,0.0879,0.0434,0.5761,0.2759,1.3042,0.8469,0.1923,0.0697,0.0461,0.0389,0.1971,0.097,0.2955,0.1237
8351,-118.645,34.345,0.116,0.0413,0.0893,0.0441,0.6064,0.2923,1.3301,0.8773,0.1924,0.0691,0.0472,0.0387,0.197,0.0973,0.2931,0.1213
8352,-118.635,34.345,0.1172,0.0415,0.0908,0.0449,0.6389,0.3103,1.351,0.9038,0.1919,0.0682,0.0482,0.0385,0.1971,0.0977,0.2901,0.1186
8353,-118.625,34.345,0.1184,0.0417,0.0923,0.0456,0.6751,0.3311,1.364,0.9211,0.1911,0.067,0.0493,0.0382,0.1973,0.0981,0.2866,0.1155
8354,-118.615,34.345,0.1197,0.0418,0.0939,0.0465,0.7129,0.3531,1.3764,0.9361,0.1918,0.0667,0.0503,0.0378,0.1974,0.0986,0.2876,0.1154
8355,-118.605,34.345,0.1209,0.042,0.0955,0.0473,0.7542,0.378,1.3937,0.9492,0.1998,0.0705,0.0512,0.0373,0.1975,0.0991,0.2958,0.1201
8356,-118.595,34.345,0.1221,0.0421,0.0972,0.0481,0.798,0.4053,1.4154,0.9639,0.2106,0.0759,0.0521,0.0367,0.1976,0.0996,0.3088,0.1281
8357,-118.585,34.345,0.1234,0.0423,0.0989,0.049,0.8445,0.4352,1.4414,0.9802,0.2213,0.0812,0.053,0.0362,0.1978,0.1002,0.3225,0.1368
8358,-118.575,34.345,0.1247,0.0425,0.1006,0.0499,0.8957,0.4706,1.4719,1.0015,0.2317,0.0865,0.0542,0.0358,0.1982,0.101,0.3352,0.1448
8359,-118.565,34.345,0.1262,0.0427,0.1022,0.0507,0.9488,0.5084,1.5032,1.0253,0.2415,0.0916,0.0555,0.0356,0.1987,0.1018,0.3471,0.1525
8360,-118.555,34.345,0.1281,0.0431,0.1035,0.0513,1.0061,0.5532,1.5335,1.0562,0.2511,0.0966,0.0573,0.0361,0.1997,0.103,0.358,0.1595
8361,-118.545,34.345,0.1304,0.0436,0.1042,0.0516,1.0631,0.5914,1.5686,1.0746,0.2607,0.1016,0.0583,0.0363,0.1978,0.102,0.3674,0.1654
8362,-118.535,34.345,0.1286,0.0423,0.1045,0.0516,1.1196,0.623,1.6086,1.0805,0.263,0.1021,0.0585,0.0364,0.193,0.0988,0.3686,0.1644
8363,-118.525,34.345,0.1244,0.04,0.1043,0.0513,1.1787,0.6534,1.6347,1.0731,0.2603,0.0997,0.0586,0.0367,0.1871,0.0951,0.3693,0.1634
8364,-118.515,34.345,0.1258,0.0401,0.1042,0.051,1.2401,0.6919,1.6523,1.0708,0.2662,0.1023,0.0593,0.0376,0.1828,0.0924,0.3741,0.1657
8365,-118.505,34.345,0.1287,0.0408,0.105,0.0514,1.3102,0.7716,1.6423,1.106,0.2742,0.1063,0.0634,0.0412,0.1873,0.0961,0.3834,0.1717
8366,-118.495,34.345,0.1304,0.0409,0.1041,0.0506,1.3635,0.7997,1.6216,1.0665,0.2799,0.1088,0.0634,0.0413,0.1817,0.0926,0.387,0.1731
8367,-118.485,34.345,0.1226,0.0372,0.1013,0.0488,1.4,0.7762,1.59,0.9521,0.2685,0.1015,0.0593,0.038,0.166,0.082,0.3611,0.1539
8368,-118.475,34.345,0.1006,0.0285,0.0954,0.0451,1.4311,0.7808,1.5778,0.8856,0.227,0.0801,0.0573,0.0364,0.1568,0.0763,0.3439,0.1412
8369,-118.465,34.345,0.1189,0.0347,0.0895,0.0415,1.4486,0.7808,1.5539,0.8184,0.2654,0.099,0.0552,0.0347,0.1475,0.0706,0.3419,0.1395
8370,-118.455,34.345,0.1181,0.0339,0.0874,0.0402,1.4054,0.7297,1.4536,0.6999,0.2647,0.0986,0.0502,0.0306,0.1313,0.061,0.3427,0.1393
8371,-118.445,34.345,0.1189,0.0337,0.0837,0.038,1.3874,0.7091,1.3698,0.6154,0.2665,0.0993,0.0471,0.0284,0.12,0.0545,0.34,0.1373
8372,-118.435,34.345,0.1075,0.0293,0.0786,0.0349,1.3947,0.7192,1.3025,0.5648,0.2426,0.0872,0.0461,0.0279,0.1135,0.051,0.3173,0.125
8373,-118.425,34.345,0.0913,0.0232,0.0675,0.0288,1.3778,0.7087,1.1872,0.4981,0.2069,0.0698,0.0442,0.0268,0.1051,0.0464,0.2857,0.1083
8374,-118.415,34.345,0.0834,0.0204,0.0569,0.0231,1.3632,0.6998,1.0707,0.4345,0.187,0.0612,0.0427,0.026,0.0973,0.0421,0.2681,0.0996
8375,-118.405,34.345,0.082,0.0198,0.0543,0.0217,1.3832,0.7186,0.9958,0.4029,0.1813,0.0589,0.0435,0.0266,0.0943,0.0407,0.2628,0.097
8376,-118.395,34.345,0.0842,0.0202,0.0528,0.021,1.3864,0.7155,0.9316,0.3782,0.1831,0.0597,0.045,0.0276,0.0925,0.0398,0.2628,0.0971
8377,-118.385,34.345,0.0865,0.0206,0.0526,0.0209,1.3729,0.6904,0.878,0.3606,0.1848,0.0604,0.0472,0.0289,0.0919,0.0397,0.2668,0.099
8378,-118.375,34.345,0.0889,0.0211,0.0524,0.0208,1.4052,0.6973,0.8584,0.3629,0.1863,0.061,0.0524,0.0324,0.0959,0.0421,0.2737,0.1022
8379,-118.365,34.345,0.0914,0.0216,0.0521,0.0207,1.4354,0.7031,0.8387,0.3648,0.1877,0.0616,0.0578,0.0358,0.0999,0.0446,0.2837,0.107
8380,-118.355,34.345,0.0937,0.0221,0.0519,0.0205,1.4095,0.671,0.7847,0.3445,0.1888,0.0621,0.061,0.0371,0.0995,0.0445,0.2919,0.111
8381,-118.345,34.345,0.1066,0.0258,0.0539,0.0215,1.3552,0.6217,0.7188,0.315,0.2109,0.0717,0.0624,0.0369,0.0965,0.0429,0.2997,0.1147
8382,-118.335,34.345,0.1107,0.0268,0.0582,0.0237,1.2724,0.5553,0.641,0.2763,0.2168,0.0739,0.0618,0.035,0.0908,0.0398,0.3061,0.1177
8383,-118.325,34.345,0.1005,0.0235,0.0549,0.022,1.2582,0.5292,0.5956,0.256,0.1952,0.0644,0.0627,0.0345,0.0888,0.0389,0.2976,0.1134
8384,-118.315,34.345,0.1027,0.024,0.0508,0.02,1.2561,0.5117,0.5587,0.2404,0.1973,0.0651,0.0635,0.034,0.0877,0.0384,0.2969,0.1129
8385,-118.305,34.345,0.1047,0.0244,0.0506,0.0199,1.2439,0.496,0.5314,0.2283,0.1992,0.0656,0.062,0.0324,0.087,0.0382,0.299,0.1136
8386,-118.295,34.345,0.1066,0.0248,0.0503,0.0198,1.2315,0.4812,0.507,0.217,0.2008,0.0661,0.0603,0.0308,0.0863,0.038,0.3021,0.1147
8387,-118.285,34.345,0.1084,0.0253,0.0501,0.0197,1.2187,0.4673,0.4855,0.2066,0.2022,0.0664,0.0582,0.029,0.0856,0.0377,0.3055,0.116
8388,-118.275,34.345,0.1102,0.0257,0.05,0.0196,1.2018,0.4531,0.4675,0.1971,0.2032,0.0667,0.0562,0.0275,0.085,0.0375,0.3093,0.1174
8389,-118.265,34.345,0.1117,0.026,0.0498,0.0195,1.1779,0.4369,0.4508,0.1879,0.204,0.0669,0.0543,0.026,0.0843,0.0373,0.3132,0.1189
8390,-118.255,34.345,0.1132,0.0264,0.0497,0.0195,1.1247,0.4113,0.4363,0.1796,0.2045,0.067,0.0527,0.0248,0.0837,0.037,0.3172,0.1204
8391,-118.245,34.345,0.1144,0.0267,0.0496,0.0194,1.0574,0.3817,0.4225,0.1716,0.2048,0.067,0.0511,0.0236,0.083,0.0368,0.3215,0.122
8392,-118.235,34.345,0.1156,0.027,0.0495,0.0194,0.9762,0.3481,0.4094,0.1638,0.2049,0.067,0.0497,0.0226,0.0823,0.0365,0.3258,0.1238
8393,-118.225,34.345,0.1166,0.0273,0.0494,0.0193,0.8961,0.3158,0.3965,0.1564,0.2049,0.067,0.0485,0.0218,0.0816,0.0363,0.3303,0.1256
8394,-118.215,34.345,0.1174,0.0276,0.0493,0.0193,0.8181,0.2847,0.3836,0.1492,0.2051,0.0671,0.0473,0.0211,0.0809,0.036,0.335,0.1275
8395,-118.205,34.345,0.118,0.0278,0.0493,0.0192,0.7494,0.2578,0.3709,0.1424,0.2053,0.0672,0.0462,0.0204,0.0802,0.0357,0.34,0.1295
8396,-118.195,34.345,0.1185,0.028,0.0492,0.0192,0.6884,0.234,0.3583,0.1359,0.2056,0.0674,0.0451,0.0199,0.0795,0.0355,0.3452,0.1316
8397,-118.185,34.345,0.1189,0.0281,0.0492,0.0192,0.635,0.2132,0.3459,0.1297,0.2059,0.0676,0.0441,0.0194,0.0787,0.0352,0.3507,0.1339
8398,-118.175,34.345,0.1191,0.0282,0.0492,0.0192,0.5904,0.196,0.334,0.1241,0.2065,0.0678,0.0432,0.019,0.078,0.0349,0.3565,0.1364
8399,-118.165,34.345,0.1191,0.0283,0.0492,0.0192,0.5489,0.1801,0.3223,0.1187,0.2093,0.0689,0.0422,0.0187,0.0773,0.0346,0.3627,0.1391
8400,-118.155,34.345,0.119,0.0284,0.0493,0.0192,0.5138,0.167,0.3115,0.114,0.2135,0.0704,0.0413,0.0184,0.0766,0.0344,0.3693,0.1419
8401,-118.145,34.345,0.1188,0.0285,0.0493,0.0192,0.4816,0.155,0.3013,0.1096,0.2182,0.0721,0.0403,0.0182,0.076,0.0341,0.3764,0.145
8402,-118.135,34.345,0.1184,0.0285,0.0494,0.0192,0.4524,0.1443,0.2915,0.1055,0.223,0.0739,0.0394,0.018,0.0753,0.0339,0.3838,0.1483
8403,-118.125,34.345,0.1179,0.0284,0.0494,0.0192,0.4269,0.1351,0.2824,0.1019,0.2282,0.0759,0.0385,0.0178,0.0746,0.0336,0.3916,0.1518
8404,-118.115,34.345,0.1172,0.0284,0.0495,0.0193,0.4029,0.1265,0.2736,0.0984,0.2338,0.078,0.0375,0.0177,0.074,0.0334,0.3999,0.1556
8405,-118.105,34.345,0.1164,0.0283,0.0495,0.0193,0.382,0.1191,0.2656,0.0954,0.2397,0.0803,0.0365,0.0177,0.0733,0.0331,0.4089,0.1597
8406,-118.095,34.345,0.1154,0.0282,0.0496,0.0193,0.3626,0.1123,0.2579,0.0925,0.2456,0.0827,0.0355,0.0177,0.0726,0.0329,0.4182,0.164
8407,-118.085,34.345,0.1143,0.028,0.0496,0.0193,0.3446,0.1061,0.2505,0.0899,0.2516,0.0851,0.0345,0.0177,0.072,0.0326,0.428,0.1686
8408,-118.075,34.345,0.1131,0.0278,0.0496,0.0193,0.3285,0.1005,0.2435,0.0874,0.2575,0.0876,0.0335,0.0178,0.0713,0.0324,0.4384,0.1735
8409,-118.065,34.345,0.1118,0.0276,0.0496,0.0193,0.313,0.0952,0.2366,0.0851,0.2633,0.0902,0.0324,0.0178,0.0706,0.0321,0.4493,0.1787
8410,-118.055,34.345,0.1104,0.0273,0.0495,0.0193,0.2991,0.0906,0.23,0.0829,0.2688,0.0927,0.0313,0.0179,0.0699,0.0318,0.4606,0.1841
8411,-118.045,34.345,0.109,0.027,0.0494,0.0193,0.2858,0.0861,0.2235,0.0807,0.2739,0.0951,0.0303,0.018,0.0691,0.0315,0.4719,0.1896
8412,-118.035,34.345,0.1075,0.0267,0.0493,0.0192,0.2733,0.082,0.2171,0.0786,0.2781,0.0971,0.0293,0.0181,0.0683,0.0311,0.4827,0.1949
8413,-118.025,34.345,0.1061,0.0264,0.0493,0.0193,0.2629,0.0786,0.2119,0.077,0.2801,0.0981,0.0289,0.0181,0.0678,0.031,0.4915,0.1986
8414,-118.015,34.345,0.1057,0.0264,0.0495,0.0194,0.2533,0.0756,0.2071,0.0756,0.2807,0.0981,0.0288,0.018,0.0673,0.0308,0.4985,0.2009
8415,-118.005,34.345,0.1054,0.0265,0.0498,0.0196,0.2458,0.0733,0.2034,0.0746,0.2797,0.0973,0.0293,0.0178,0.0672,0.0309,0.5042,0.2024
8416,-117.995,34.345,0.105,0.0265,0.0501,0.0197,0.2384,0.0711,0.1997,0.0736,0.2776,0.0961,0.0298,0.0177,0.0671,0.0309,0.5093,0.2034
8417,-117.985,34.345,0.1046,0.0265,0.0503,0.0199,0.2314,0.069,0.1959,0.0726,0.275,0.0948,0.0303,0.0175,0.0669,0.0309,0.5143,0.2044
8418,-117.975,34.345,0.1041,0.0265,0.0505,0.02,0.2248,0.0671,0.1922,0.0716,0.2722,0.0934,0.0307,0.0174,0.0666,0.0309,0.5198,0.2056
8419,-117.965,34.345,0.1036,0.0264,0.0506,0.0202,0.2184,0.0652,0.1886,0.0705,0.269,0.092,0.0312,0.0173,0.0664,0.0309,0.5257,0.2071
8420,-117.955,34.345,0.1031,0.0264,0.0508,0.0203,0.2126,0.0636,0.1851,0.0695,0.2656,0.0906,0.0317,0.0172,0.0661,0.0308,0.532,0.2089
8421,-117.945,34.345,0.1025,0.0263,0.0509,0.0204,0.2071,0.062,0.1817,0.0685,0.2622,0.0892,0.0321,0.0171,0.0658,0.0308,0.5394,0.2112
8422,-117.935,34.345,0.1018,0.0262,0.051,0.0205,0.2019,0.0605,0.1784,0.0675,0.2587,0.0878,0.0326,0.017,0.0656,0.0308,0.5473,0.2139
8423,-117.925,34.345,0.1011,0.0261,0.0511,0.0206,0.1971,0.0592,0.1753,0.0665,0.255,0.0865,0.0331,0.017,0.0653,0.0307,0.556,0.2169
8424,-117.915,34.345,0.1002,0.026,0.0511,0.0207,0.1925,0.058,0.1723,0.0656,0.2513,0.0852,0.0336,0.017,0.0651,0.0307,0.5654,0.2203
8425,-117.905,34.345,0.0994,0.0259,0.0512,0.0208,0.1885,0.0569,0.1696,0.0648,0.2476,0.084,0.0341,0.0171,0.0649,0.0307,0.5756,0.2241
8426,-117.895,34.345,0.0986,0.0258,0.0512,0.0209,0.1847,0.0559,0.167,0.064,0.2438,0.0827,0.0346,0.0171,0.0647,0.0307,0.5868,0.2285
8427,-117.885,34.345,0.0977,0.0256,0.0513,0.021,0.1812,0.055,0.1646,0.0633,0.2401,0.0815,0.0352,0.0172,0.0645,0.0307,0.5989,0.2333
8428,-117.875,34.345,0.0968,0.0255,0.0513,0.0211,0.178,0.0542,0.1623,0.0627,0.2362,0.0803,0.0358,0.0174,0.0643,0.0307,0.6118,0.2386
8429,-117.865,34.345,0.096,0.0254,0.0513,0.0212,0.175,0.0534,0.1602,0.0621,0.2325,0.0791,0.0365,0.0175,0.0642,0.0307,0.6254,0.2442
8430,-117.855,34.345,0.0952,0.0253,0.0513,0.0213,0.1725,0.0528,0.1584,0.0617,0.2287,0.0779,0.0372,0.0177,0.064,0.0308,0.6453,0.2529
8431,-117.845,34.345,0.0944,0.0252,0.0517,0.0216,0.1784,0.0557,0.1646,0.0655,0.2249,0.0767,0.0399,0.0192,0.0672,0.033,0.68,0.2702
8432,-117.835,34.345,0.095,0.0256,0.0525,0.0221,0.1927,0.0623,0.1787,0.0736,0.2245,0.077,0.0448,0.022,0.0737,0.0374,0.7065,0.2828
8433,-117.825,34.345,0.0929,0.0251,0.052,0.022,0.1798,0.0571,0.1671,0.0679,0.2176,0.0745,0.043,0.0206,0.0693,0.0346,0.7047,0.2792
8434,-117.815,34.345,0.0922,0.025,0.0513,0.0217,0.1641,0.0506,0.1529,0.0608,0.214,0.0735,0.0406,0.0189,0.0638,0.0311,0.7152,0.2832
8435,-117.805,34.345,0.0916,0.025,0.0514,0.0218,0.1626,0.0502,0.1521,0.0608,0.2105,0.0724,0.0417,0.0193,0.0639,0.0313,0.7338,0.2913
8436,-117.795,34.345,0.091,0.025,0.0514,0.022,0.1613,0.0498,0.1515,0.0609,0.2071,0.0715,0.0428,0.0198,0.0639,0.0314,0.7564,0.3016
8437,-117.785,34.345,0.0905,0.025,0.0514,0.0221,0.1601,0.0494,0.151,0.061,0.2039,0.0705,0.0441,0.0203,0.064,0.0316,0.7806,0.3126
8438,-117.775,34.345,0.09,0.0251,0.0514,0.0222,0.1591,0.0491,0.1509,0.0611,0.2008,0.0696,0.0455,0.0209,0.0642,0.0318,0.8059,0.3243
8439,-117.765,34.345,0.0895,0.0251,0.0514,0.0223,0.1581,0.0487,0.1509,0.0611,0.1977,0.0687,0.047,0.0216,0.0644,0.0321,0.8332,0.337
8440,-117.755,34.345,0.089,0.0251,0.0514,0.0224,0.1573,0.0483,0.1511,0.0609,0.1946,0.0678,0.0486,0.0223,0.0645,0.0323,0.861,0.3501
8441,-117.745,34.345,0.0883,0.0251,0.0515,0.0226,0.1562,0.0479,0.1513,0.0602,0.1912,0.0668,0.0502,0.023,0.0646,0.0324,0.8901,0.3638
8442,-117.735,34.345,0.0875,0.0251,0.0515,0.0228,0.155,0.0473,0.1516,0.0592,0.1875,0.0657,0.0518,0.0238,0.0645,0.0325,0.9251,0.3808
8443,-117.725,34.345,0.0943,0.0278,0.0528,0.0236,0.1569,0.0479,0.1553,0.059,0.1996,0.0717,0.0546,0.0252,0.0657,0.0334,0.9715,0.4043
8444,-117.715,34.345,0.089,0.0261,0.0535,0.0241,0.158,0.0482,0.1583,0.0584,0.1867,0.0663,0.057,0.0265,0.0666,0.0341,1.0007,0.4181
8445,-117.705,34.345,0.084,0.0245,0.0507,0.0227,0.1518,0.0456,0.1541,0.0542,0.1745,0.0613,0.0568,0.0263,0.0643,0.0328,1.0135,0.4228
8446,-117.695,34.345,0.0827,0.0243,0.0491,0.0219,0.1536,0.0461,0.1582,0.0538,0.1702,0.0598,0.0593,0.0279,0.0654,0.0337,1.0205,0.4239
8447,-117.685,34.345,0.0816,0.0241,0.0485,0.0218,0.1632,0.0497,0.1704,0.057,0.1661,0.0584,0.0644,0.031,0.0699,0.0369,1.0681,0.4487
8448,-117.675,34.345,0.0808,0.024,0.048,0.0216,0.1585,0.0474,0.1676,0.0541,0.1628,0.0573,0.0633,0.0306,0.0681,0.0357,1.099,0.4633
8449,-117.665,34.345,0.0795,0.0237,0.0478,0.0216,0.1519,0.0444,0.1627,0.0505,0.1586,0.0558,0.0612,0.0297,0.0655,0.034,1.1228,0.4737
8450,-117.655,34.345,0.0794,0.0239,0.0494,0.0228,0.1505,0.0434,0.1625,0.0505,0.1568,0.0554,0.0605,0.0299,0.0651,0.0339,1.1552,0.4889
8451,-118.945,34.355,0.0747,0.0308,0.0679,0.0357,0.2456,0.1132,0.4964,0.2471,0.1226,0.0474,0.0271,0.0347,0.2235,0.1078,0.2413,0.107
8452,-118.935,34.355,0.0733,0.0299,0.0649,0.0335,0.2526,0.117,0.5182,0.2603,0.121,0.0464,0.0265,0.0335,0.2243,0.1085,0.2422,0.1068
8453,-118.925,34.355,0.0735,0.0297,0.0646,0.0331,0.2534,0.1169,0.53,0.2648,0.1217,0.0465,0.0255,0.0316,0.2197,0.1055,0.2423,0.1062
8454,-118.915,34.355,0.0763,0.0308,0.0659,0.0338,0.2539,0.1164,0.5409,0.2686,0.1263,0.0486,0.0246,0.0299,0.2148,0.1023,0.2456,0.1078
8455,-118.905,34.355,0.0828,0.0339,0.0723,0.0378,0.2588,0.1189,0.5573,0.2776,0.1367,0.0537,0.0245,0.0294,0.2137,0.1019,0.2533,0.1122
8456,-118.895,34.355,0.0881,0.0363,0.0757,0.0399,0.2637,0.1214,0.5722,0.2851,0.145,0.0577,0.0246,0.0292,0.2127,0.1014,0.2606,0.1162
8457,-118.885,34.355,0.0895,0.0367,0.076,0.0399,0.2686,0.1237,0.5859,0.2912,0.1473,0.0585,0.0248,0.0292,0.2116,0.1009,0.2645,0.1181
8458,-118.875,34.355,0.0907,0.037,0.0757,0.0397,0.2738,0.1261,0.599,0.2974,0.1494,0.0593,0.0252,0.0293,0.2106,0.1004,0.2668,0.1188
8459,-118.865,34.355,0.0915,0.0371,0.0755,0.0394,0.2801,0.1292,0.614,0.3053,0.1508,0.0596,0.0257,0.0297,0.2104,0.1004,0.2707,0.1205
8460,-118.855,34.355,0.0933,0.0376,0.0759,0.0396,0.2919,0.1357,0.6387,0.3219,0.1535,0.0606,0.0269,0.0309,0.2141,0.1029,0.2758,0.1232
8461,-118.845,34.355,0.0945,0.0379,0.0761,0.0395,0.3022,0.1414,0.6604,0.3368,0.1554,0.0612,0.028,0.032,0.2165,0.1046,0.2814,0.1262
8462,-118.835,34.355,0.0956,0.0382,0.076,0.0394,0.311,0.1462,0.679,0.3501,0.1572,0.0617,0.029,0.0328,0.2175,0.1055,0.2847,0.1277
8463,-118.825,34.355,0.0968,0.0384,0.076,0.0393,0.3182,0.1497,0.6954,0.3613,0.1591,0.0622,0.0297,0.0334,0.2167,0.1052,0.2866,0.1283
8464,-118.815,34.355,0.098,0.0387,0.076,0.0392,0.3252,0.153,0.7116,0.3724,0.1609,0.0627,0.0305,0.0338,0.2155,0.1046,0.2884,0.1286
8465,-118.805,34.355,0.0991,0.0389,0.0761,0.0391,0.3329,0.1567,0.7292,0.3849,0.1627,0.0632,0.0313,0.0344,0.2144,0.1041,0.2901,0.129
8466,-118.795,34.355,0.1003,0.0392,0.0763,0.0391,0.3411,0.1607,0.7478,0.3984,0.1646,0.0637,0.0322,0.0349,0.2132,0.1035,0.2918,0.1293
8467,-118.785,34.355,0.1014,0.0394,0.0766,0.0391,0.3499,0.1649,0.7676,0.4129,0.1665,0.0642,0.0331,0.0355,0.2121,0.1029,0.2935,0.1297
8468,-118.775,34.355,0.1024,0.0395,0.077,0.0392,0.3599,0.1697,0.7896,0.4297,0.1685,0.0647,0.0342,0.0361,0.211,0.1024,0.2952,0.1301
8469,-118.765,34.355,0.1034,0.0397,0.0775,0.0393,0.3705,0.1747,0.8125,0.4474,0.1704,0.0653,0.0353,0.0367,0.2098,0.1019,0.2968,0.1305
8470,-118.755,34.355,0.1044,0.0398,0.0781,0.0395,0.3824,0.1805,0.8377,0.4675,0.1724,0.0658,0.0364,0.0372,0.2088,0.1014,0.2985,0.1309
8471,-118.745,34.355,0.1053,0.0399,0.0788,0.0397,0.3954,0.1868,0.8686,0.4916,0.1744,0.0663,0.0375,0.0378,0.2077,0.101,0.3,0.1312
8472,-118.735,34.355,0.1062,0.04,0.0795,0.04,0.4094,0.1936,0.9051,0.5195,0.1764,0.0669,0.0387,0.0383,0.2067,0.1005,0.3013,0.1314
8473,-118.725,34.355,0.1071,0.0401,0.0803,0.0403,0.4255,0.2014,0.9463,0.5521,0.1783,0.0674,0.0398,0.0387,0.2057,0.1002,0.3026,0.1316
8474,-118.715,34.355,0.1079,0.0402,0.0812,0.0406,0.4424,0.2096,0.9892,0.5866,0.1803,0.0678,0.041,0.0392,0.2048,0.0998,0.3037,0.1316
8475,-118.705,34.355,0.1088,0.0402,0.0821,0.041,0.4615,0.219,1.0355,0.6259,0.182,0.0682,0.0422,0.0395,0.204,0.0995,0.3044,0.1315
8476,-118.695,34.355,0.1096,0.0403,0.0831,0.0414,0.4821,0.2292,1.0829,0.6674,0.1837,0.0685,0.0434,0.0398,0.2032,0.0993,0.3047,0.131
8477,-118.685,34.355,0.1105,0.0403,0.0841,0.0418,0.5042,0.2402,1.1312,0.7109,0.1852,0.0687,0.0446,0.04,0.2025,0.0991,0.3046,0.1303
8478,-118.675,34.355,0.1113,0.0403,0.0851,0.0423,0.5291,0.2529,1.1788,0.7567,0.1863,0.0687,0.0457,0.0401,0.2019,0.099,0.3042,0.1293
8479,-118.665,34.355,0.1122,0.0404,0.0863,0.0429,0.5553,0.2663,1.224,0.8021,0.1873,0.0686,0.0468,0.0401,0.2014,0.0989,0.3033,0.128
8480,-118.655,34.355,0.1132,0.0405,0.0876,0.0435,0.5847,0.2818,1.258,0.8424,0.1881,0.0684,0.0478,0.04,0.2012,0.0991,0.3021,0.1264
8481,-118.645,34.355,0.1143,0.0406,0.0891,0.0442,0.6164,0.299,1.2879,0.8798,0.1887,0.0681,0.0488,0.0398,0.2012,0.0995,0.3008,0.1248
8482,-118.635,34.355,0.1155,0.0408,0.0907,0.045,0.6505,0.318,1.3137,0.9143,0.1892,0.0677,0.0497,0.0396,0.2014,0.1,0.2994,0.1232
8483,-118.625,34.355,0.1168,0.041,0.0923,0.0459,0.6882,0.3396,1.3315,0.9368,0.1899,0.0674,0.0506,0.0391,0.2016,0.1005,0.2981,0.1216
8484,-118.615,34.355,0.1178,0.0411,0.0939,0.0467,0.7274,0.3623,1.3486,0.9555,0.1925,0.0682,0.0513,0.0386,0.2017,0.1009,0.3005,0.1225
8485,-118.605,34.355,0.1188,0.0411,0.0955,0.0475,0.7701,0.3878,1.3695,0.9671,0.1988,0.0711,0.0519,0.0377,0.2017,0.1013,0.3083,0.127
8486,-118.595,34.355,0.1198,0.0412,0.0971,0.0483,0.8156,0.4158,1.3954,0.9791,0.2076,0.0755,0.0524,0.0368,0.2016,0.1017,0.3198,0.134
8487,-118.585,34.355,0.1209,0.0413,0.0988,0.0492,0.864,0.4465,1.4264,0.9916,0.2171,0.0802,0.053,0.0358,0.2017,0.1022,0.3325,0.142
8488,-118.575,34.355,0.1222,0.0415,0.1003,0.0499,0.9126,0.4741,1.4678,0.9941,0.2267,0.0851,0.0529,0.0341,0.1989,0.1007,0.3427,0.148
8489,-118.565,34.355,0.1227,0.0412,0.1013,0.0504,0.9641,0.5052,1.5101,1.0004,0.2343,0.089,0.0531,0.0326,0.1966,0.0996,0.3538,0.1551
8490,-118.555,34.355,0.122,0.0405,0.1003,0.0495,1.0289,0.5569,1.5471,1.0352,0.2394,0.0913,0.055,0.0329,0.1993,0.1019,0.3628,0.1605
8491,-118.545,34.355,0.1209,0.0396,0.0988,0.0484,1.0922,0.5988,1.5893,1.0512,0.243,0.0927,0.056,0.0332,0.1979,0.1013,0.3672,0.1622
8492,-118.535,34.355,0.1168,0.0374,0.097,0.0471,1.1538,0.631,1.6365,1.0484,0.2405,0.0905,0.0558,0.0335,0.1924,0.0977,0.3673,0.1605
8493,-118.525,34.355,0.1121,0.0349,0.0962,0.0464,1.2196,0.6609,1.6519,1.0233,0.2357,0.087,0.0553,0.0339,0.1855,0.0932,0.3679,0.1593
8494,-118.515,34.355,0.1153,0.0357,0.0965,0.0465,1.2886,0.7001,1.6572,1.0044,0.2436,0.0908,0.0556,0.035,0.1804,0.09,0.3747,0.1632
8495,-118.505,34.355,0.1254,0.0394,0.1015,0.0495,1.3688,0.7871,1.6443,1.0389,0.2627,0.1013,0.0596,0.0391,0.1854,0.094,0.3873,0.1718
8496,-118.495,34.355,0.127,0.0395,0.1029,0.0502,1.4316,0.8264,1.6173,1.0048,0.267,0.1031,0.0601,0.0399,0.181,0.0914,0.3882,0.1711
8497,-118.485,34.355,0.1205,0.0363,0.1006,0.0487,1.477,0.8178,1.5761,0.9022,0.2566,0.0965,0.0569,0.0376,0.1673,0.0823,0.356,0.1477
8498,-118.475,34.355,0.08,0.021,0.0831,0.0385,1.4507,0.7608,1.4943,0.7842,0.177,0.0573,0.052,0.0336,0.149,0.071,0.3215,0.1259
8499,-118.465,34.355,0.0883,0.0236,0.0659,0.0284,1.4101,0.6991,1.4025,0.6688,0.1947,0.0656,0.0472,0.0295,0.1308,0.06,0.2982,0.1135
8500,-118.455,34.355,0.0888,0.0235,0.0651,0.0279,1.371,0.6631,1.3029,0.5819,0.1954,0.0661,0.0439,0.0269,0.1184,0.0529,0.2998,0.1144
8501,-118.445,34.355,0.0897,0.0234,0.0635,0.027,1.3556,0.6503,1.2183,0.5178,0.1968,0.0667,0.0421,0.0254,0.1096,0.048,0.3003,0.1147
8502,-118.435,34.355,0.0828,0.0208,0.0611,0.0256,1.3639,0.6609,1.1487,0.4767,0.1815,0.0597,0.0417,0.0251,0.1046,0.0455,0.289,0.1088
8503,-118.425,34.355,0.0793,0.0193,0.0577,0.0238,1.3843,0.68,1.0815,0.4438,0.1726,0.0557,0.042,0.0254,0.1013,0.0438,0.2736,0.1009
8504,-118.415,34.355,0.0808,0.0195,0.0546,0.0221,1.4057,0.6992,1.0164,0.414,0.174,0.0563,0.0427,0.0259,0.0984,0.0425,0.2695,0.0991
8505,-118.405,34.355,0.0825,0.0198,0.0537,0.0216,1.4205,0.7107,0.9584,0.3903,0.1755,0.057,0.0439,0.0267,0.0965,0.0416,0.2693,0.0991
8506,-118.395,34.355,0.0844,0.0201,0.053,0.0212,1.4231,0.7087,0.9047,0.3696,0.177,0.0577,0.0455,0.0276,0.0951,0.041,0.2718,0.1003
8507,-118.385,34.355,0.0864,0.0204,0.0526,0.0211,1.4135,0.6932,0.8553,0.352,0.1784,0.0583,0.0475,0.0286,0.0942,0.0407,0.2756,0.1021
8508,-118.375,34.355,0.0885,0.0208,0.0523,0.0209,1.4021,0.6686,0.8051,0.3339,0.1797,0.0589,0.0496,0.0296,0.0934,0.0404,0.2797,0.1041
8509,-118.365,34.355,0.0906,0.0212,0.052,0.0207,1.3874,0.6414,0.7555,0.3158,0.1808,0.0594,0.0519,0.0305,0.0926,0.0401,0.2839,0.106
8510,-118.355,34.355,0.0927,0.0216,0.0517,0.0206,1.359,0.611,0.7089,0.2982,0.182,0.0599,0.0543,0.0313,0.0919,0.0399,0.2896,0.1087
8511,-118.345,34.355,0.0948,0.0219,0.052,0.0207,1.3301,0.582,0.6654,0.2815,0.1839,0.0607,0.0565,0.0319,0.0912,0.0396,0.2966,0.1121
8512,-118.335,34.355,0.0968,0.0223,0.0528,0.0211,1.3007,0.5544,0.6249,0.2657,0.1863,0.0615,0.0587,0.0324,0.0904,0.0394,0.3039,0.1155
8513,-118.325,34.355,0.0988,0.0227,0.0518,0.0206,1.297,0.536,0.59,0.2514,0.1885,0.0623,0.0599,0.0323,0.0897,0.0391,0.3031,0.115
8514,-118.315,34.355,0.1007,0.0231,0.0505,0.02,1.2952,0.5192,0.5573,0.2378,0.1906,0.063,0.0607,0.0319,0.089,0.0389,0.3057,0.116
8515,-118.305,34.355,0.1025,0.0235,0.0503,0.0199,1.2767,0.5006,0.5299,0.2259,0.1923,0.0636,0.0602,0.0308,0.0882,0.0386,0.3094,0.1176
8516,-118.295,34.355,0.1043,0.0239,0.0501,0.0198,1.2584,0.4831,0.5052,0.2147,0.1938,0.064,0.0592,0.0296,0.0875,0.0384,0.3134,0.1192
8517,-118.285,34.355,0.1059,0.0243,0.0499,0.0197,1.2403,0.4666,0.483,0.2042,0.1951,0.0644,0.0578,0.0283,0.0868,0.0381,0.3174,0.1208
8518,-118.275,34.355,0.1075,0.0246,0.0497,0.0196,1.2209,0.4511,0.464,0.1947,0.196,0.0647,0.0562,0.0269,0.0861,0.0379,0.3214,0.1223
8519,-118.265,34.355,0.1089,0.025,0.0495,0.0195,1.1948,0.4339,0.4461,0.1856,0.1967,0.0648,0.0547,0.0256,0.0854,0.0376,0.3256,0.124
8520,-118.255,34.355,0.1102,0.0253,0.0493,0.0195,1.1371,0.408,0.4305,0.1773,0.1971,0.0649,0.0533,0.0245,0.0847,0.0374,0.3299,0.1256
8521,-118.245,34.355,0.1113,0.0256,0.0492,0.0194,1.0676,0.3787,0.4158,0.1693,0.1973,0.0649,0.0519,0.0235,0.084,0.0371,0.3343,0.1273
8522,-118.235,34.355,0.1124,0.0259,0.0491,0.0193,0.9865,0.3461,0.4018,0.1617,0.1973,0.0649,0.0506,0.0225,0.0833,0.0368,0.3389,0.1292
8523,-118.225,34.355,0.1133,0.0261,0.049,0.0193,0.9053,0.3143,0.3884,0.1545,0.1973,0.0649,0.0495,0.0218,0.0826,0.0366,0.3437,0.1311
8524,-118.215,34.355,0.114,0.0264,0.0489,0.0192,0.8257,0.2836,0.3754,0.1475,0.1974,0.0649,0.0483,0.021,0.0818,0.0363,0.3487,0.1331
8525,-118.205,34.355,0.1146,0.0266,0.0488,0.0192,0.7546,0.2567,0.3628,0.1411,0.1975,0.0649,0.0473,0.0204,0.0811,0.036,0.3539,0.1352
8526,-118.195,34.355,0.115,0.0268,0.0488,0.0192,0.691,0.2327,0.3505,0.1349,0.1976,0.065,0.0463,0.0199,0.0804,0.0357,0.3594,0.1375
8527,-118.185,34.355,0.1153,0.0269,0.0488,0.0191,0.635,0.2116,0.3385,0.129,0.1979,0.0652,0.0453,0.0194,0.0796,0.0355,0.3652,0.1399
8528,-118.175,34.355,0.1155,0.0271,0.0487,0.0191,0.5895,0.1946,0.3272,0.1237,0.1983,0.0654,0.0443,0.0191,0.0789,0.0352,0.3713,0.1425
8529,-118.165,34.355,0.1155,0.0272,0.0487,0.0191,0.5476,0.1789,0.3161,0.1186,0.2017,0.0666,0.0434,0.0187,0.0782,0.0349,0.3778,0.1453
8530,-118.155,34.355,0.1153,0.0272,0.0487,0.0191,0.5127,0.1661,0.3058,0.1141,0.2056,0.068,0.0424,0.0185,0.0775,0.0346,0.3847,0.1483
8531,-118.145,34.355,0.1151,0.0273,0.0488,0.0191,0.4808,0.1544,0.2959,0.1098,0.2098,0.0695,0.0415,0.0182,0.0768,0.0344,0.392,0.1515
8532,-118.135,34.355,0.1147,0.0273,0.0488,0.0191,0.4518,0.1439,0.2865,0.1059,0.2142,0.0711,0.0405,0.018,0.0761,0.0341,0.3997,0.1548
8533,-118.125,34.355,0.1142,0.0273,0.0488,0.0191,0.4265,0.1349,0.2778,0.1024,0.2189,0.0729,0.0395,0.0179,0.0754,0.0338,0.4078,0.1584
8534,-118.115,34.355,0.1135,0.0272,0.0489,0.0191,0.4026,0.1264,0.2693,0.0991,0.224,0.0748,0.0386,0.0178,0.0747,0.0336,0.4164,0.1623
8535,-118.105,34.355,0.1127,0.0271,0.0489,0.0191,0.3818,0.1192,0.2616,0.0961,0.2291,0.0768,0.0376,0.0178,0.074,0.0333,0.4255,0.1664
8536,-118.095,34.355,0.1118,0.027,0.0489,0.0192,0.3625,0.1125,0.2542,0.0934,0.2343,0.0788,0.0366,0.0178,0.0734,0.0331,0.435,0.1708
8537,-118.085,34.355,0.1107,0.0269,0.0489,0.0192,0.3446,0.1063,0.247,0.0908,0.2394,0.0809,0.0355,0.0178,0.0727,0.0328,0.4449,0.1753
8538,-118.075,34.355,0.1096,0.0267,0.0489,0.0192,0.3286,0.1008,0.2403,0.0884,0.2444,0.083,0.0345,0.0178,0.072,0.0326,0.4554,0.1801
8539,-118.065,34.355,0.1083,0.0265,0.0489,0.0192,0.3132,0.0956,0.2337,0.0861,0.2492,0.0851,0.0335,0.0178,0.0713,0.0323,0.4661,0.1851
8540,-118.055,34.355,0.107,0.0263,0.0489,0.0192,0.2994,0.091,0.2274,0.084,0.2537,0.0871,0.0325,0.0179,0.0706,0.032,0.477,0.1902
8541,-118.045,34.355,0.1057,0.026,0.0488,0.0192,0.2864,0.0867,0.2214,0.082,0.2576,0.0888,0.0316,0.018,0.0699,0.0317,0.4879,0.1952
8542,-118.035,34.355,0.1046,0.0258,0.0488,0.0192,0.2743,0.0827,0.2156,0.0801,0.2606,0.0902,0.0308,0.018,0.0692,0.0314,0.4981,0.1999
8543,-118.025,34.355,0.1035,0.0256,0.0488,0.0192,0.2639,0.0794,0.2105,0.0785,0.2624,0.091,0.0304,0.018,0.0686,0.0313,0.5069,0.2034
8544,-118.015,34.355,0.1027,0.0255,0.0489,0.0193,0.2542,0.0763,0.2058,0.0771,0.263,0.0911,0.0302,0.0179,0.0682,0.0312,0.5148,0.2062
8545,-118.005,34.355,0.1022,0.0255,0.0491,0.0194,0.2461,0.0738,0.2019,0.0759,0.2624,0.0906,0.0304,0.0178,0.0679,0.0311,0.5218,0.2084
8546,-117.995,34.355,0.1016,0.0255,0.0493,0.0196,0.2384,0.0715,0.198,0.0748,0.2609,0.0898,0.0307,0.0177,0.0677,0.0311,0.5282,0.2101
8547,-117.985,34.355,0.1011,0.0255,0.0495,0.0197,0.2312,0.0693,0.1943,0.0737,0.2589,0.0888,0.0311,0.0175,0.0674,0.0311,0.5343,0.2116
8548,-117.975,34.355,0.1006,0.0254,0.0497,0.0198,0.2244,0.0673,0.1906,0.0726,0.2565,0.0876,0.0315,0.0174,0.0672,0.031,0.5408,0.2134
8549,-117.965,34.355,0.1,0.0254,0.0499,0.02,0.2179,0.0654,0.187,0.0715,0.2539,0.0865,0.0319,0.0173,0.0669,0.031,0.5476,0.2153
8550,-117.955,34.355,0.0995,0.0253,0.05,0.0201,0.212,0.0637,0.1835,0.0704,0.2511,0.0853,0.0323,0.0172,0.0666,0.031,0.555,0.2175
8551,-117.945,34.355,0.0988,0.0253,0.0501,0.0202,0.2064,0.0621,0.1802,0.0694,0.2482,0.0842,0.0327,0.0172,0.0664,0.0309,0.5632,0.2202
8552,-117.935,34.355,0.0981,0.0252,0.0502,0.0203,0.2012,0.0606,0.177,0.0683,0.2453,0.0831,0.0332,0.0171,0.0661,0.0309,0.5722,0.2232
8553,-117.925,34.355,0.0974,0.0251,0.0503,0.0204,0.1964,0.0593,0.174,0.0673,0.2423,0.082,0.0336,0.0171,0.0658,0.0309,0.5819,0.2267
8554,-117.915,34.355,0.0966,0.025,0.0504,0.0205,0.1918,0.058,0.171,0.0663,0.2392,0.081,0.0341,0.0171,0.0656,0.0308,0.5924,0.2307
8555,-117.905,34.355,0.0958,0.0249,0.0504,0.0206,0.1878,0.0569,0.1682,0.0655,0.2362,0.08,0.0346,0.0172,0.0654,0.0308,0.6038,0.2351
8556,-117.895,34.355,0.095,0.0248,0.0505,0.0208,0.184,0.0559,0.1657,0.0646,0.2331,0.079,0.0352,0.0172,0.0651,0.0308,0.6163,0.24
8557,-117.885,34.355,0.0942,0.0247,0.0505,0.0209,0.1805,0.055,0.1633,0.0639,0.2299,0.078,0.0357,0.0173,0.065,0.0308,0.6298,0.2455
8558,-117.875,34.355,0.0934,0.0246,0.0506,0.021,0.1774,0.0542,0.1611,0.0632,0.2268,0.077,0.0364,0.0174,0.0648,0.0308,0.6443,0.2515
8559,-117.865,34.355,0.0927,0.0245,0.0506,0.0211,0.1745,0.0535,0.159,0.0626,0.2237,0.0761,0.037,0.0176,0.0646,0.0309,0.6596,0.2578
8560,-117.855,34.355,0.0919,0.0244,0.0506,0.0212,0.172,0.0529,0.1572,0.0622,0.2205,0.0752,0.0378,0.0178,0.0645,0.0309,0.6768,0.2652
8561,-117.845,34.355,0.0912,0.0244,0.0507,0.0213,0.1697,0.0523,0.1555,0.0619,0.2173,0.0742,0.0386,0.0181,0.0645,0.031,0.6955,0.2733
8562,-117.835,34.355,0.0906,0.0243,0.0509,0.0215,0.1675,0.0518,0.1541,0.0616,0.2142,0.0733,0.0394,0.0184,0.0644,0.0311,0.7153,0.282
8563,-117.825,34.355,0.09,0.0243,0.0508,0.0216,0.1657,0.0513,0.1529,0.0615,0.2111,0.0724,0.0404,0.0187,0.0644,0.0312,0.7358,0.2911
8564,-117.815,34.355,0.0895,0.0243,0.0507,0.0216,0.164,0.0509,0.1518,0.0615,0.2082,0.0716,0.0414,0.0191,0.0644,0.0313,0.7579,0.301
8565,-117.805,34.355,0.089,0.0243,0.0508,0.0217,0.1626,0.0505,0.1511,0.0617,0.2053,0.0708,0.0426,0.0196,0.0645,0.0315,0.7819,0.3119
8566,-117.795,34.355,0.0886,0.0244,0.0508,0.0218,0.1614,0.0502,0.1505,0.062,0.2025,0.07,0.0439,0.0201,0.0647,0.0317,0.8077,0.3238
8567,-117.785,34.355,0.0882,0.0245,0.0509,0.022,0.1603,0.0498,0.1501,0.0623,0.1998,0.0693,0.0453,0.0208,0.0649,0.032,0.8355,0.3368
8568,-117.775,34.355,0.088,0.0246,0.051,0.0222,0.1596,0.0496,0.1502,0.0628,0.1974,0.0687,0.047,0.0215,0.0652,0.0323,0.8648,0.3506
8569,-117.765,34.355,0.0878,0.0247,0.0511,0.0223,0.159,0.0494,0.1505,0.0633,0.195,0.0681,0.0488,0.0223,0.0655,0.0326,0.8981,0.3666
8570,-117.755,34.355,0.0876,0.0249,0.0513,0.0225,0.1592,0.0494,0.1517,0.0639,0.1928,0.0676,0.051,0.0234,0.0662,0.0331,0.9351,0.3848
8571,-117.745,34.355,0.0873,0.025,0.0519,0.023,0.1595,0.0495,0.1532,0.064,0.1902,0.0669,0.0534,0.0246,0.0668,0.0337,0.9752,0.4048
8572,-117.735,34.355,0.0886,0.0257,0.0529,0.0237,0.1599,0.0495,0.155,0.0638,0.1912,0.0678,0.0559,0.0259,0.0675,0.0342,1.0166,0.4257
8573,-117.725,34.355,0.0857,0.0248,0.0521,0.0234,0.1566,0.048,0.1537,0.0607,0.183,0.0646,0.0573,0.0265,0.0665,0.0337,1.0382,0.4351
8574,-117.715,34.355,0.0843,0.0246,0.0509,0.0229,0.1528,0.0464,0.1522,0.0573,0.1784,0.063,0.0585,0.027,0.0653,0.0331,1.0542,0.4414
8575,-117.705,34.355,0.083,0.0243,0.0498,0.0223,0.1507,0.0454,0.1523,0.0545,0.174,0.0615,0.0602,0.0279,0.0648,0.0329,1.0706,0.448
8576,-117.695,34.355,0.0819,0.0241,0.0489,0.022,0.1492,0.0445,0.1532,0.0521,0.1698,0.06,0.0619,0.0289,0.0645,0.0328,1.0937,0.4584
8577,-117.685,34.355,0.0808,0.0239,0.0483,0.0218,0.1482,0.0438,0.1546,0.0499,0.1659,0.0587,0.0636,0.0299,0.0644,0.0328,1.1245,0.473
8578,-117.675,34.355,0.0798,0.0238,0.0478,0.0216,0.1579,0.0474,0.1677,0.0529,0.1621,0.0574,0.0693,0.0341,0.0692,0.0363,1.1802,0.503
8579,-117.665,34.355,0.0793,0.0239,0.0487,0.0223,0.1666,0.0506,0.1795,0.0559,0.1595,0.0566,0.074,0.0377,0.0735,0.0395,1.2493,0.5431
8580,-117.655,34.355,0.087,0.0272,0.0566,0.0273,0.1599,0.0469,0.1734,0.0536,0.1724,0.0633,0.0693,0.0353,0.0703,0.0373,1.3181,0.587
8581,-118.945,34.365,0.0786,0.033,0.0715,0.0383,0.2512,0.117,0.5048,0.2579,0.1281,0.0507,0.0266,0.0343,0.2313,0.1124,0.2511,0.1134
8582,-118.935,34.365,0.0793,0.0331,0.0675,0.0354,0.2568,0.12,0.5247,0.2702,0.1295,0.0513,0.0257,0.0327,0.2307,0.1121,0.2493,0.1113
8583,-118.925,34.365,0.0778,0.032,0.0671,0.0349,0.2471,0.113,0.519,0.2605,0.1276,0.05,0.0235,0.0289,0.217,0.1029,0.2466,0.1087
8584,-118.915,34.365,0.0721,0.0287,0.0679,0.0353,0.2362,0.1052,0.5108,0.2487,0.1192,0.0452,0.0212,0.0252,0.2023,0.0931,0.2458,0.1075
8585,-118.905,34.365,0.0727,0.0288,0.0711,0.0372,0.2349,0.1039,0.5159,0.2492,0.1202,0.0455,0.0206,0.024,0.1965,0.0897,0.2501,0.1093
8586,-118.895,34.365,0.0746,0.0295,0.072,0.0377,0.2364,0.1041,0.5236,0.251,0.1233,0.0468,0.0205,0.0234,0.193,0.0877,0.2543,0.1111
8587,-118.885,34.365,0.0756,0.0297,0.0706,0.0366,0.2407,0.106,0.5338,0.2541,0.1249,0.0473,0.0208,0.0235,0.1919,0.0872,0.2556,0.1113
8588,-118.875,34.365,0.0765,0.0299,0.07,0.0361,0.2452,0.1079,0.5442,0.2577,0.1265,0.0478,0.0213,0.0238,0.1909,0.0867,0.2584,0.1122
8589,-118.865,34.365,0.0781,0.0304,0.07,0.036,0.253,0.1119,0.5605,0.2664,0.129,0.0486,0.0222,0.0246,0.1924,0.0878,0.2626,0.1142
8590,-118.855,34.365,0.0846,0.0333,0.072,0.0372,0.2768,0.126,0.6061,0.2991,0.1389,0.0533,0.0248,0.0277,0.2057,0.0964,0.2707,0.1188
8591,-118.845,34.365,0.0919,0.0367,0.0736,0.0382,0.2957,0.1374,0.6417,0.3255,0.1498,0.0585,0.0269,0.0302,0.2149,0.1027,0.2813,0.1252
8592,-118.835,34.365,0.0947,0.0378,0.0748,0.0389,0.3097,0.1459,0.6672,0.3456,0.1539,0.0603,0.0287,0.032,0.22,0.1064,0.287,0.1283
8593,-118.825,34.365,0.0958,0.038,0.075,0.0389,0.3176,0.15,0.684,0.3569,0.1555,0.0607,0.0297,0.0328,0.2199,0.1066,0.2891,0.1289
8594,-118.815,34.365,0.0969,0.0382,0.0749,0.0387,0.3245,0.1533,0.6992,0.3668,0.157,0.0611,0.0305,0.0333,0.2187,0.106,0.2906,0.1291
8595,-118.805,34.365,0.098,0.0384,0.0749,0.0386,0.3321,0.157,0.7159,0.3783,0.1586,0.0614,0.0315,0.0339,0.2175,0.1054,0.2922,0.1292
8596,-118.795,34.365,0.099,0.0386,0.0751,0.0386,0.3402,0.161,0.7337,0.3909,0.1603,0.0618,0.0324,0.0345,0.2164,0.1049,0.2937,0.1294
8597,-118.785,34.365,0.1,0.0388,0.0753,0.0386,0.349,0.1653,0.7526,0.4046,0.162,0.0622,0.0335,0.0351,0.2153,0.1043,0.2953,0.1298
8598,-118.775,34.365,0.101,0.0389,0.0758,0.0387,0.3591,0.1703,0.7737,0.4207,0.1637,0.0627,0.0346,0.0358,0.2142,0.1039,0.297,0.1301
8599,-118.765,34.365,0.1019,0.0391,0.0763,0.0389,0.3698,0.1755,0.7957,0.4378,0.1655,0.0632,0.0357,0.0364,0.2131,0.1034,0.2988,0.1305
8600,-118.755,34.365,0.1028,0.0392,0.077,0.0391,0.382,0.1815,0.8199,0.4575,0.1674,0.0637,0.0369,0.0371,0.2121,0.103,0.3006,0.1309
8601,-118.745,34.365,0.1037,0.0392,0.0777,0.0393,0.3953,0.188,0.8461,0.4795,0.1694,0.0642,0.0382,0.0377,0.2111,0.1026,0.3023,0.1314
8602,-118.735,34.365,0.1045,0.0393,0.0785,0.0396,0.4097,0.1951,0.8743,0.5036,0.1713,0.0648,0.0395,0.0384,0.2101,0.1022,0.304,0.1318
8603,-118.725,34.365,0.1055,0.0394,0.0795,0.04,0.4264,0.2033,0.9084,0.5333,0.1733,0.0653,0.0408,0.039,0.2092,0.1019,0.3057,0.1322
8604,-118.715,34.365,0.1063,0.0395,0.0804,0.0404,0.444,0.212,0.9452,0.5655,0.1754,0.0659,0.0422,0.0396,0.2085,0.1017,0.3073,0.1326
8605,-118.705,34.365,0.1072,0.0396,0.0815,0.0408,0.464,0.2219,0.9886,0.6044,0.1773,0.0664,0.0436,0.0402,0.2078,0.1015,0.3086,0.1328
8606,-118.695,34.365,0.1081,0.0396,0.0825,0.0413,0.4854,0.2325,1.0324,0.6456,0.1793,0.0669,0.0449,0.0406,0.2071,0.1013,0.3096,0.1328
8607,-118.685,34.365,0.1089,0.0397,0.0836,0.0418,0.5084,0.244,1.0768,0.6893,0.181,0.0673,0.0463,0.041,0.2065,0.1012,0.3104,0.1326
8608,-118.675,34.365,0.1097,0.0397,0.0847,0.0423,0.5341,0.257,1.1204,0.7356,0.1825,0.0675,0.0474,0.0412,0.2059,0.1011,0.3107,0.1321
8609,-118.665,34.365,0.1104,0.0397,0.0859,0.0428,0.561,0.2707,1.1631,0.7828,0.1838,0.0676,0.0485,0.0413,0.2053,0.101,0.3105,0.1312
8610,-118.655,34.365,0.1114,0.0397,0.0872,0.0435,0.5915,0.2867,1.2018,0.8307,0.1851,0.0677,0.0495,0.0413,0.2051,0.1012,0.3106,0.1305
8611,-118.645,34.365,0.1127,0.0399,0.0888,0.0443,0.6245,0.3047,1.2358,0.8765,0.1868,0.068,0.0504,0.0411,0.2052,0.1017,0.3111,0.1302
8612,-118.635,34.365,0.1139,0.0402,0.0906,0.0452,0.6601,0.3246,1.2652,0.92,0.1888,0.0685,0.0513,0.0409,0.2057,0.1023,0.3122,0.1301
8613,-118.625,34.365,0.1152,0.0404,0.0923,0.0461,0.6992,0.347,1.2896,0.9502,0.1912,0.0693,0.0518,0.0403,0.2059,0.1028,0.314,0.1306
8614,-118.615,34.365,0.1161,0.0404,0.0939,0.0469,0.7397,0.3704,1.3135,0.9747,0.1949,0.0707,0.0523,0.0396,0.206,0.1033,0.3183,0.1328
8615,-118.605,34.365,0.1169,0.0404,0.0954,0.0477,0.7834,0.396,1.339,0.9847,0.2003,0.0731,0.0524,0.0385,0.2058,0.1035,0.3251,0.1367
8616,-118.595,34.365,0.1176,0.0403,0.0966,0.0482,0.8301,0.4241,1.3702,0.9931,0.2072,0.0765,0.0526,0.0372,0.2055,0.1038,0.334,0.1419
8617,-118.585,34.365,0.1184,0.0403,0.0976,0.0487,0.8797,0.4548,1.4069,0.9997,0.2149,0.0803,0.0528,0.0357,0.2052,0.104,0.3439,0.1479
8618,-118.575,34.365,0.1171,0.0393,0.0975,0.0484,0.92,0.4646,1.4633,0.9661,0.2196,0.0825,0.0505,0.0318,0.1962,0.098,0.3502,0.1509
8619,-118.565,34.365,0.1125,0.0369,0.0975,0.0482,0.9647,0.4795,1.5211,0.9388,0.2183,0.0815,0.0485,0.0283,0.1881,0.0926,0.362,0.1586
8620,-118.555,34.365,0.1206,0.04,0.0992,0.0491,1.0403,0.5401,1.5664,0.9821,0.2369,0.0914,0.0509,0.0285,0.1935,0.0969,0.3723,0.165
8621,-118.545,34.365,0.1129,0.0362,0.0991,0.0488,1.1131,0.5916,1.6119,1.0049,0.229,0.086,0.0524,0.0293,0.1947,0.0981,0.3751,0.1655
8622,-118.535,34.365,0.1126,0.0357,0.0972,0.0475,1.1829,0.6337,1.6577,1.0074,0.2321,0.0872,0.0531,0.0309,0.1917,0.0964,0.3754,0.1641
8623,-118.525,34.365,0.113,0.0354,0.0963,0.0467,1.2588,0.6749,1.6417,0.9768,0.2352,0.0883,0.0533,0.0325,0.1868,0.0934,0.3764,0.1631
8624,-118.515,34.365,0.1141,0.0354,0.096,0.0464,1.3377,0.7214,1.6172,0.9474,0.2381,0.0893,0.0538,0.0345,0.1826,0.0908,0.3815,0.1656
8625,-118.505,34.365,0.123,0.0386,0.0984,0.0478,1.4251,0.7945,1.6123,0.9574,0.2536,0.0978,0.0561,0.0374,0.1831,0.0916,0.3902,0.171
8626,-118.495,34.365,0.1159,0.035,0.0994,0.0483,1.5051,0.8647,1.5989,0.9562,0.2415,0.09,0.0582,0.04,0.183,0.092,0.3892,0.1687
8627,-118.485,34.365,0.1218,0.0368,0.0993,0.0481,1.5777,0.932,1.577,0.9436,0.2517,0.0952,0.0603,0.0423,0.1822,0.0919,0.3631,0.1495
8628,-118.475,34.365,0.0788,0.0206,0.0787,0.0362,1.4531,0.7707,1.3928,0.7351,0.1688,0.0544,0.05,0.0336,0.148,0.0708,0.3206,0.1239
8629,-118.465,34.365,0.0764,0.0195,0.0585,0.0244,1.3194,0.6001,1.2042,0.5234,0.1634,0.0522,0.0393,0.0246,0.1132,0.0494,0.2787,0.1016
8630,-118.455,34.365,0.0771,0.0194,0.0602,0.0253,1.3388,0.6135,1.157,0.4922,0.1643,0.0526,0.0395,0.0245,0.1093,0.0474,0.2806,0.1027
8631,-118.445,34.365,0.078,0.0194,0.0614,0.0259,1.3693,0.6355,1.1158,0.4675,0.1655,0.0531,0.0402,0.0249,0.1068,0.0462,0.2865,0.1057
8632,-118.435,34.365,0.0799,0.0197,0.062,0.0262,1.411,0.666,1.0806,0.4494,0.1686,0.0544,0.0414,0.0256,0.1056,0.0457,0.2917,0.1085
8633,-118.425,34.365,0.0824,0.0201,0.063,0.0268,1.4528,0.6969,1.0426,0.4329,0.1723,0.056,0.043,0.0266,0.1051,0.0456,0.2964,0.1112
8634,-118.415,34.365,0.0839,0.0203,0.0629,0.0268,1.4836,0.7202,0.9986,0.414,0.1738,0.0567,0.0444,0.0274,0.104,0.0452,0.3022,0.1144
8635,-118.405,34.365,0.083,0.0198,0.0566,0.0233,1.4596,0.7055,0.9274,0.3822,0.1702,0.0553,0.0448,0.0274,0.1002,0.0433,0.2907,0.1083
8636,-118.395,34.365,0.0847,0.02,0.0532,0.0215,1.4393,0.6904,0.8688,0.3575,0.1714,0.0558,0.0458,0.0277,0.0977,0.0422,0.286,0.1059
8637,-118.385,34.365,0.0864,0.0202,0.0526,0.0212,1.4225,0.6749,0.8226,0.34,0.1725,0.0564,0.0475,0.0284,0.0966,0.0417,0.2869,0.1064
8638,-118.375,34.365,0.0881,0.0205,0.0522,0.021,1.4332,0.6607,0.7781,0.3233,0.1736,0.0569,0.0494,0.0291,0.0956,0.0413,0.2908,0.1083
8639,-118.365,34.365,0.09,0.0207,0.0519,0.0208,1.4422,0.6444,0.7343,0.3068,0.1747,0.0574,0.0514,0.0297,0.0946,0.041,0.2949,0.1102
8640,-118.355,34.365,0.0918,0.021,0.0515,0.0206,1.4156,0.6166,0.6922,0.2907,0.1759,0.058,0.0533,0.0302,0.0937,0.0406,0.2992,0.1123
8641,-118.345,34.365,0.0936,0.0214,0.0512,0.0205,1.3876,0.5892,0.6524,0.2751,0.1779,0.0588,0.0551,0.0306,0.0928,0.0403,0.3036,0.1143
8642,-118.335,34.365,0.0955,0.0217,0.0509,0.0203,1.3582,0.562,0.615,0.2602,0.1802,0.0596,0.0567,0.0307,0.092,0.04,0.308,0.1164
8643,-118.325,34.365,0.0972,0.022,0.0506,0.0202,1.332,0.5376,0.5819,0.2467,0.1823,0.0604,0.0578,0.0305,0.0911,0.0397,0.3124,0.1184
8644,-118.315,34.365,0.0989,0.0223,0.0503,0.02,1.3061,0.5141,0.5506,0.2336,0.1843,0.0611,0.0585,0.0301,0.0903,0.0394,0.3168,0.1203
8645,-118.305,34.365,0.1006,0.0226,0.05,0.0199,1.2784,0.4924,0.5239,0.222,0.1859,0.0617,0.0583,0.0293,0.0895,0.0391,0.3212,0.1222
8646,-118.295,34.365,0.1021,0.023,0.0498,0.0198,1.2517,0.472,0.4993,0.2111,0.1873,0.0622,0.0578,0.0284,0.0887,0.0388,0.3255,0.124
8647,-118.285,34.365,0.1036,0.0233,0.0495,0.0197,1.226,0.4529,0.4771,0.2009,0.1885,0.0625,0.057,0.0273,0.088,0.0386,0.3298,0.1258
8648,-118.275,34.365,0.105,0.0236,0.0493,0.0196,1.2018,0.4356,0.4577,0.1916,0.1894,0.0628,0.0559,0.0262,0.0873,0.0383,0.3341,0.1275
8649,-118.265,34.365,0.1062,0.0239,0.0491,0.0195,1.174,0.4179,0.4393,0.1826,0.19,0.0629,0.0548,0.0251,0.0865,0.038,0.3386,0.1292
8650,-118.255,34.365,0.1074,0.0242,0.049,0.0194,1.1277,0.3963,0.4231,0.1745,0.1903,0.063,0.0537,0.0241,0.0858,0.0377,0.3431,0.131
8651,-118.245,34.365,0.1085,0.0245,0.0488,0.0194,1.0661,0.3704,0.4078,0.1666,0.1904,0.063,0.0525,0.0232,0.085,0.0375,0.3477,0.1329
8652,-118.235,34.365,0.1094,0.0248,0.0487,0.0193,0.9892,0.3402,0.3935,0.1592,0.1903,0.0629,0.0514,0.0223,0.0843,0.0372,0.3526,0.1348
8653,-118.225,34.365,0.1102,0.0251,0.0486,0.0192,0.9091,0.31,0.3799,0.1523,0.1902,0.0628,0.0504,0.0216,0.0835,0.0369,0.3577,0.1368
8654,-118.215,34.365,0.1108,0.0253,0.0485,0.0192,0.83,0.2805,0.3668,0.1456,0.1901,0.0628,0.0494,0.0209,0.0828,0.0366,0.3629,0.139
8655,-118.205,34.365,0.1114,0.0255,0.0484,0.0191,0.7588,0.2545,0.3544,0.1394,0.1901,0.0628,0.0484,0.0204,0.082,0.0363,0.3684,0.1412
8656,-118.195,34.365,0.1117,0.0257,0.0483,0.0191,0.6935,0.2308,0.3424,0.1336,0.1902,0.0628,0.0474,0.0199,0.0813,0.036,0.3743,0.1436
8657,-118.185,34.365,0.1119,0.0258,0.0483,0.0191,0.6341,0.2094,0.3309,0.128,0.1903,0.0629,0.0465,0.0194,0.0805,0.0357,0.3804,0.1462
8658,-118.175,34.365,0.1121,0.026,0.0482,0.019,0.5872,0.1925,0.32,0.123,0.1912,0.0632,0.0455,0.019,0.0798,0.0354,0.3868,0.1489
8659,-118.165,34.365,0.112,0.0261,0.0482,0.019,0.5446,0.177,0.3094,0.1181,0.1945,0.0644,0.0446,0.0187,0.079,0.0352,0.3936,0.1518
8660,-118.155,34.365,0.1119,0.0261,0.0482,0.019,0.5103,0.1646,0.2995,0.1138,0.198,0.0656,0.0436,0.0185,0.0783,0.0349,0.4008,0.1549
8661,-118.145,34.365,0.1116,0.0262,0.0482,0.019,0.4789,0.1533,0.2901,0.1098,0.2018,0.067,0.0426,0.0182,0.0776,0.0346,0.4084,0.1582
8662,-118.135,34.365,0.1112,0.0262,0.0482,0.019,0.4502,0.1431,0.2811,0.106,0.2058,0.0684,0.0417,0.0181,0.0768,0.0343,0.4164,0.1617
8663,-118.125,34.365,0.1107,0.0262,0.0482,0.019,0.4252,0.1343,0.2728,0.1027,0.2101,0.07,0.0407,0.018,0.0761,0.0341,0.4247,0.1653
8664,-118.115,34.365,0.11,0.0261,0.0482,0.019,0.4016,0.1261,0.2647,0.0995,0.2145,0.0717,0.0397,0.0179,0.0754,0.0338,0.4336,0.1693
8665,-118.105,34.365,0.1093,0.0261,0.0483,0.019,0.381,0.119,0.2573,0.0967,0.2189,0.0734,0.0387,0.0178,0.0748,0.0336,0.4428,0.1734
8666,-118.095,34.365,0.1084,0.026,0.0483,0.019,0.3619,0.1124,0.2502,0.0941,0.2234,0.0751,0.0377,0.0178,0.0741,0.0333,0.4525,0.1777
8667,-118.085,34.365,0.1074,0.0258,0.0483,0.019,0.3442,0.1063,0.2434,0.0916,0.2277,0.0768,0.0367,0.0178,0.0734,0.033,0.4625,0.1822
8668,-118.075,34.365,0.1063,0.0257,0.0483,0.019,0.3283,0.101,0.237,0.0893,0.2319,0.0786,0.0357,0.0178,0.0727,0.0328,0.4728,0.1869
8669,-118.065,34.365,0.1051,0.0255,0.0483,0.019,0.313,0.0958,0.2307,0.0872,0.2358,0.0802,0.0347,0.0178,0.072,0.0325,0.4834,0.1916
8670,-118.055,34.365,0.1039,0.0253,0.0483,0.019,0.2995,0.0913,0.2248,0.0852,0.2394,0.0817,0.0338,0.0179,0.0713,0.0322,0.494,0.1964
8671,-118.045,34.365,0.1028,0.0251,0.0482,0.019,0.2867,0.0871,0.2192,0.0833,0.2424,0.083,0.033,0.0179,0.0707,0.032,0.5045,0.201
8672,-118.035,34.365,0.1017,0.0249,0.0482,0.0191,0.2748,0.0833,0.2138,0.0815,0.2447,0.084,0.0323,0.0179,0.07,0.0318,0.5145,0.2053
8673,-118.025,34.365,0.1007,0.0248,0.0483,0.0191,0.2644,0.0799,0.209,0.08,0.2461,0.0846,0.0319,0.0179,0.0695,0.0316,0.5237,0.2088
8674,-118.015,34.365,0.0998,0.0247,0.0484,0.0192,0.2546,0.0768,0.2044,0.0785,0.2466,0.0846,0.0317,0.0178,0.069,0.0315,0.5322,0.2119
8675,-118.005,34.365,0.0991,0.0246,0.0485,0.0193,0.2461,0.0742,0.2003,0.0773,0.2462,0.0844,0.0317,0.0177,0.0687,0.0314,0.5402,0.2146
8676,-117.995,34.365,0.0985,0.0246,0.0487,0.0194,0.2381,0.0717,0.1964,0.0761,0.2452,0.0838,0.0318,0.0176,0.0684,0.0313,0.5478,0.2169
8677,-117.985,34.365,0.0978,0.0245,0.0488,0.0195,0.2307,0.0694,0.1926,0.0749,0.2437,0.083,0.032,0.0175,0.0681,0.0312,0.5551,0.219
8678,-117.975,34.365,0.0972,0.0245,0.049,0.0196,0.2238,0.0674,0.189,0.0737,0.2418,0.0821,0.0323,0.0174,0.0677,0.0312,0.5627,0.2213
8679,-117.965,34.365,0.0966,0.0244,0.0491,0.0198,0.2172,0.0654,0.1854,0.0726,0.2397,0.0812,0.0327,0.0173,0.0674,0.0311,0.5707,0.2237
8680,-117.955,34.365,0.096,0.0243,0.0492,0.0199,0.2112,0.0637,0.182,0.0714,0.2374,0.0803,0.033,0.0173,0.0672,0.0311,0.5791,0.2264
8681,-117.945,34.365,0.0954,0.0243,0.0493,0.02,0.2055,0.062,0.1787,0.0703,0.2351,0.0794,0.0334,0.0172,0.0669,0.031,0.5885,0.2296
8682,-117.935,34.365,0.0947,0.0242,0.0494,0.0201,0.2002,0.0605,0.1755,0.0692,0.2327,0.0785,0.0338,0.0172,0.0666,0.031,0.5985,0.2331
8683,-117.925,34.365,0.0939,0.0241,0.0495,0.0202,0.1954,0.0592,0.1725,0.0681,0.2302,0.0777,0.0342,0.0171,0.0663,0.031,0.6094,0.2371
8684,-117.915,34.365,0.0932,0.024,0.0496,0.0203,0.1908,0.0579,0.1695,0.067,0.2278,0.0769,0.0347,0.0172,0.0661,0.0309,0.6212,0.2416
8685,-117.905,34.365,0.0924,0.0239,0.0496,0.0205,0.1868,0.0568,0.1668,0.0661,0.2253,0.0761,0.0352,0.0172,0.0658,0.0309,0.634,0.2467
8686,-117.895,34.365,0.0916,0.0238,0.0497,0.0206,0.183,0.0558,0.1642,0.0652,0.2228,0.0754,0.0357,0.0173,0.0656,0.0309,0.648,0.2523
8687,-117.885,34.365,0.0909,0.0237,0.0498,0.0207,0.1796,0.055,0.1619,0.0644,0.2203,0.0747,0.0363,0.0174,0.0654,0.0309,0.6631,0.2585
8688,-117.875,34.365,0.0901,0.0237,0.0498,0.0208,0.1765,0.0542,0.1596,0.0637,0.2178,0.0739,0.0369,0.0175,0.0653,0.0309,0.6792,0.2653
8689,-117.865,34.365,0.0894,0.0236,0.0499,0.0209,0.1736,0.0535,0.1575,0.0631,0.2152,0.0732,0.0376,0.0177,0.0651,0.031,0.6963,0.2725
8690,-117.855,34.365,0.0888,0.0235,0.0499,0.021,0.1712,0.0529,0.1557,0.0626,0.2126,0.0725,0.0384,0.0179,0.065,0.031,0.7155,0.2809
8691,-117.845,34.365,0.0881,0.0235,0.0499,0.0211,0.169,0.0524,0.1541,0.0623,0.2101,0.0718,0.0392,0.0182,0.065,0.0311,0.7357,0.2897
8692,-117.835,34.365,0.0876,0.0235,0.05,0.0212,0.1669,0.0519,0.1527,0.0621,0.2075,0.0711,0.0401,0.0185,0.0649,0.0312,0.7574,0.2993
8693,-117.825,34.365,0.0871,0.0235,0.05,0.0213,0.1652,0.0515,0.1515,0.0621,0.2049,0.0704,0.0411,0.0189,0.0649,0.0313,0.781,0.31
8694,-117.815,34.365,0.0867,0.0235,0.0501,0.0214,0.1636,0.0511,0.1505,0.0622,0.2024,0.0698,0.0422,0.0193,0.065,0.0315,0.8072,0.322
8695,-117.805,34.365,0.0864,0.0236,0.0501,0.0216,0.1623,0.0508,0.1498,0.0625,0.2,0.0692,0.0435,0.0198,0.0651,0.0317,0.8358,0.3353
8696,-117.795,34.365,0.0861,0.0237,0.0503,0.0218,0.1612,0.0505,0.1493,0.0629,0.1977,0.0686,0.0449,0.0205,0.0654,0.032,0.8679,0.3506
8697,-117.785,34.365,0.086,0.0238,0.0506,0.022,0.1603,0.0502,0.149,0.0635,0.1956,0.0681,0.0465,0.0212,0.0656,0.0322,0.9036,0.3679
8698,-117.775,34.365,0.0859,0.024,0.0513,0.0225,0.1599,0.0501,0.1493,0.0645,0.1938,0.0677,0.0484,0.022,0.0661,0.0326,0.9413,0.3865
8699,-117.765,34.365,0.0862,0.0243,0.052,0.023,0.16,0.0501,0.15,0.0656,0.1927,0.0677,0.0505,0.0231,0.0667,0.0332,0.9774,0.4041
8700,-117.755,34.365,0.0874,0.025,0.0526,0.0235,0.162,0.0509,0.1529,0.0676,0.1935,0.0685,0.0536,0.0247,0.0682,0.0342,1.0203,0.4258
8701,-117.745,34.365,0.0924,0.027,0.053,0.0238,0.1647,0.0518,0.1567,0.0692,0.2023,0.0731,0.0572,0.0265,0.07,0.0355,1.0688,0.4509
8702,-117.735,34.365,0.0923,0.0272,0.053,0.0239,0.1681,0.053,0.1614,0.0705,0.2003,0.0726,0.0613,0.0286,0.072,0.0369,1.1086,0.4711
8703,-117.725,34.365,0.085,0.0247,0.0516,0.0232,0.1615,0.0503,0.1572,0.0653,0.1829,0.0651,0.0619,0.0288,0.0696,0.0355,1.1135,0.471
8704,-117.715,34.365,0.0833,0.0244,0.05,0.0225,0.154,0.0471,0.1522,0.0593,0.1778,0.0632,0.0622,0.0287,0.0668,0.0338,1.1245,0.4744
8705,-117.705,34.365,0.0819,0.0241,0.0492,0.0222,0.1515,0.0459,0.1523,0.0559,0.1732,0.0615,0.0645,0.0299,0.0662,0.0335,1.1455,0.4836
8706,-117.695,34.365,0.0808,0.0239,0.0491,0.0222,0.1504,0.0452,0.1539,0.0531,0.1691,0.0601,0.0672,0.0314,0.0661,0.0336,1.1704,0.4949
8707,-117.685,34.365,0.081,0.0242,0.0496,0.0227,0.1507,0.045,0.1569,0.051,0.1679,0.06,0.0703,0.0332,0.0665,0.034,1.222,0.5207
8708,-117.675,34.365,0.0842,0.0257,0.0489,0.0224,0.1825,0.0577,0.1946,0.0629,0.1726,0.0625,0.0873,0.0448,0.0817,0.0448,1.2902,0.5605
8709,-117.665,34.365,0.1128,0.038,0.049,0.0227,0.2091,0.0682,0.2263,0.0731,0.2238,0.0906,0.1008,0.0543,0.0943,0.0537,1.3541,0.6017
8710,-117.655,34.365,0.1059,0.0354,0.054,0.0259,0.1788,0.0547,0.1947,0.0606,0.2089,0.083,0.0834,0.044,0.0802,0.0438,1.3911,0.6307
8711,-118.945,34.375,0.0838,0.0359,0.0792,0.0437,0.2753,0.1346,0.5365,0.2946,0.1356,0.0553,0.0287,0.0384,0.256,0.1304,0.2747,0.1299
8712,-118.935,34.375,0.0821,0.0346,0.0751,0.0406,0.2764,0.1343,0.5507,0.3015,0.1334,0.0537,0.0269,0.0352,0.251,0.1264,0.2731,0.1277
8713,-118.925,34.375,0.0839,0.0353,0.0748,0.0402,0.2653,0.1258,0.5449,0.29,0.1362,0.055,0.0241,0.0304,0.2356,0.1154,0.2714,0.1253
8714,-118.915,34.375,0.0849,0.0355,0.0747,0.0399,0.2551,0.118,0.5393,0.2792,0.1378,0.0555,0.0216,0.0262,0.2211,0.1052,0.2676,0.1217
8715,-118.905,34.375,0.082,0.0336,0.0708,0.0372,0.261,0.1217,0.5548,0.2901,0.1335,0.0528,0.0218,0.026,0.221,0.1057,0.2629,0.1174
8716,-118.895,34.375,0.0749,0.0297,0.0669,0.0345,0.2641,0.1231,0.5644,0.2938,0.1229,0.0469,0.022,0.0259,0.2188,0.1045,0.2574,0.1128
8717,-118.885,34.375,0.0732,0.0286,0.0629,0.0318,0.2646,0.1222,0.5682,0.2903,0.1203,0.0453,0.0223,0.0257,0.2144,0.1015,0.2526,0.109
8718,-118.875,34.375,0.0794,0.0314,0.0619,0.031,0.2678,0.1232,0.5757,0.2911,0.1299,0.0497,0.0229,0.0261,0.2123,0.1002,0.2567,0.1107
8719,-118.865,34.375,0.0747,0.0288,0.0623,0.0312,0.2734,0.1259,0.5875,0.2958,0.1226,0.0457,0.0238,0.0268,0.212,0.1001,0.2592,0.1114
8720,-118.855,34.375,0.0796,0.0309,0.0666,0.0339,0.2885,0.1346,0.6166,0.3152,0.1298,0.049,0.0257,0.0289,0.2187,0.1045,0.2679,0.1163
8721,-118.845,34.375,0.09,0.0358,0.0703,0.0362,0.3014,0.1421,0.6411,0.332,0.1452,0.0565,0.0274,0.0306,0.2234,0.1077,0.2825,0.1252
8722,-118.835,34.375,0.0938,0.0374,0.0735,0.0383,0.312,0.1483,0.6608,0.3462,0.1506,0.059,0.0289,0.032,0.226,0.1097,0.2907,0.13
8723,-118.825,34.375,0.0949,0.0376,0.0739,0.0384,0.3183,0.1514,0.6746,0.3544,0.1519,0.0592,0.0299,0.0326,0.2248,0.1091,0.2927,0.1303
8724,-118.815,34.375,0.0959,0.0378,0.0737,0.0382,0.324,0.154,0.6876,0.3618,0.1531,0.0594,0.0307,0.0331,0.2229,0.108,0.2937,0.13
8725,-118.805,34.375,0.0969,0.038,0.0737,0.0381,0.331,0.1575,0.7029,0.3718,0.1545,0.0597,0.0317,0.0336,0.2215,0.1073,0.2948,0.1299
8726,-118.795,34.375,0.0979,0.0381,0.0738,0.0381,0.3386,0.1612,0.7193,0.3829,0.1559,0.06,0.0327,0.0342,0.22,0.1066,0.2959,0.1298
8727,-118.785,34.375,0.0988,0.0383,0.074,0.0381,0.3468,0.1652,0.7368,0.3952,0.1574,0.0603,0.0337,0.0348,0.2185,0.1058,0.2974,0.13
8728,-118.775,34.375,0.0997,0.0384,0.0745,0.0382,0.3567,0.1702,0.757,0.4104,0.159,0.0607,0.0349,0.0354,0.2174,0.1053,0.2991,0.1302
8729,-118.765,34.375,0.1005,0.0384,0.0751,0.0384,0.3673,0.1756,0.7782,0.4269,0.1607,0.0611,0.0361,0.0361,0.2163,0.1048,0.3008,0.1305
8730,-118.755,34.375,0.1013,0.0385,0.0758,0.0386,0.3796,0.1818,0.8015,0.4461,0.1624,0.0616,0.0374,0.0369,0.2153,0.1044,0.3027,0.131
8731,-118.745,34.375,0.1021,0.0386,0.0766,0.0389,0.3932,0.1885,0.8262,0.4673,0.1644,0.0621,0.0388,0.0376,0.2144,0.1041,0.3048,0.1316
8732,-118.735,34.375,0.103,0.0386,0.0775,0.0393,0.4079,0.1959,0.8522,0.4905,0.1664,0.0627,0.0403,0.0384,0.2135,0.1038,0.307,0.1324
8733,-118.725,34.375,0.1038,0.0387,0.0786,0.0397,0.4252,0.2044,0.8824,0.5186,0.1685,0.0634,0.0418,0.0393,0.2128,0.1036,0.3093,0.1332
8734,-118.715,34.375,0.1047,0.0388,0.0796,0.0402,0.4434,0.2134,0.9142,0.5489,0.1708,0.0641,0.0434,0.0401,0.2121,0.1034,0.3115,0.1339
8735,-118.705,34.375,0.1056,0.0389,0.0808,0.0407,0.4641,0.2237,0.9502,0.5848,0.1731,0.0648,0.0451,0.0409,0.2116,0.1034,0.3137,0.1346
8736,-118.695,34.375,0.1066,0.039,0.082,0.0412,0.4865,0.2349,0.9885,0.6246,0.1753,0.0655,0.0467,0.0417,0.2112,0.1034,0.3156,0.1352
8737,-118.685,34.375,0.1075,0.0391,0.0832,0.0418,0.5106,0.247,1.0292,0.6683,0.1775,0.0661,0.0483,0.0424,0.2108,0.1035,0.3173,0.1357
8738,-118.675,34.375,0.1082,0.0391,0.0843,0.0422,0.5367,0.26,1.0688,0.7144,0.1794,0.0666,0.0496,0.0427,0.21,0.1032,0.3187,0.1359
8739,-118.665,34.375,0.1087,0.0389,0.0854,0.0427,0.564,0.2735,1.1076,0.7615,0.1808,0.0669,0.0507,0.0429,0.2091,0.103,0.3192,0.1354
8740,-118.655,34.375,0.1094,0.0389,0.0867,0.0434,0.5947,0.2893,1.1432,0.8113,0.1826,0.0673,0.0515,0.0428,0.2086,0.103,0.3207,0.1357
8741,-118.645,34.375,0.1108,0.0392,0.0884,0.0442,0.6289,0.3081,1.1743,0.8627,0.1856,0.0684,0.0523,0.0428,0.209,0.1036,0.3233,0.1368
8742,-118.635,34.375,0.1125,0.0396,0.0904,0.0454,0.6667,0.3299,1.201,0.9157,0.1892,0.0698,0.0532,0.0428,0.2102,0.1048,0.327,0.1387
8743,-118.625,34.375,0.114,0.0399,0.0923,0.0463,0.7071,0.3532,1.2275,0.9561,0.1931,0.0714,0.0535,0.0423,0.2106,0.1056,0.3315,0.141
8744,-118.615,34.375,0.1147,0.0399,0.094,0.0472,0.7481,0.3766,1.2566,0.9886,0.1971,0.0731,0.0536,0.0414,0.2105,0.1059,0.3364,0.1435
8745,-118.605,34.375,0.115,0.0396,0.0952,0.0478,0.7897,0.3981,1.2985,0.9947,0.2017,0.0752,0.0529,0.0397,0.2084,0.1048,0.3421,0.1466
8746,-118.595,34.375,0.1156,0.0395,0.0959,0.048,0.8339,0.4212,1.3415,0.9936,0.2076,0.0781,0.0521,0.0377,0.2061,0.1035,0.3484,0.1499
8747,-118.585,34.375,0.1137,0.0383,0.0959,0.0478,0.8809,0.4458,1.3855,0.9852,0.2106,0.0793,0.0513,0.0356,0.2037,0.1021,0.3548,0.1532
8748,-118.575,34.375,0.1032,0.0333,0.0935,0.0461,0.9321,0.4725,1.436,0.9719,0.1995,0.0728,0.0507,0.0331,0.2004,0.1002,0.3588,0.1545
8749,-118.565,34.375,0.1093,0.0356,0.0923,0.0451,0.9878,0.5058,1.4831,0.9641,0.2149,0.0809,0.0505,0.031,0.1985,0.0994,0.3738,0.1649
8750,-118.555,34.375,0.121,0.0404,0.0992,0.0493,1.0606,0.5697,1.507,0.9878,0.2388,0.0942,0.0532,0.0314,0.2046,0.1043,0.3901,0.1764
8751,-118.545,34.375,0.1224,0.0405,0.1022,0.0511,1.1323,0.6256,1.5485,1.0014,0.2449,0.0973,0.055,0.0326,0.2066,0.1062,0.3988,0.1819
8752,-118.535,34.375,0.1168,0.0377,0.1013,0.0503,1.203,0.6737,1.6075,1.0049,0.2385,0.0926,0.0558,0.0347,0.2045,0.1052,0.3986,0.1798
8753,-118.525,34.375,0.1208,0.0389,0.1004,0.0496,1.2815,0.7233,1.6043,0.9853,0.247,0.0969,0.0563,0.0369,0.2006,0.1028,0.397,0.1766
8754,-118.515,34.375,0.1128,0.035,0.0991,0.0487,1.3641,0.7708,1.5898,0.9578,0.2336,0.0882,0.0564,0.0387,0.1954,0.0995,0.3936,0.172
8755,-118.505,34.375,0.1095,0.0331,0.0954,0.0462,1.459,0.806,1.5829,0.9155,0.2261,0.0833,0.0549,0.0386,0.1859,0.093,0.3891,0.1667
8756,-118.495,34.375,0.1167,0.0354,0.0949,0.0458,1.5487,0.857,1.5648,0.8874,0.2366,0.0886,0.0552,0.0396,0.1805,0.0896,0.389,0.1652
8757,-118.485,34.375,0.1216,0.0367,0.0976,0.0474,1.6331,0.924,1.5355,0.8733,0.2436,0.0921,0.0572,0.0418,0.1793,0.0892,0.3772,0.1554
8758,-118.475,34.375,0.0968,0.0267,0.0781,0.036,1.5922,0.8482,1.413,0.7421,0.1986,0.0682,0.0521,0.0374,0.1584,0.0764,0.3436,0.1349
8759,-118.465,34.375,0.0765,0.0195,0.059,0.0248,1.5415,0.7646,1.2886,0.609,0.1579,0.0504,0.0469,0.0327,0.1373,0.0634,0.3032,0.1123
8760,-118.455,34.375,0.083,0.0212,0.0639,0.0274,1.5682,0.7846,1.2479,0.5836,0.1701,0.0555,0.0479,0.0331,0.1345,0.062,0.309,0.1153
8761,-118.445,34.375,0.0934,0.0242,0.0682,0.0297,1.5896,0.7966,1.2026,0.5538,0.1898,0.0639,0.0487,0.0332,0.131,0.0601,0.3244,0.123
8762,-118.435,34.375,0.1022,0.0267,0.0719,0.0317,1.6058,0.8004,1.1529,0.5198,0.2055,0.0711,0.0491,0.0329,0.1269,0.0578,0.3407,0.1315
8763,-118.425,34.375,0.1094,0.0287,0.0756,0.0338,1.6758,0.8931,1.1347,0.5353,0.2179,0.077,0.0544,0.0368,0.1335,0.0625,0.3562,0.14
8764,-118.415,34.375,0.117,0.0308,0.0762,0.0342,1.719,0.9555,1.0983,0.5365,0.2302,0.0831,0.0583,0.0396,0.1369,0.0652,0.3706,0.1482
8765,-118.405,34.375,0.1021,0.0256,0.0612,0.026,1.578,0.782,0.9411,0.4177,0.2004,0.0694,0.0501,0.0319,0.114,0.0514,0.3287,0.1259
8766,-118.395,34.375,0.085,0.0199,0.0534,0.0218,1.4921,0.6838,0.8372,0.3478,0.1663,0.0542,0.0465,0.0282,0.1013,0.0439,0.3055,0.1141
8767,-118.385,34.375,0.0863,0.0199,0.0527,0.0214,1.4612,0.661,0.7867,0.3268,0.1669,0.0546,0.0476,0.0283,0.0991,0.0428,0.299,0.111
8768,-118.375,34.375,0.0878,0.0201,0.0522,0.0211,1.4525,0.6426,0.7449,0.3104,0.1679,0.055,0.0491,0.0287,0.0977,0.0422,0.3026,0.1127
8769,-118.365,34.375,0.0894,0.0203,0.0517,0.0209,1.4437,0.6234,0.7053,0.295,0.1689,0.0556,0.0508,0.0291,0.0966,0.0418,0.3067,0.1147
8770,-118.355,34.375,0.091,0.0205,0.0513,0.0207,1.4126,0.5964,0.6677,0.2803,0.1702,0.0562,0.0524,0.0293,0.0955,0.0414,0.311,0.1168
8771,-118.345,34.375,0.0926,0.0208,0.051,0.0205,1.3802,0.5695,0.6318,0.2661,0.1723,0.057,0.0539,0.0294,0.0945,0.041,0.3154,0.1189
8772,-118.335,34.375,0.0942,0.021,0.0506,0.0203,1.3467,0.5426,0.5976,0.2524,0.1745,0.0579,0.0553,0.0294,0.0935,0.0406,0.3198,0.121
8773,-118.325,34.375,0.0957,0.0213,0.0503,0.0202,1.3128,0.5172,0.5669,0.2398,0.1766,0.0587,0.0562,0.0292,0.0926,0.0403,0.3245,0.1231
8774,-118.315,34.375,0.0972,0.0215,0.05,0.02,1.279,0.4924,0.5377,0.2276,0.1784,0.0594,0.0569,0.0288,0.0917,0.0399,0.3291,0.1252
8775,-118.305,34.375,0.0987,0.0218,0.0497,0.0199,1.2467,0.47,0.5122,0.2166,0.18,0.06,0.057,0.0281,0.0909,0.0396,0.3337,0.1272
8776,-118.295,34.375,0.1001,0.0221,0.0494,0.0198,1.2155,0.4489,0.4886,0.2062,0.1814,0.0605,0.0568,0.0273,0.0901,0.0393,0.3384,0.1291
8777,-118.285,34.375,0.1015,0.0224,0.0492,0.0197,1.1856,0.4292,0.467,0.1964,0.1824,0.0608,0.0563,0.0264,0.0893,0.039,0.3429,0.1311
8778,-118.275,34.375,0.1027,0.0227,0.049,0.0196,1.158,0.4116,0.4478,0.1874,0.1832,0.0611,0.0556,0.0254,0.0885,0.0387,0.3475,0.1329
8779,-118.265,34.375,0.1038,0.023,0.0488,0.0195,1.1292,0.3943,0.4296,0.1788,0.1837,0.0612,0.0549,0.0245,0.0877,0.0384,0.3523,0.1348
8780,-118.255,34.375,0.1048,0.0232,0.0486,0.0194,1.0921,0.376,0.4134,0.1709,0.1839,0.0612,0.054,0.0236,0.0869,0.0381,0.357,0.1367
8781,-118.245,34.375,0.1058,0.0235,0.0484,0.0193,1.0409,0.3542,0.3982,0.1634,0.1838,0.0611,0.0531,0.0228,0.0861,0.0378,0.3619,0.1386
8782,-118.235,34.375,0.1066,0.0238,0.0483,0.0192,0.9758,0.3289,0.3838,0.1562,0.1836,0.061,0.0522,0.022,0.0853,0.0375,0.3671,0.1407
8783,-118.225,34.375,0.1073,0.024,0.0481,0.0192,0.9023,0.3018,0.3704,0.1496,0.1834,0.0609,0.0513,0.0213,0.0845,0.0372,0.3724,0.1429
8784,-118.215,34.375,0.1079,0.0242,0.048,0.0191,0.8281,0.275,0.3574,0.1432,0.1833,0.0608,0.0504,0.0207,0.0837,0.0369,0.3779,0.1451
8785,-118.205,34.375,0.1083,0.0244,0.0479,0.0191,0.7585,0.2504,0.3453,0.1373,0.1832,0.0607,0.0495,0.0202,0.083,0.0366,0.3837,0.1475
8786,-118.195,34.375,0.1086,0.0246,0.0478,0.019,0.6941,0.2278,0.3337,0.1317,0.1831,0.0607,0.0487,0.0197,0.0822,0.0363,0.3898,0.1501
8787,-118.185,34.375,0.1088,0.0248,0.0478,0.019,0.6348,0.2072,0.3226,0.1265,0.1831,0.0607,0.0478,0.0193,0.0814,0.036,0.3962,0.1527
8788,-118.175,34.375,0.1089,0.0249,0.0477,0.019,0.5858,0.1901,0.3122,0.1217,0.1845,0.0612,0.0468,0.0189,0.0806,0.0357,0.403,0.1555
8789,-118.165,34.375,0.1089,0.025,0.0477,0.0189,0.541,0.1746,0.3021,0.1172,0.1874,0.0622,0.0459,0.0186,0.0799,0.0354,0.4102,0.1586
8790,-118.155,34.375,0.1086,0.0251,0.0476,0.0189,0.5062,0.1624,0.2927,0.1131,0.1906,0.0633,0.0449,0.0184,0.0791,0.0351,0.4177,0.1618
8791,-118.145,34.375,0.1083,0.0251,0.0476,0.0189,0.4748,0.1514,0.2837,0.1092,0.194,0.0645,0.044,0.0182,0.0784,0.0348,0.4256,0.1652
8792,-118.135,34.375,0.108,0.0251,0.0476,0.0189,0.4468,0.1416,0.2752,0.1057,0.1977,0.0657,0.043,0.018,0.0776,0.0346,0.4339,0.1688
8793,-118.125,34.375,0.1074,0.0251,0.0476,0.0189,0.4224,0.1331,0.2673,0.1026,0.2015,0.0671,0.042,0.0179,0.0769,0.0343,0.4425,0.1726
8794,-118.115,34.375,0.1068,0.0251,0.0476,0.0189,0.3992,0.1251,0.2597,0.0996,0.2053,0.0686,0.041,0.0178,0.0762,0.034,0.4516,0.1766
8795,-118.105,34.375,0.106,0.025,0.0476,0.0189,0.3789,0.1182,0.2526,0.0969,0.2091,0.07,0.04,0.0178,0.0755,0.0338,0.461,0.1807
8796,-118.095,34.375,0.1052,0.025,0.0476,0.0189,0.36,0.1119,0.2459,0.0945,0.2129,0.0715,0.039,0.0177,0.0748,0.0335,0.4708,0.185
8797,-118.085,34.375,0.1042,0.0249,0.0476,0.0189,0.3425,0.106,0.2394,0.0921,0.2166,0.0729,0.038,0.0177,0.0741,0.0332,0.4809,0.1895
8798,-118.075,34.375,0.1032,0.0247,0.0476,0.0189,0.3268,0.1007,0.2334,0.09,0.2201,0.0743,0.0371,0.0177,0.0734,0.033,0.4912,0.194
8799,-118.065,34.375,0.102,0.0246,0.0476,0.0189,0.3118,0.0957,0.2275,0.088,0.2233,0.0756,0.0361,0.0177,0.0727,0.0327,0.5017,0.1985
8800,-118.055,34.375,0.1009,0.0244,0.0476,0.0189,0.2984,0.0913,0.222,0.0862,0.226,0.0767,0.0353,0.0178,0.0721,0.0325,0.5122,0.203
8801,-118.045,34.375,0.0998,0.0242,0.0476,0.0189,0.2859,0.0872,0.2167,0.0844,0.2284,0.0777,0.0345,0.0178,0.0714,0.0323,0.5225,0.2073
8802,-118.035,34.375,0.0988,0.0241,0.0476,0.019,0.2742,0.0834,0.2116,0.0828,0.2301,0.0784,0.0338,0.0178,0.0708,0.032,0.5326,0.2114
8803,-118.025,34.375,0.0978,0.0239,0.0477,0.019,0.2638,0.0801,0.207,0.0813,0.2312,0.0788,0.0334,0.0177,0.0703,0.0319,0.5421,0.215
8804,-118.015,34.375,0.0969,0.0238,0.0478,0.0191,0.2539,0.0769,0.2025,0.0799,0.2316,0.0788,0.0331,0.0177,0.0698,0.0317,0.5512,0.2183
8805,-118.005,34.375,0.0961,0.0237,0.0479,0.0192,0.2453,0.0742,0.1985,0.0786,0.2313,0.0786,0.033,0.0176,0.0694,0.0316,0.5601,0.2213
8806,-117.995,34.375,0.0954,0.0237,0.048,0.0193,0.2371,0.0717,0.1946,0.0774,0.2305,0.0782,0.033,0.0176,0.069,0.0315,0.5686,0.2241
8807,-117.985,34.375,0.0947,0.0236,0.0481,0.0194,0.2295,0.0694,0.1908,0.0761,0.2293,0.0776,0.0331,0.0175,0.0687,0.0314,0.577,0.2267
8808,-117.975,34.375,0.094,0.0235,0.0482,0.0195,0.2226,0.0673,0.1872,0.0749,0.2278,0.0769,0.0332,0.0174,0.0683,0.0313,0.5858,0.2295
8809,-117.965,34.375,0.0934,0.0235,0.0483,0.0196,0.2159,0.0653,0.1837,0.0737,0.2261,0.0762,0.0334,0.0173,0.068,0.0313,0.595,0.2324
8810,-117.955,34.375,0.0927,0.0234,0.0484,0.0197,0.2098,0.0635,0.1803,0.0724,0.2243,0.0755,0.0337,0.0172,0.0677,0.0312,0.6046,0.2356
8811,-117.945,34.375,0.092,0.0233,0.0485,0.0198,0.2041,0.0618,0.177,0.0712,0.2224,0.0748,0.034,0.0172,0.0674,0.0311,0.6152,0.2393
8812,-117.935,34.375,0.0913,0.0233,0.0486,0.0199,0.1987,0.0602,0.1738,0.07,0.2206,0.0741,0.0344,0.0172,0.0671,0.0311,0.6265,0.2435
8813,-117.925,34.375,0.0905,0.0232,0.0487,0.02,0.1938,0.0589,0.1708,0.0688,0.2187,0.0735,0.0348,0.0171,0.0668,0.0311,0.6388,0.2482
8814,-117.915,34.375,0.0898,0.0231,0.0488,0.0202,0.1892,0.0576,0.1678,0.0677,0.2169,0.073,0.0352,0.0171,0.0665,0.031,0.652,0.2533
8815,-117.905,34.375,0.089,0.023,0.0489,0.0203,0.1852,0.0565,0.1651,0.0666,0.215,0.0725,0.0357,0.0172,0.0663,0.031,0.6663,0.2591
8816,-117.895,34.375,0.0883,0.0229,0.049,0.0204,0.1815,0.0556,0.1625,0.0656,0.213,0.072,0.0362,0.0173,0.066,0.031,0.6819,0.2655
8817,-117.885,34.375,0.0875,0.0228,0.049,0.0205,0.1781,0.0547,0.1601,0.0647,0.2111,0.0715,0.0367,0.0174,0.0658,0.031,0.6987,0.2725
8818,-117.875,34.375,0.0868,0.0227,0.0491,0.0206,0.1752,0.054,0.1579,0.064,0.2091,0.071,0.0374,0.0175,0.0657,0.031,0.7167,0.2801
8819,-117.865,34.375,0.0862,0.0227,0.0492,0.0207,0.1724,0.0533,0.1558,0.0633,0.2071,0.0705,0.0381,0.0177,0.0655,0.0311,0.7357,0.2883
8820,-117.855,34.375,0.0856,0.0227,0.0492,0.0209,0.1701,0.0528,0.154,0.0628,0.205,0.07,0.0388,0.0179,0.0655,0.0311,0.7571,0.2977
8821,-117.845,34.375,0.085,0.0226,0.0493,0.021,0.1679,0.0524,0.1524,0.0625,0.2029,0.0695,0.0397,0.0182,0.0654,0.0312,0.7803,0.3081
8822,-117.835,34.375,0.0846,0.0227,0.0493,0.0211,0.166,0.0519,0.151,0.0622,0.2008,0.0689,0.0406,0.0185,0.0654,0.0313,0.8061,0.3198
8823,-117.825,34.375,0.0842,0.0227,0.0493,0.0212,0.1652,0.0519,0.1507,0.0627,0.1987,0.0684,0.0419,0.0191,0.0658,0.0317,0.8354,0.3334
8824,-117.815,34.375,0.0839,0.0228,0.0494,0.0213,0.1649,0.0521,0.1507,0.0633,0.1967,0.068,0.0434,0.0197,0.0663,0.0321,0.8684,0.3492
8825,-117.805,34.375,0.0837,0.0229,0.0495,0.0214,0.1653,0.0524,0.1515,0.0645,0.1948,0.0675,0.0452,0.0205,0.0672,0.0328,0.9041,0.3663
8826,-117.795,34.375,0.0836,0.023,0.0498,0.0217,0.1671,0.0533,0.1536,0.0666,0.1929,0.0671,0.0476,0.0217,0.0686,0.0338,0.9453,0.3866
8827,-117.785,34.375,0.0845,0.0235,0.0504,0.0221,0.1703,0.0547,0.1571,0.0695,0.1935,0.0678,0.0505,0.0232,0.0707,0.0352,0.9929,0.4106
8828,-117.775,34.375,0.094,0.0271,0.0519,0.023,0.1659,0.0529,0.1537,0.0686,0.2129,0.077,0.0513,0.0235,0.0695,0.0346,1.0414,0.4356
8829,-117.765,34.375,0.0887,0.0254,0.0534,0.024,0.1611,0.051,0.1499,0.0675,0.1993,0.0713,0.0521,0.0237,0.0681,0.0338,1.0722,0.4504
8830,-117.755,34.375,0.0897,0.026,0.0547,0.0248,0.162,0.0512,0.1514,0.0694,0.1997,0.0719,0.055,0.0252,0.0692,0.0346,1.1118,0.4704
8831,-117.745,34.375,0.0887,0.0258,0.0544,0.0248,0.1641,0.052,0.1546,0.0711,0.1959,0.0706,0.0586,0.0271,0.0707,0.0357,1.1603,0.4959
8832,-117.735,34.375,0.0865,0.0253,0.0526,0.0238,0.1676,0.0533,0.1594,0.0727,0.1893,0.0681,0.063,0.0294,0.0728,0.0372,1.1875,0.5093
8833,-117.725,34.375,0.0842,0.0247,0.0511,0.0231,0.1613,0.0507,0.1556,0.0672,0.1829,0.0656,0.064,0.0297,0.0706,0.0359,1.1921,0.5088
8834,-117.715,34.375,0.082,0.0241,0.0498,0.0225,0.154,0.0476,0.151,0.0607,0.1766,0.0631,0.0648,0.0299,0.0679,0.0343,1.1996,0.5103
8835,-117.705,34.375,0.0804,0.0237,0.0489,0.0222,0.1512,0.0463,0.1508,0.0569,0.1717,0.0613,0.0676,0.0313,0.0671,0.034,1.2144,0.5164
8836,-117.695,34.375,0.0793,0.0235,0.0495,0.0226,0.1497,0.0454,0.1519,0.0539,0.1678,0.0599,0.0711,0.0331,0.0669,0.0339,1.2368,0.5265
8837,-117.685,34.375,0.0839,0.0255,0.0515,0.0239,0.1494,0.045,0.1544,0.0516,0.1756,0.064,0.0754,0.0353,0.0672,0.0343,1.32,0.5689
8838,-117.675,34.375,0.0922,0.029,0.0506,0.0236,0.1659,0.0516,0.1752,0.057,0.1904,0.0716,0.0844,0.0418,0.0753,0.0401,1.3558,0.5941
8839,-117.665,34.375,0.0802,0.0246,0.049,0.0228,0.1793,0.0568,0.1924,0.0616,0.1645,0.0596,0.0907,0.0468,0.0819,0.0448,1.3392,0.5918
8840,-117.655,34.375,0.0756,0.023,0.0466,0.0215,0.1608,0.0486,0.1736,0.0542,0.1532,0.0548,0.0788,0.0403,0.0735,0.039,1.2745,0.5553
8841,-118.945,34.385,0.1005,0.0456,0.0863,0.0491,0.2983,0.1513,0.5656,0.3287,0.16,0.0701,0.0308,0.0424,0.2799,0.1479,0.3021,0.1512
8842,-118.935,34.385,0.0988,0.0442,0.0861,0.0487,0.2965,0.149,0.5762,0.3326,0.1574,0.0683,0.0282,0.0382,0.2719,0.1414,0.3041,0.1516
8843,-118.925,34.385,0.0918,0.0398,0.0865,0.0487,0.2875,0.1415,0.5753,0.3243,0.1472,0.0619,0.0253,0.033,0.2577,0.1306,0.3,0.1468
8844,-118.915,34.385,0.0919,0.0396,0.0865,0.0485,0.2808,0.1356,0.5768,0.3185,0.1472,0.0615,0.0229,0.0286,0.2457,0.1215,0.2994,0.1451
8845,-118.905,34.385,0.095,0.0408,0.0841,0.0466,0.2925,0.1432,0.6009,0.3371,0.1516,0.0636,0.0237,0.0293,0.2502,0.125,0.3,0.1444
8846,-118.895,34.385,0.0959,0.0409,0.0816,0.0448,0.2964,0.1449,0.6115,0.3412,0.153,0.0639,0.0242,0.0293,0.2485,0.1239,0.2991,0.1426
8847,-118.885,34.385,0.0946,0.0398,0.0791,0.043,0.2925,0.1408,0.6085,0.3306,0.1511,0.0623,0.0243,0.0288,0.2403,0.118,0.296,0.139
8848,-118.875,34.385,0.0946,0.0394,0.0783,0.0424,0.2944,0.1411,0.6136,0.3292,0.151,0.0617,0.0251,0.0292,0.2371,0.1158,0.297,0.1386
8849,-118.865,34.385,0.0952,0.0394,0.0781,0.0421,0.2978,0.1424,0.6208,0.3301,0.1517,0.0616,0.026,0.0298,0.2349,0.1145,0.2975,0.1376
8850,-118.855,34.385,0.0957,0.0393,0.079,0.0426,0.3023,0.1445,0.6302,0.3336,0.1519,0.0613,0.027,0.0305,0.2334,0.1136,0.2994,0.1378
8851,-118.845,34.385,0.0962,0.0392,0.0803,0.0433,0.3089,0.1482,0.6427,0.3408,0.1523,0.0609,0.0282,0.0315,0.2334,0.1139,0.3033,0.1394
8852,-118.835,34.385,0.0982,0.0399,0.082,0.0444,0.3177,0.1535,0.6585,0.3519,0.1547,0.0618,0.0297,0.0328,0.2349,0.1153,0.3067,0.1409
8853,-118.825,34.385,0.0979,0.0393,0.079,0.0423,0.3214,0.1549,0.6683,0.3555,0.1538,0.0608,0.0305,0.033,0.2319,0.1134,0.3042,0.1377
8854,-118.815,34.385,0.097,0.0385,0.0757,0.0399,0.3248,0.1558,0.6778,0.3588,0.1523,0.0594,0.0311,0.0331,0.2283,0.111,0.3023,0.1352
8855,-118.805,34.385,0.0978,0.0385,0.0753,0.0395,0.3312,0.159,0.6919,0.3675,0.1531,0.0594,0.0321,0.0336,0.2267,0.1101,0.3018,0.1338
8856,-118.795,34.385,0.098,0.0383,0.0748,0.0391,0.3383,0.1626,0.707,0.3773,0.1533,0.059,0.0332,0.0342,0.225,0.1092,0.3017,0.1327
8857,-118.785,34.385,0.0984,0.0382,0.0744,0.0386,0.3458,0.1664,0.7232,0.3882,0.154,0.0589,0.0342,0.0347,0.2232,0.1083,0.302,0.132
8858,-118.775,34.385,0.0987,0.038,0.0741,0.0383,0.3556,0.1715,0.7424,0.4028,0.1548,0.0589,0.0355,0.0354,0.222,0.1077,0.3025,0.1314
8859,-118.765,34.385,0.0993,0.0379,0.0741,0.038,0.3661,0.177,0.7627,0.4186,0.1561,0.0592,0.0368,0.0362,0.2209,0.1073,0.3034,0.131
8860,-118.755,34.385,0.0999,0.0379,0.0747,0.0382,0.3783,0.1831,0.785,0.4371,0.1576,0.0595,0.0382,0.037,0.2198,0.1067,0.305,0.1312
8861,-118.745,34.385,0.1006,0.0379,0.0756,0.0385,0.392,0.1901,0.8088,0.458,0.1595,0.0601,0.0397,0.0379,0.2189,0.1064,0.3075,0.132
8862,-118.735,34.385,0.1014,0.038,0.0767,0.039,0.4073,0.1979,0.8341,0.4812,0.1617,0.0608,0.0413,0.0389,0.2182,0.1063,0.311,0.1336
8863,-118.725,34.385,0.1029,0.0384,0.0781,0.0397,0.425,0.2068,0.8612,0.5083,0.1648,0.062,0.0431,0.0399,0.2176,0.1062,0.3145,0.1352
8864,-118.715,34.385,0.1034,0.0382,0.0795,0.0404,0.4438,0.2162,0.8889,0.5371,0.1667,0.0626,0.045,0.041,0.2171,0.1062,0.3172,0.1363
8865,-118.705,34.385,0.1041,0.0383,0.0806,0.0408,0.4654,0.227,0.9178,0.5703,0.169,0.0634,0.0469,0.0421,0.2167,0.1062,0.3198,0.1372
8866,-118.695,34.385,0.1052,0.0385,0.0817,0.0413,0.4882,0.2383,0.9503,0.6077,0.1719,0.0644,0.0488,0.0431,0.2162,0.1062,0.3228,0.1385
8867,-118.685,34.385,0.1062,0.0386,0.0829,0.0418,0.5124,0.2501,0.9863,0.6491,0.1746,0.0654,0.0505,0.044,0.2154,0.106,0.3257,0.1398
8868,-118.675,34.385,0.1072,0.0387,0.0845,0.0426,0.5393,0.2634,1.0218,0.6954,0.1774,0.0664,0.052,0.0446,0.2146,0.1058,0.3285,0.1409
8869,-118.665,34.385,0.1073,0.0384,0.086,0.0434,0.5672,0.2772,1.0565,0.743,0.1788,0.0667,0.0533,0.045,0.2138,0.1056,0.3298,0.141
8870,-118.655,34.385,0.107,0.0379,0.0866,0.0435,0.5976,0.2921,1.0878,0.7923,0.1798,0.0667,0.0539,0.0447,0.2126,0.1051,0.3321,0.1418
8871,-118.645,34.385,0.1092,0.0385,0.088,0.0442,0.6323,0.3109,1.1151,0.8469,0.1846,0.0688,0.0545,0.0447,0.2128,0.1056,0.3365,0.1441
8872,-118.635,34.385,0.1112,0.0391,0.0903,0.0455,0.6713,0.3336,1.1384,0.9067,0.1896,0.0711,0.0552,0.0448,0.2143,0.1071,0.3426,0.1477
8873,-118.625,34.385,0.1134,0.0397,0.0915,0.0461,0.7108,0.3554,1.166,0.9519,0.1953,0.0738,0.055,0.0439,0.2139,0.1072,0.3489,0.1514
8874,-118.615,34.385,0.1127,0.039,0.092,0.0462,0.7503,0.3764,1.1995,0.9877,0.1976,0.0747,0.0543,0.0427,0.2126,0.1067,0.3506,0.1513
8875,-118.605,34.385,0.1103,0.0376,0.09,0.0447,0.7898,0.394,1.2574,0.9923,0.1981,0.0745,0.0527,0.0405,0.2089,0.1044,0.3517,0.1507
8876,-118.595,34.385,0.1056,0.0351,0.0893,0.044,0.8328,0.4136,1.3091,0.9854,0.1954,0.0726,0.0513,0.0383,0.2053,0.1022,0.355,0.1517
8877,-118.585,34.385,0.1054,0.0347,0.0899,0.0442,0.8793,0.435,1.3547,0.967,0.2003,0.0749,0.05,0.0359,0.2019,0.1001,0.3636,0.1567
8878,-118.575,34.385,0.1185,0.0402,0.094,0.0467,0.943,0.4818,1.3959,0.98,0.2268,0.0898,0.0514,0.0353,0.2056,0.1032,0.3845,0.172
8879,-118.565,34.385,0.1131,0.0374,0.0988,0.0496,1.0103,0.5359,1.4302,0.9965,0.2239,0.0875,0.0536,0.0352,0.2109,0.1076,0.3989,0.1819
8880,-118.555,34.385,0.1136,0.0373,0.1031,0.0521,1.0782,0.6006,1.4349,0.9989,0.229,0.0901,0.0564,0.036,0.217,0.1127,0.4105,0.1899
8881,-118.545,34.385,0.1208,0.04,0.1052,0.0533,1.1472,0.6587,1.4721,1.0008,0.2434,0.098,0.0584,0.0375,0.2192,0.1149,0.4216,0.1981
8882,-118.535,34.385,0.1209,0.0396,0.1052,0.0532,1.2171,0.7103,1.5417,1.0021,0.2449,0.0982,0.0594,0.0397,0.2175,0.1141,0.4193,0.1941
8883,-118.525,34.385,0.1121,0.0354,0.1038,0.0521,1.2966,0.763,1.5572,0.9896,0.2309,0.0888,0.0596,0.0418,0.2134,0.1115,0.4145,0.188
8884,-118.515,34.385,0.1186,0.0376,0.1015,0.0505,1.3813,0.8083,1.5587,0.963,0.2405,0.0938,0.059,0.0431,0.2067,0.1071,0.4071,0.1798
8885,-118.505,34.385,0.1131,0.0347,0.0965,0.0472,1.4813,0.8159,1.5466,0.8813,0.2265,0.085,0.0546,0.0407,0.1899,0.0953,0.3977,0.1701
8886,-118.495,34.385,0.1083,0.0321,0.0945,0.0458,1.5779,0.8478,1.5208,0.8257,0.215,0.0779,0.0531,0.0402,0.1798,0.0884,0.3911,0.1634
8887,-118.485,34.385,0.1104,0.0323,0.0953,0.0463,1.6713,0.9041,1.4816,0.7962,0.217,0.0786,0.0544,0.0416,0.1762,0.0863,0.3902,0.1615
8888,-118.475,34.385,0.1084,0.0309,0.0836,0.0393,1.7342,0.926,1.4369,0.7526,0.2125,0.076,0.055,0.0418,0.1701,0.0826,0.3821,0.1556
8889,-118.465,34.385,0.1096,0.0307,0.0718,0.0322,1.7851,0.9413,1.3915,0.7091,0.2142,0.0765,0.0557,0.0417,0.1641,0.079,0.3695,0.1471
8890,-118.455,34.385,0.1107,0.0306,0.0723,0.0324,1.8084,0.9581,1.3482,0.6802,0.2154,0.077,0.057,0.0421,0.1609,0.0772,0.3715,0.148
8891,-118.445,34.385,0.1109,0.0301,0.0731,0.0327,1.814,0.9553,1.2931,0.6406,0.2149,0.0767,0.0574,0.0416,0.1557,0.0742,0.3767,0.1506
8892,-118.435,34.385,0.1091,0.0289,0.0742,0.0333,1.8018,0.9328,1.2264,0.5903,0.2108,0.0746,0.0569,0.0403,0.1485,0.0701,0.3843,0.1547
8893,-118.425,34.385,0.1102,0.0288,0.0793,0.0363,1.8896,1.0765,1.2222,0.6323,0.2115,0.0749,0.0655,0.0468,0.1613,0.0789,0.3972,0.1623
8894,-118.415,34.385,0.1322,0.036,0.0818,0.0377,1.94,1.1721,1.1909,0.6503,0.2471,0.094,0.0715,0.0512,0.1686,0.0844,0.4207,0.1769
8895,-118.405,34.385,0.1039,0.0259,0.0668,0.0293,1.7078,0.8663,0.9648,0.4587,0.197,0.0685,0.0561,0.0372,0.1295,0.0604,0.3644,0.1437
8896,-118.395,34.385,0.0869,0.0202,0.0572,0.0239,1.5595,0.6909,0.8185,0.3467,0.1646,0.054,0.0482,0.0296,0.1073,0.0469,0.3276,0.1236
8897,-118.385,34.385,0.0861,0.0197,0.0531,0.0218,1.495,0.6459,0.7519,0.3146,0.1617,0.0529,0.0478,0.0284,0.1019,0.0441,0.3124,0.1162
8898,-118.375,34.385,0.0874,0.0197,0.052,0.0212,1.4589,0.6189,0.7103,0.2969,0.1624,0.0533,0.0488,0.0283,0.0999,0.0431,0.3148,0.1174
8899,-118.365,34.385,0.0888,0.0199,0.0515,0.0209,1.4276,0.5952,0.6743,0.2825,0.1634,0.0538,0.0502,0.0284,0.0985,0.0426,0.3189,0.1194
8900,-118.355,34.385,0.0901,0.02,0.0511,0.0207,1.3912,0.5688,0.641,0.2692,0.1648,0.0545,0.0516,0.0285,0.0973,0.0421,0.3233,0.1215
8901,-118.345,34.385,0.0915,0.0201,0.0507,0.0205,1.3541,0.5425,0.6088,0.2563,0.167,0.0554,0.0529,0.0284,0.0962,0.0417,0.3278,0.1237
8902,-118.335,34.385,0.0929,0.0203,0.0503,0.0203,1.3162,0.516,0.5779,0.2438,0.1692,0.0562,0.054,0.0283,0.0951,0.0412,0.3325,0.1259
8903,-118.325,34.385,0.0943,0.0205,0.05,0.0202,1.2781,0.4908,0.5497,0.2322,0.1712,0.0571,0.0549,0.0279,0.0941,0.0408,0.3374,0.1281
8904,-118.315,34.385,0.0957,0.0207,0.0496,0.02,1.2405,0.4663,0.5227,0.2209,0.173,0.0578,0.0556,0.0275,0.0931,0.0404,0.3423,0.1303
8905,-118.305,34.385,0.097,0.021,0.0493,0.0199,1.2051,0.4438,0.4987,0.2106,0.1746,0.0584,0.0558,0.0269,0.0923,0.0401,0.3472,0.1325
8906,-118.295,34.385,0.0982,0.0212,0.0491,0.0197,1.1708,0.4227,0.4763,0.2008,0.1758,0.0589,0.0559,0.0262,0.0914,0.0398,0.3522,0.1347
8907,-118.285,34.385,0.0994,0.0215,0.0488,0.0196,1.1377,0.403,0.4554,0.1915,0.1769,0.0593,0.0558,0.0255,0.0905,0.0395,0.357,0.1368
8908,-118.275,34.385,0.1005,0.0217,0.0486,0.0195,1.1075,0.3856,0.4368,0.1829,0.1775,0.0595,0.0554,0.0247,0.0897,0.0391,0.3619,0.1388
8909,-118.265,34.385,0.1015,0.022,0.0483,0.0194,1.0779,0.3689,0.4189,0.1746,0.1779,0.0596,0.0549,0.0239,0.0889,0.0388,0.3669,0.1408
8910,-118.255,34.385,0.1025,0.0223,0.0481,0.0193,1.0485,0.3536,0.403,0.1671,0.1779,0.0595,0.0543,0.0231,0.088,0.0385,0.372,0.1429
8911,-118.245,34.385,0.1033,0.0226,0.048,0.0192,1.0076,0.3358,0.3879,0.1599,0.1777,0.0594,0.0537,0.0223,0.0872,0.0382,0.3771,0.1449
8912,-118.235,34.385,0.104,0.0228,0.0478,0.0192,0.9552,0.3154,0.3736,0.1531,0.1774,0.0592,0.053,0.0216,0.0864,0.0378,0.3825,0.1471
8913,-118.225,34.385,0.1047,0.023,0.0476,0.0191,0.8902,0.292,0.3605,0.1467,0.1771,0.059,0.0523,0.021,0.0855,0.0375,0.3881,0.1493
8914,-118.215,34.385,0.1051,0.0233,0.0475,0.019,0.8227,0.2682,0.3477,0.1405,0.1768,0.0589,0.0515,0.0204,0.0847,0.0372,0.3939,0.1517
8915,-118.205,34.385,0.1055,0.0235,0.0474,0.019,0.7557,0.2454,0.336,0.135,0.1765,0.0587,0.0508,0.0199,0.0839,0.0369,0.4001,0.1542
8916,-118.195,34.385,0.1058,0.0236,0.0473,0.0189,0.6931,0.2242,0.3248,0.1297,0.1763,0.0586,0.0499,0.0195,0.0831,0.0366,0.4065,0.1569
8917,-118.185,34.385,0.1059,0.0238,0.0472,0.0189,0.6349,0.2046,0.3141,0.1248,0.1762,0.0586,0.0491,0.0191,0.0823,0.0363,0.4133,0.1597
8918,-118.175,34.385,0.1059,0.0239,0.0471,0.0188,0.5843,0.1876,0.3041,0.1203,0.178,0.0592,0.0482,0.0188,0.0815,0.036,0.4204,0.1627
8919,-118.165,34.385,0.1058,0.024,0.0471,0.0188,0.5374,0.172,0.2945,0.116,0.1808,0.06,0.0473,0.0185,0.0807,0.0357,0.428,0.1659
8920,-118.155,34.385,0.1056,0.0241,0.047,0.0188,0.5016,0.1599,0.2856,0.1121,0.1836,0.061,0.0464,0.0183,0.0799,0.0354,0.4359,0.1693
8921,-118.145,34.385,0.1053,0.0242,0.047,0.0188,0.47,0.1491,0.2771,0.1085,0.1867,0.062,0.0454,0.0181,0.0792,0.0351,0.4442,0.1729
8922,-118.135,34.385,0.1049,0.0242,0.047,0.0187,0.4426,0.1397,0.2691,0.1052,0.1899,0.0632,0.0444,0.018,0.0784,0.0348,0.4529,0.1766
8923,-118.125,34.385,0.1043,0.0242,0.047,0.0187,0.4186,0.1316,0.2616,0.1023,0.1932,0.0644,0.0434,0.0179,0.0777,0.0345,0.4618,0.1805
8924,-118.115,34.385,0.1037,0.0241,0.047,0.0187,0.3959,0.1239,0.2544,0.0995,0.1965,0.0656,0.0424,0.0178,0.077,0.0342,0.4712,0.1845
8925,-118.105,34.385,0.103,0.0241,0.047,0.0187,0.376,0.1173,0.2478,0.097,0.1998,0.0668,0.0414,0.0177,0.0762,0.034,0.4809,0.1888
8926,-118.095,34.385,0.1021,0.024,0.047,0.0187,0.3576,0.1111,0.2415,0.0948,0.2031,0.068,0.0404,0.0177,0.0756,0.0337,0.4909,0.1931
8927,-118.085,34.385,0.1013,0.0239,0.047,0.0187,0.3405,0.1055,0.2356,0.0927,0.2062,0.0692,0.0395,0.0177,0.0749,0.0335,0.5012,0.1975
8928,-118.075,34.385,0.1002,0.0238,0.047,0.0187,0.3249,0.1003,0.2298,0.0907,0.2091,0.0703,0.0385,0.0177,0.0742,0.0332,0.5117,0.2019
8929,-118.065,34.385,0.0992,0.0237,0.047,0.0187,0.31,0.0954,0.2241,0.0888,0.2117,0.0714,0.0376,0.0177,0.0735,0.033,0.5221,0.2063
8930,-118.055,34.385,0.0981,0.0235,0.047,0.0188,0.2968,0.0911,0.219,0.0871,0.214,0.0723,0.0367,0.0177,0.0728,0.0327,0.5325,0.2106
8931,-118.045,34.385,0.097,0.0234,0.047,0.0188,0.2845,0.0871,0.214,0.0855,0.2158,0.073,0.036,0.0177,0.0722,0.0325,0.543,0.2148
8932,-118.035,34.385,0.096,0.0232,0.047,0.0188,0.2731,0.0834,0.2093,0.084,0.2171,0.0735,0.0353,0.0177,0.0716,0.0323,0.5532,0.2188
8933,-118.025,34.385,0.095,0.0231,0.0471,0.0189,0.2627,0.0801,0.2049,0.0826,0.2179,0.0737,0.0349,0.0176,0.0711,0.0321,0.5632,0.2225
8934,-118.015,34.385,0.0941,0.023,0.0471,0.0189,0.2529,0.0769,0.2006,0.0813,0.2182,0.0737,0.0345,0.0176,0.0706,0.032,0.5729,0.2259
8935,-118.005,34.385,0.0933,0.0229,0.0472,0.019,0.2441,0.0742,0.1966,0.08,0.2179,0.0735,0.0342,0.0176,0.0701,0.0318,0.5825,0.2292
8936,-117.995,34.385,0.0925,0.0228,0.0473,0.0191,0.2359,0.0716,0.1928,0.0787,0.2172,0.0731,0.0341,0.0175,0.0697,0.0317,0.5919,0.2323
8937,-117.985,34.385,0.0917,0.0227,0.0474,0.0192,0.2282,0.0692,0.189,0.0774,0.2162,0.0726,0.0341,0.0174,0.0693,0.0316,0.6015,0.2353
8938,-117.975,34.385,0.091,0.0227,0.0475,0.0193,0.2211,0.0671,0.1854,0.0761,0.2148,0.072,0.0341,0.0173,0.0689,0.0315,0.6114,0.2386
8939,-117.965,34.385,0.0902,0.0226,0.0476,0.0194,0.2143,0.065,0.1819,0.0748,0.2134,0.0714,0.0342,0.0173,0.0685,0.0314,0.6218,0.242
8940,-117.955,34.385,0.0895,0.0225,0.0477,0.0195,0.2082,0.0632,0.1786,0.0734,0.212,0.0709,0.0344,0.0172,0.0682,0.0313,0.6326,0.2458
8941,-117.945,34.385,0.0888,0.0224,0.0478,0.0196,0.2024,0.0615,0.1753,0.0721,0.2106,0.0704,0.0346,0.0172,0.0679,0.0313,0.6446,0.2502
8942,-117.935,34.385,0.0881,0.0223,0.0479,0.0197,0.197,0.0599,0.1721,0.0708,0.2092,0.07,0.0349,0.0171,0.0675,0.0312,0.6574,0.255
8943,-117.925,34.385,0.0873,0.0223,0.048,0.0198,0.1921,0.0585,0.1691,0.0695,0.2078,0.0696,0.0353,0.0171,0.0672,0.0311,0.6712,0.2603
8944,-117.915,34.385,0.0865,0.0222,0.0481,0.02,0.1874,0.0572,0.1661,0.0682,0.2065,0.0693,0.0357,0.0171,0.0669,0.0311,0.6861,0.2663
8945,-117.905,34.385,0.0857,0.0221,0.0481,0.0201,0.1834,0.0561,0.1633,0.0671,0.2051,0.069,0.0361,0.0172,0.0667,0.0311,0.7021,0.2728
8946,-117.895,34.385,0.085,0.022,0.0482,0.0202,0.1797,0.0552,0.1607,0.066,0.2038,0.0687,0.0366,0.0172,0.0665,0.0311,0.7195,0.2801
8947,-117.885,34.385,0.0842,0.0219,0.0483,0.0203,0.1764,0.0544,0.1583,0.065,0.2024,0.0684,0.0372,0.0173,0.0663,0.0311,0.7382,0.288
8948,-117.875,34.385,0.0836,0.0218,0.0484,0.0205,0.1736,0.0537,0.1561,0.0642,0.2009,0.0682,0.0378,0.0175,0.0661,0.0311,0.7581,0.2966
8949,-117.865,34.385,0.0829,0.0218,0.0485,0.0206,0.1713,0.0532,0.1543,0.0636,0.1994,0.0679,0.0386,0.0177,0.0661,0.0312,0.7793,0.3059
8950,-117.855,34.385,0.0824,0.0218,0.0485,0.0207,0.1705,0.0534,0.1538,0.0637,0.1978,0.0675,0.0397,0.0181,0.0666,0.0316,0.8037,0.3168
8951,-117.845,34.385,0.0819,0.0218,0.0496,0.0214,0.1702,0.0537,0.1537,0.0642,0.1961,0.0672,0.041,0.0187,0.0672,0.0321,0.8369,0.3321
8952,-117.835,34.385,0.0831,0.0224,0.0518,0.0226,0.1703,0.0542,0.1541,0.0651,0.1981,0.0685,0.0425,0.0193,0.0681,0.0328,0.8829,0.3545
8953,-117.825,34.385,0.0845,0.023,0.0548,0.0245,0.1704,0.0546,0.1545,0.0658,0.2003,0.0699,0.0441,0.02,0.0688,0.0334,0.9447,0.3857
8954,-117.815,34.385,0.0876,0.0243,0.0575,0.026,0.1702,0.0548,0.1546,0.0666,0.2061,0.073,0.0457,0.0207,0.0694,0.0339,1.0063,0.4181
8955,-117.805,34.385,0.0888,0.0249,0.0572,0.026,0.169,0.0545,0.1538,0.0669,0.2074,0.0741,0.047,0.0213,0.0695,0.034,1.0497,0.4402
8956,-117.795,34.385,0.0932,0.0266,0.056,0.0254,0.1715,0.0556,0.1566,0.0694,0.2158,0.0783,0.0498,0.0227,0.0713,0.0353,1.0853,0.4581
8957,-117.785,34.385,0.0932,0.0268,0.0539,0.0242,0.1778,0.0583,0.1631,0.074,0.2141,0.0778,0.0538,0.0248,0.0748,0.0375,1.1179,0.4745
8958,-117.775,34.385,0.0872,0.0249,0.0531,0.0239,0.1702,0.0552,0.1567,0.0716,0.1991,0.0714,0.0538,0.0246,0.0723,0.0361,1.1373,0.4828
8959,-117.765,34.385,0.0837,0.0238,0.0527,0.0237,0.1615,0.0516,0.1492,0.0687,0.1895,0.0674,0.0535,0.0242,0.0693,0.0344,1.139,0.4813
8960,-117.755,34.385,0.0825,0.0236,0.0523,0.0236,0.161,0.0513,0.1493,0.0702,0.1854,0.066,0.056,0.0255,0.0697,0.0348,1.1585,0.49
8961,-117.745,34.385,0.0842,0.0244,0.0518,0.0235,0.162,0.0516,0.1513,0.0716,0.1875,0.0674,0.0593,0.0272,0.0709,0.0356,1.2009,0.5118
8962,-117.735,34.385,0.0856,0.0251,0.0512,0.0233,0.1646,0.0526,0.1551,0.073,0.1889,0.0685,0.0636,0.0294,0.0727,0.0369,1.2415,0.5328
8963,-117.725,34.385,0.0823,0.0241,0.0501,0.0227,0.1594,0.0504,0.1525,0.0677,0.1802,0.0649,0.0652,0.0301,0.0709,0.0359,1.253,0.5359
8964,-117.715,34.385,0.08,0.0235,0.049,0.0222,0.1533,0.0478,0.1491,0.0616,0.1738,0.0624,0.0666,0.0307,0.0688,0.0347,1.253,0.5342
8965,-117.705,34.385,0.0783,0.0231,0.0481,0.0218,0.1503,0.0464,0.1486,0.0576,0.1689,0.0605,0.0697,0.0322,0.0679,0.0343,1.2445,0.5299
8966,-117.695,34.385,0.0772,0.0229,0.0479,0.0219,0.1482,0.0454,0.149,0.0544,0.1653,0.0592,0.0738,0.0342,0.0674,0.0341,1.2266,0.5228
8967,-117.685,34.385,0.0768,0.023,0.0484,0.0223,0.147,0.0447,0.1505,0.0519,0.1629,0.0585,0.0787,0.0366,0.0674,0.0342,1.2292,0.5261
8968,-117.675,34.385,0.0764,0.023,0.0476,0.022,0.1447,0.0436,0.1503,0.0495,0.1607,0.0579,0.078,0.0368,0.0667,0.0339,1.2157,0.5218
8969,-117.665,34.385,0.0742,0.0224,0.0467,0.0216,0.1428,0.0427,0.1505,0.0478,0.1546,0.0555,0.0761,0.0366,0.0663,0.0338,1.1908,0.5112
8970,-117.655,34.385,0.0734,0.0224,0.0468,0.0218,0.1444,0.0434,0.1536,0.0495,0.1514,0.0544,0.0745,0.037,0.0678,0.035,1.1632,0.4979
8971,-118.945,34.395,0.0983,0.0444,0.0902,0.0522,0.2969,0.1504,0.5586,0.325,0.1574,0.0691,0.0301,0.0421,0.2829,0.1489,0.3121,0.1584
8972,-118.935,34.395,0.1027,0.0466,0.0927,0.0537,0.3039,0.155,0.5794,0.3417,0.1636,0.0726,0.0289,0.0404,0.2825,0.1488,0.3193,0.1632
8973,-118.925,34.395,0.1054,0.0478,0.0932,0.0537,0.304,0.1543,0.5911,0.3477,0.1668,0.0743,0.0267,0.0364,0.2756,0.1436,0.3218,0.1641
8974,-118.915,34.395,0.1061,0.0477,0.0928,0.0531,0.3026,0.1524,0.5998,0.3499,0.1669,0.0739,0.0246,0.0323,0.2677,0.1375,0.3199,0.1609
8975,-118.905,34.395,0.1041,0.0461,0.0901,0.051,0.3007,0.1497,0.6025,0.3447,0.1642,0.0717,0.0241,0.0305,0.2607,0.132,0.3146,0.1549
8976,-118.895,34.395,0.0996,0.0431,0.0881,0.0494,0.2958,0.1449,0.5997,0.3343,0.1577,0.0672,0.0237,0.029,0.2517,0.1252,0.3079,0.148
8977,-118.885,34.395,0.0984,0.042,0.0867,0.0483,0.2879,0.138,0.5913,0.3185,0.1556,0.0655,0.0236,0.028,0.2407,0.1172,0.3021,0.142
8978,-118.875,34.395,0.099,0.042,0.0861,0.0478,0.2897,0.1382,0.5967,0.3175,0.1562,0.0653,0.0245,0.0284,0.2376,0.1151,0.3024,0.141
8979,-118.865,34.395,0.0999,0.0421,0.0855,0.0473,0.2937,0.14,0.6052,0.32,0.1569,0.0652,0.0256,0.0291,0.2362,0.1143,0.3026,0.1399
8980,-118.855,34.395,0.1002,0.0418,0.0843,0.0464,0.2985,0.1425,0.6152,0.3241,0.1567,0.0645,0.0267,0.0299,0.2352,0.1139,0.3044,0.1401
8981,-118.845,34.395,0.1035,0.0432,0.0843,0.0463,0.3127,0.1523,0.6372,0.3432,0.1606,0.0662,0.029,0.0323,0.2414,0.119,0.3087,0.1422
8982,-118.835,34.395,0.1097,0.0461,0.0853,0.047,0.3361,0.1694,0.6712,0.3771,0.1684,0.0702,0.0325,0.0363,0.2548,0.1296,0.3164,0.1472
8983,-118.825,34.395,0.1026,0.0418,0.0808,0.0438,0.335,0.167,0.6753,0.3731,0.1581,0.0636,0.0327,0.0356,0.2481,0.1247,0.3117,0.1423
8984,-118.815,34.395,0.1008,0.0406,0.0761,0.0405,0.3311,0.1622,0.676,0.3648,0.1551,0.0615,0.0324,0.0344,0.2389,0.1178,0.3088,0.1389
8985,-118.805,34.395,0.1017,0.0406,0.0758,0.0402,0.3376,0.1657,0.6896,0.3734,0.1557,0.0613,0.0336,0.035,0.2375,0.1171,0.3091,0.1379
8986,-118.795,34.395,0.1016,0.0402,0.0752,0.0397,0.3447,0.1697,0.7044,0.3833,0.1553,0.0606,0.0348,0.0357,0.236,0.1163,0.3094,0.1371
8987,-118.785,34.395,0.1017,0.0399,0.0744,0.039,0.3525,0.174,0.7203,0.3946,0.1554,0.0602,0.036,0.0363,0.2346,0.1156,0.3096,0.1362
8988,-118.775,34.395,0.1011,0.0393,0.0737,0.0383,0.3621,0.1795,0.7388,0.4091,0.1549,0.0595,0.0374,0.0371,0.2334,0.1151,0.3099,0.1353
8989,-118.765,34.395,0.101,0.0389,0.0733,0.0378,0.3722,0.1851,0.758,0.4245,0.1555,0.0594,0.0388,0.0379,0.2321,0.1145,0.3106,0.1348
8990,-118.755,34.395,0.101,0.0386,0.0739,0.038,0.3834,0.1907,0.7782,0.4411,0.1563,0.0594,0.0401,0.0386,0.2302,0.1134,0.3123,0.135
8991,-118.745,34.395,0.1012,0.0383,0.0749,0.0384,0.3973,0.1982,0.801,0.4622,0.1576,0.0596,0.0418,0.0397,0.2293,0.1131,0.3147,0.1358
8992,-118.735,34.395,0.1026,0.0387,0.0763,0.039,0.414,0.2074,0.8262,0.4876,0.1608,0.0609,0.0439,0.0411,0.2294,0.1135,0.3194,0.1381
8993,-118.725,34.395,0.1056,0.0398,0.0778,0.0397,0.4324,0.2169,0.8522,0.5154,0.1662,0.0634,0.046,0.0424,0.2289,0.1136,0.324,0.1405
8994,-118.715,34.395,0.1051,0.0392,0.0792,0.0404,0.4518,0.2268,0.8786,0.5446,0.1671,0.0634,0.0481,0.0438,0.2283,0.1135,0.3272,0.1419
8995,-118.705,34.395,0.1056,0.0391,0.0802,0.0408,0.4742,0.2382,0.9058,0.5787,0.1692,0.0642,0.0505,0.0453,0.228,0.1137,0.3308,0.1435
8996,-118.695,34.395,0.1069,0.0394,0.0815,0.0414,0.495,0.2473,0.9329,0.61,0.1728,0.0657,0.0523,0.0462,0.2257,0.1124,0.3344,0.1452
8997,-118.685,34.395,0.1059,0.0385,0.083,0.0422,0.5142,0.2542,0.9598,0.6384,0.1732,0.0654,0.0535,0.0463,0.2215,0.1096,0.3377,0.1467
8998,-118.675,34.395,0.1071,0.0387,0.0852,0.0433,0.5439,0.27,0.9907,0.6879,0.1766,0.0668,0.0558,0.0477,0.2219,0.1104,0.341,0.1481
8999,-118.665,34.395,0.1086,0.0391,0.087,0.0443,0.5749,0.2866,1.0219,0.7399,0.1807,0.0686,0.0579,0.049,0.2225,0.1113,0.3453,0.1505
9000,-118.655,34.395,0.107,0.038,0.0865,0.0438,0.6022,0.298,1.0507,0.783,0.1805,0.068,0.0576,0.0481,0.2192,0.1091,0.3467,0.1503
9001,-118.645,34.395,0.1077,0.038,0.0869,0.0438,0.6337,0.313,1.0766,0.8315,0.1838,0.0694,0.0574,0.0473,0.2172,0.108,0.3488,0.1507
9002,-118.635,34.395,0.109,0.0382,0.088,0.0443,0.6695,0.3316,1.0996,0.8854,0.1884,0.0715,0.057,0.0466,0.2165,0.108,0.3521,0.152
9003,-118.625,34.395,0.1096,0.0381,0.0887,0.0445,0.697,0.3394,1.128,0.9057,0.1921,0.0732,0.0544,0.0437,0.2097,0.1035,0.3561,0.1538
9004,-118.615,34.395,0.1041,0.0353,0.0887,0.0443,0.7255,0.3471,1.1628,0.9197,0.1873,0.0702,0.0516,0.0406,0.2026,0.0989,0.3558,0.1522
9005,-118.605,34.395,0.0999,0.0331,0.0857,0.0422,0.7669,0.3657,1.2228,0.9366,0.1846,0.0683,0.0503,0.039,0.2,0.0974,0.3582,0.1525
9006,-118.595,34.395,0.0986,0.0322,0.0852,0.0417,0.8177,0.3942,1.2618,0.9477,0.1868,0.0692,0.0501,0.0383,0.2006,0.0982,0.3657,0.1567
9007,-118.585,34.395,0.101,0.0329,0.0872,0.0428,0.8779,0.4326,1.2798,0.9529,0.1955,0.0736,0.0509,0.0384,0.2045,0.1013,0.3808,0.1667
9008,-118.575,34.395,0.1119,0.0373,0.0948,0.0475,0.9425,0.4807,1.316,0.9653,0.2186,0.0863,0.0527,0.0389,0.2092,0.1051,0.4031,0.1834
9009,-118.565,34.395,0.1142,0.038,0.1025,0.0522,1.0082,0.5325,1.3535,0.9769,0.2278,0.0914,0.0549,0.0396,0.2141,0.1093,0.4186,0.1946
9010,-118.555,34.395,0.1166,0.0387,0.1054,0.054,1.0743,0.5923,1.379,0.9772,0.2359,0.0958,0.0581,0.0412,0.2194,0.1137,0.4298,0.2027
9011,-118.545,34.395,0.1184,0.0391,0.1068,0.0547,1.142,0.6458,1.4183,0.9713,0.2404,0.0978,0.0601,0.0426,0.2207,0.1152,0.4384,0.2089
9012,-118.535,34.395,0.1177,0.0383,0.1067,0.0544,1.2112,0.6929,1.4715,0.9594,0.2386,0.0958,0.0611,0.0437,0.2181,0.1137,0.4329,0.2018
9013,-118.525,34.395,0.115,0.0366,0.104,0.0525,1.2915,0.7253,1.4907,0.9189,0.2319,0.091,0.0594,0.0434,0.2092,0.1076,0.4226,0.1907
9014,-118.515,34.395,0.112,0.0348,0.1005,0.0502,1.3759,0.7591,1.4969,0.8752,0.2231,0.085,0.0573,0.0431,0.1999,0.1012,0.4118,0.1796
9015,-118.505,34.395,0.1105,0.0336,0.0963,0.0474,1.4687,0.814,1.4728,0.845,0.2153,0.0799,0.0564,0.0444,0.1954,0.0983,0.4038,0.1713
9016,-118.495,34.395,0.1149,0.0347,0.0942,0.0459,1.567,0.8773,1.4437,0.8191,0.2185,0.0811,0.057,0.0462,0.192,0.0963,0.4052,0.171
9017,-118.485,34.395,0.1181,0.0353,0.0941,0.0458,1.6708,0.9489,1.4095,0.7974,0.2223,0.0828,0.0591,0.0482,0.1898,0.0953,0.4131,0.1761
9018,-118.475,34.395,0.1228,0.0364,0.0889,0.0425,1.7527,0.937,1.3566,0.724,0.2289,0.0863,0.0571,0.0455,0.1764,0.0865,0.412,0.1739
9019,-118.465,34.395,0.106,0.0293,0.0833,0.039,1.8204,0.9145,1.3021,0.6495,0.2009,0.0709,0.055,0.0425,0.1628,0.0776,0.4027,0.1654
9020,-118.455,34.395,0.1062,0.0289,0.0806,0.0374,1.8402,0.9226,1.2577,0.6213,0.2003,0.0705,0.0558,0.0423,0.159,0.0755,0.4011,0.1633
9021,-118.445,34.395,0.1071,0.0286,0.0784,0.0361,1.8522,0.9263,1.2118,0.5927,0.201,0.0707,0.0567,0.0421,0.1554,0.0736,0.4035,0.1643
9022,-118.435,34.395,0.1092,0.0288,0.0767,0.035,1.8565,0.9254,1.1644,0.5638,0.2035,0.0719,0.0576,0.0418,0.1519,0.0717,0.4112,0.1688
9023,-118.425,34.395,0.1149,0.0302,0.082,0.0381,1.9049,1.019,1.1557,0.5892,0.2122,0.0762,0.0643,0.0465,0.1611,0.0781,0.4243,0.1768
9024,-118.415,34.395,0.1269,0.0338,0.0855,0.0402,1.9324,1.0829,1.1315,0.5995,0.2307,0.086,0.0695,0.0498,0.167,0.0824,0.4426,0.1881
9025,-118.405,34.395,0.1101,0.0275,0.073,0.0329,1.8143,0.9074,0.9929,0.4822,0.2017,0.0711,0.0615,0.0416,0.1439,0.0682,0.4014,0.1624
9026,-118.395,34.395,0.0931,0.0219,0.0624,0.027,1.6619,0.7533,0.8577,0.3851,0.1705,0.0572,0.0545,0.0347,0.1237,0.0561,0.3593,0.1387
9027,-118.385,34.395,0.0859,0.0194,0.0538,0.0223,1.4751,0.6206,0.7262,0.308,0.1566,0.0513,0.0486,0.029,0.1062,0.0462,0.3308,0.1239
9028,-118.375,34.395,0.087,0.0193,0.0518,0.0213,1.4143,0.5789,0.675,0.2831,0.1573,0.0517,0.0486,0.028,0.1019,0.044,0.3278,0.1225
9029,-118.365,34.395,0.0881,0.0194,0.0513,0.021,1.3786,0.5556,0.6411,0.2693,0.1583,0.0522,0.0498,0.0279,0.1004,0.0434,0.3318,0.1245
9030,-118.355,34.395,0.0893,0.0194,0.0508,0.0207,1.3398,0.5308,0.611,0.2571,0.1599,0.0529,0.051,0.0278,0.0991,0.0428,0.3363,0.1266
9031,-118.345,34.395,0.0905,0.0195,0.0504,0.0205,1.3009,0.506,0.5821,0.2454,0.1621,0.0538,0.0521,0.0276,0.0979,0.0423,0.3411,0.1288
9032,-118.335,34.395,0.0917,0.0196,0.05,0.0203,1.2619,0.4814,0.5544,0.2341,0.1641,0.0547,0.0532,0.0274,0.0967,0.0418,0.3459,0.1311
9033,-118.325,34.395,0.093,0.0198,0.0496,0.0201,1.223,0.4578,0.5287,0.2235,0.1662,0.0556,0.054,0.027,0.0956,0.0414,0.3511,0.1336
9034,-118.315,34.395,0.0942,0.02,0.0493,0.02,1.1847,0.4349,0.504,0.2132,0.168,0.0564,0.0547,0.0266,0.0946,0.041,0.3563,0.136
9035,-118.305,34.395,0.0953,0.0202,0.0489,0.0198,1.1485,0.4138,0.4817,0.2037,0.1696,0.057,0.0551,0.026,0.0937,0.0406,0.3617,0.1384
9036,-118.295,34.395,0.0965,0.0204,0.0487,0.0197,1.1136,0.3938,0.4607,0.1946,0.1709,0.0576,0.0554,0.0254,0.0927,0.0403,0.367,0.1408
9037,-118.285,34.395,0.0975,0.0206,0.0484,0.0196,1.0798,0.375,0.4411,0.1859,0.1718,0.0579,0.0554,0.0247,0.0918,0.0399,0.3722,0.143
9038,-118.275,34.395,0.0985,0.0209,0.0481,0.0195,1.0489,0.3584,0.4233,0.1778,0.1723,0.0581,0.0553,0.024,0.0909,0.0395,0.3774,0.1452
9039,-118.265,34.395,0.0994,0.0211,0.0479,0.0193,1.0193,0.3426,0.4062,0.17,0.1725,0.0581,0.0551,0.0232,0.09,0.0392,0.3826,0.1473
9040,-118.255,34.395,0.1003,0.0214,0.0477,0.0193,0.9927,0.3289,0.3908,0.1628,0.1724,0.058,0.0547,0.0225,0.0892,0.0389,0.3879,0.1494
9041,-118.245,34.395,0.101,0.0216,0.0475,0.0192,0.9582,0.3138,0.3762,0.156,0.1721,0.0578,0.0543,0.0219,0.0883,0.0385,0.3932,0.1515
9042,-118.235,34.395,0.1016,0.0219,0.0473,0.0191,0.9158,0.2971,0.3625,0.1495,0.1716,0.0575,0.0539,0.0212,0.0874,0.0382,0.3989,0.1538
9043,-118.225,34.395,0.1021,0.0221,0.0471,0.019,0.8624,0.278,0.3498,0.1434,0.1711,0.0572,0.0533,0.0206,0.0866,0.0378,0.4047,0.1562
9044,-118.215,34.395,0.1026,0.0223,0.047,0.0189,0.806,0.2583,0.3375,0.1376,0.1706,0.057,0.0528,0.0201,0.0857,0.0375,0.4109,0.1586
9045,-118.205,34.395,0.1028,0.0225,0.0468,0.0189,0.7452,0.238,0.3262,0.1323,0.1703,0.0568,0.0521,0.0197,0.0848,0.0372,0.4174,0.1613
9046,-118.195,34.395,0.1031,0.0227,0.0467,0.0188,0.6867,0.2187,0.3154,0.1273,0.1699,0.0566,0.0514,0.0193,0.084,0.0369,0.4243,0.1641
9047,-118.185,34.395,0.1031,0.0229,0.0466,0.0188,0.6304,0.2004,0.3051,0.1226,0.17,0.0566,0.0506,0.0189,0.0832,0.0365,0.4315,0.1672
9048,-118.175,34.395,0.1031,0.023,0.0465,0.0187,0.5811,0.1844,0.2956,0.1184,0.1719,0.0572,0.0498,0.0186,0.0824,0.0362,0.4391,0.1704
9049,-118.165,34.395,0.103,0.0231,0.0465,0.0187,0.5348,0.1694,0.2864,0.1143,0.1743,0.058,0.0489,0.0184,0.0815,0.0359,0.4471,0.1738
9050,-118.155,34.395,0.1028,0.0232,0.0464,0.0186,0.4968,0.1571,0.2781,0.1108,0.1768,0.0588,0.0479,0.0182,0.0807,0.0356,0.4554,0.1773
9051,-118.145,34.395,0.1024,0.0232,0.0464,0.0186,0.4637,0.1463,0.2701,0.1074,0.1796,0.0597,0.047,0.018,0.08,0.0353,0.4642,0.1811
9052,-118.135,34.395,0.102,0.0233,0.0464,0.0186,0.4357,0.1371,0.2625,0.1043,0.1825,0.0607,0.046,0.0179,0.0792,0.035,0.4733,0.185
9053,-118.125,34.395,0.1014,0.0233,0.0464,0.0186,0.4122,0.1293,0.2555,0.1016,0.1854,0.0617,0.045,0.0178,0.0784,0.0347,0.4827,0.1891
9054,-118.115,34.395,0.1008,0.0232,0.0464,0.0186,0.3902,0.122,0.2487,0.0991,0.1882,0.0627,0.044,0.0177,0.0777,0.0345,0.4925,0.1933
9055,-118.105,34.395,0.1001,0.0232,0.0464,0.0186,0.371,0.1156,0.2426,0.0968,0.1911,0.0637,0.0429,0.0176,0.077,0.0342,0.5026,0.1976
9056,-118.095,34.395,0.0993,0.0231,0.0469,0.0188,0.3536,0.1099,0.237,0.0949,0.1939,0.0648,0.042,0.0176,0.0764,0.034,0.5157,0.2033
9057,-118.085,34.395,0.0986,0.0231,0.0479,0.0194,0.3379,0.1048,0.2321,0.0934,0.197,0.066,0.0411,0.0177,0.0759,0.0339,0.5301,0.2097
9058,-118.075,34.395,0.0989,0.0234,0.0472,0.019,0.3222,0.0996,0.2264,0.0914,0.2018,0.0679,0.0401,0.0176,0.0751,0.0335,0.5408,0.2141
9059,-118.065,34.395,0.0964,0.0228,0.0464,0.0186,0.3069,0.0946,0.2206,0.0894,0.2012,0.0675,0.039,0.0176,0.0742,0.0332,0.5467,0.2161
9060,-118.055,34.395,0.0954,0.0227,0.0464,0.0186,0.2941,0.0904,0.2158,0.088,0.203,0.0682,0.0382,0.0176,0.0736,0.033,0.5554,0.2194
9061,-118.045,34.395,0.0943,0.0226,0.0464,0.0186,0.2821,0.0866,0.2112,0.0865,0.2045,0.0687,0.0374,0.0176,0.073,0.0327,0.5661,0.2235
9062,-118.035,34.395,0.0933,0.0224,0.0464,0.0187,0.2708,0.0829,0.2067,0.0852,0.2055,0.0691,0.0368,0.0176,0.0724,0.0325,0.5767,0.2275
9063,-118.025,34.395,0.0923,0.0223,0.0464,0.0187,0.2606,0.0797,0.2025,0.0839,0.2061,0.0692,0.0362,0.0175,0.0718,0.0323,0.5871,0.2313
9064,-118.015,34.395,0.0914,0.0222,0.0465,0.0188,0.2509,0.0766,0.1984,0.0826,0.2061,0.0691,0.0357,0.0175,0.0713,0.0322,0.5975,0.2348
9065,-118.005,34.395,0.0905,0.0221,0.0465,0.0188,0.2422,0.0738,0.1946,0.0814,0.2057,0.0689,0.0354,0.0175,0.0708,0.032,0.6077,0.2383
9066,-117.995,34.395,0.0897,0.022,0.0466,0.0189,0.234,0.0712,0.1908,0.0801,0.2049,0.0685,0.0352,0.0174,0.0703,0.0319,0.618,0.2416
9067,-117.985,34.395,0.0889,0.0219,0.0467,0.019,0.2262,0.0688,0.1872,0.0788,0.204,0.068,0.035,0.0174,0.0699,0.0318,0.6285,0.245
9068,-117.975,34.395,0.088,0.0218,0.0468,0.0191,0.2191,0.0666,0.1836,0.0774,0.2028,0.0675,0.035,0.0173,0.0695,0.0316,0.6395,0.2486
9069,-117.965,34.395,0.0873,0.0217,0.0469,0.0192,0.2123,0.0645,0.1801,0.076,0.2016,0.067,0.035,0.0172,0.0691,0.0315,0.6511,0.2525
9070,-117.955,34.395,0.0865,0.0217,0.0469,0.0193,0.2061,0.0627,0.1768,0.0745,0.2004,0.0666,0.0351,0.0172,0.0687,0.0314,0.6632,0.2568
9071,-117.945,34.395,0.0857,0.0216,0.047,0.0194,0.2002,0.0609,0.1735,0.0731,0.1993,0.0662,0.0352,0.0171,0.0683,0.0314,0.6767,0.2618
9072,-117.935,34.395,0.085,0.0215,0.0471,0.0195,0.1947,0.0593,0.1703,0.0716,0.1984,0.066,0.0355,0.0171,0.068,0.0313,0.6911,0.2674
9073,-117.925,34.395,0.0842,0.0214,0.0472,0.0196,0.1898,0.0579,0.1672,0.0702,0.1975,0.0658,0.0358,0.0171,0.0677,0.0312,0.7066,0.2736
9074,-117.915,34.395,0.0834,0.0213,0.0473,0.0198,0.1851,0.0566,0.1642,0.0687,0.1967,0.0657,0.0361,0.0171,0.0674,0.0312,0.7232,0.2804
9075,-117.905,34.395,0.0826,0.0212,0.0474,0.0199,0.1811,0.0555,0.1614,0.0674,0.1959,0.0657,0.0366,0.0171,0.0671,0.0311,0.741,0.2878
9076,-117.895,34.395,0.0818,0.0211,0.0478,0.0202,0.1775,0.0546,0.1587,0.0662,0.1951,0.0656,0.037,0.0172,0.0668,0.0311,0.7621,0.2969
9077,-117.885,34.395,0.081,0.021,0.0485,0.0207,0.1743,0.0538,0.1562,0.0651,0.1941,0.0656,0.0376,0.0172,0.0666,0.0311,0.7891,0.309
9078,-117.875,34.395,0.0804,0.021,0.0494,0.0213,0.1718,0.0533,0.1542,0.0643,0.1931,0.0655,0.0382,0.0174,0.0665,0.0312,0.8208,0.3234
9079,-117.865,34.395,0.08,0.021,0.0503,0.0219,0.1712,0.0536,0.1537,0.0643,0.1927,0.0657,0.0393,0.0178,0.0671,0.0317,0.8545,0.339
9080,-117.855,34.395,0.0816,0.0217,0.051,0.0223,0.1789,0.0571,0.1608,0.0684,0.1966,0.0677,0.0426,0.0194,0.0711,0.0341,0.9124,0.3682
9081,-117.845,34.395,0.0873,0.0239,0.0527,0.0234,0.1889,0.0619,0.17,0.074,0.2094,0.0742,0.0466,0.0215,0.076,0.0373,0.9855,0.407
9082,-117.835,34.395,0.0942,0.0264,0.0556,0.025,0.2011,0.0677,0.1812,0.0811,0.2249,0.0816,0.0514,0.0241,0.0819,0.0412,1.0581,0.4468
9083,-117.825,34.395,0.0987,0.0282,0.0582,0.0266,0.2004,0.0679,0.1808,0.0815,0.2343,0.0864,0.053,0.0248,0.0824,0.0417,1.1135,0.4779
9084,-117.815,34.395,0.1013,0.0294,0.0601,0.0278,0.1942,0.0656,0.1753,0.0791,0.2386,0.0891,0.0531,0.0247,0.0805,0.0406,1.1096,0.4695
9085,-117.805,34.395,0.0944,0.0271,0.0595,0.0275,0.1733,0.0572,0.156,0.0689,0.221,0.0814,0.0487,0.022,0.072,0.0354,1.1015,0.4617
9086,-117.795,34.395,0.0858,0.0242,0.0575,0.0265,0.1632,0.053,0.1474,0.0648,0.2001,0.0718,0.0478,0.0213,0.0684,0.0333,1.1067,0.4626
9087,-117.785,34.395,0.0845,0.0239,0.0544,0.0247,0.164,0.0531,0.1494,0.0668,0.1958,0.0701,0.0503,0.0225,0.0698,0.0343,1.1342,0.4761
9088,-117.775,34.395,0.0872,0.0251,0.0543,0.0248,0.1614,0.052,0.1478,0.0669,0.2,0.0726,0.0518,0.0232,0.0695,0.0342,1.1749,0.4968
9089,-117.765,34.395,0.0822,0.0234,0.0542,0.0249,0.1587,0.0509,0.146,0.0668,0.1874,0.0671,0.0534,0.0239,0.0691,0.0341,1.2157,0.5182
9090,-117.755,34.395,0.0805,0.023,0.0513,0.0232,0.1587,0.0508,0.1467,0.0679,0.1822,0.0651,0.0561,0.0253,0.0698,0.0346,1.241,0.5295
9091,-117.745,34.395,0.0804,0.0232,0.0498,0.0225,0.1584,0.0506,0.1476,0.0683,0.1805,0.0647,0.0589,0.0267,0.0703,0.0351,1.248,0.5302
9092,-117.735,34.395,0.0802,0.0233,0.0498,0.0226,0.158,0.0504,0.1485,0.0679,0.1787,0.0643,0.0619,0.0282,0.0708,0.0355,1.2456,0.5318
9093,-117.725,34.395,0.0789,0.023,0.049,0.0222,0.1544,0.0489,0.1471,0.0644,0.1744,0.0627,0.064,0.0292,0.0698,0.035,1.2355,0.5271
9094,-117.715,34.395,0.0772,0.0226,0.048,0.0218,0.1505,0.0472,0.1454,0.0605,0.1695,0.0609,0.066,0.0302,0.0687,0.0344,1.2193,0.5192
9095,-117.705,34.395,0.0757,0.0223,0.0472,0.0215,0.1476,0.046,0.1448,0.0571,0.1651,0.0593,0.0687,0.0316,0.0679,0.0341,1.1976,0.5092
9096,-117.695,34.395,0.0745,0.022,0.0466,0.0213,0.1452,0.0449,0.1445,0.0543,0.1615,0.058,0.0716,0.0331,0.0674,0.0339,1.1713,0.4978
9097,-117.685,34.395,0.0736,0.0219,0.0463,0.0212,0.1433,0.044,0.1447,0.0519,0.1584,0.0569,0.0746,0.0348,0.067,0.0338,1.1588,0.4939
9098,-117.675,34.395,0.0725,0.0217,0.0471,0.0219,0.1415,0.0432,0.1448,0.0502,0.1551,0.0557,0.0747,0.0353,0.0667,0.0337,1.1536,0.4944
9099,-117.665,34.395,0.0723,0.0219,0.0484,0.0228,0.1447,0.0446,0.1501,0.0514,0.1535,0.0554,0.0767,0.0374,0.069,0.0354,1.1647,0.5082
9100,-117.655,34.395,0.0806,0.0255,0.0505,0.0243,0.1728,0.0569,0.1809,0.0663,0.1689,0.0636,0.0907,0.0478,0.0839,0.0459,1.2019,0.5448
9101,-118.945,34.405,0.0948,0.0425,0.0877,0.0506,0.2924,0.1469,0.5458,0.3149,0.1532,0.0671,0.0294,0.0413,0.2836,0.148,0.3118,0.157
9102,-118.935,34.405,0.0996,0.0449,0.0904,0.0523,0.3036,0.1547,0.571,0.3368,0.1604,0.0713,0.0291,0.0413,0.287,0.151,0.323,0.1653
9103,-118.925,34.405,0.1017,0.0457,0.0899,0.0515,0.3034,0.1539,0.581,0.3415,0.1637,0.073,0.027,0.0377,0.2798,0.1456,0.3303,0.1702
9104,-118.915,34.405,0.0998,0.0442,0.0878,0.0497,0.3004,0.1509,0.5862,0.3406,0.1597,0.0701,0.0249,0.0335,0.2704,0.1383,0.3227,0.1622
9105,-118.905,34.405,0.0931,0.04,0.0815,0.0451,0.2951,0.1458,0.5834,0.3298,0.1492,0.0633,0.0239,0.0308,0.2607,0.1308,0.3128,0.1524
9106,-118.895,34.405,0.0878,0.0366,0.0778,0.0424,0.2897,0.1407,0.5796,0.3186,0.1408,0.0578,0.0235,0.0289,0.2513,0.1237,0.3038,0.1437
9107,-118.885,34.405,0.0869,0.0358,0.0769,0.0417,0.284,0.1355,0.5748,0.3069,0.1388,0.0562,0.0235,0.0279,0.2422,0.1172,0.2983,0.138
9108,-118.875,34.405,0.0875,0.0358,0.0763,0.0412,0.2864,0.1363,0.5816,0.3075,0.139,0.0558,0.0244,0.0283,0.2397,0.1156,0.2985,0.1368
9109,-118.865,34.405,0.0882,0.0358,0.0757,0.0407,0.2906,0.1384,0.5909,0.3109,0.1394,0.0556,0.0255,0.0289,0.2386,0.115,0.2988,0.1358
9110,-118.855,34.405,0.0891,0.0359,0.075,0.0402,0.2954,0.1409,0.6011,0.3153,0.1399,0.0554,0.0266,0.0295,0.2377,0.1147,0.3007,0.1361
9111,-118.845,34.405,0.0929,0.0376,0.0759,0.0408,0.3092,0.1506,0.6229,0.334,0.1443,0.0574,0.0289,0.0318,0.2439,0.1197,0.305,0.1383
9112,-118.835,34.405,0.101,0.0416,0.0785,0.0425,0.332,0.1675,0.6561,0.3671,0.1546,0.0628,0.0324,0.0358,0.2571,0.1302,0.3137,0.1439
9113,-118.825,34.405,0.0965,0.0388,0.0761,0.0408,0.331,0.1653,0.6604,0.3632,0.1476,0.0583,0.0326,0.0351,0.2507,0.1255,0.3103,0.14
9114,-118.815,34.405,0.0979,0.0391,0.0734,0.0389,0.3275,0.1611,0.6616,0.3555,0.1486,0.0584,0.0325,0.034,0.242,0.1191,0.309,0.1377
9115,-118.805,34.405,0.1008,0.0403,0.0742,0.0394,0.3354,0.166,0.677,0.3661,0.1516,0.0595,0.0339,0.0349,0.2421,0.1194,0.311,0.1381
9116,-118.795,34.405,0.1018,0.0404,0.0743,0.0394,0.3423,0.1701,0.6915,0.3757,0.1524,0.0595,0.0352,0.0356,0.2409,0.1189,0.3132,0.1385
9117,-118.785,34.405,0.102,0.0402,0.0738,0.0389,0.3482,0.1734,0.705,0.3844,0.1526,0.0592,0.0362,0.0361,0.2384,0.1174,0.3126,0.137
9118,-118.775,34.405,0.1005,0.0391,0.0732,0.0383,0.3568,0.1785,0.7224,0.3975,0.151,0.0579,0.0376,0.0368,0.2368,0.1166,0.3123,0.1357
9119,-118.765,34.405,0.1007,0.0388,0.0729,0.0378,0.3663,0.184,0.7407,0.4118,0.152,0.058,0.039,0.0375,0.2353,0.1158,0.3129,0.135
9120,-118.755,34.405,0.1009,0.0386,0.0738,0.0382,0.3771,0.1896,0.7603,0.4276,0.1533,0.0583,0.0404,0.0383,0.2333,0.1148,0.3148,0.1353
9121,-118.745,34.405,0.1011,0.0384,0.0751,0.0388,0.3909,0.197,0.7826,0.448,0.1547,0.0586,0.0422,0.0394,0.2324,0.1145,0.3178,0.1364
9122,-118.735,34.405,0.103,0.039,0.0768,0.0396,0.4077,0.2063,0.8076,0.4729,0.1586,0.0603,0.0444,0.0409,0.2326,0.1149,0.3231,0.1392
9123,-118.725,34.405,0.1051,0.0397,0.0777,0.04,0.4266,0.2159,0.8335,0.5003,0.1631,0.0624,0.0466,0.0425,0.2321,0.115,0.3284,0.142
9124,-118.715,34.405,0.1039,0.0387,0.0785,0.0403,0.4465,0.2259,0.8598,0.5292,0.1632,0.062,0.049,0.044,0.2316,0.1151,0.3322,0.1437
9125,-118.705,34.405,0.1047,0.0387,0.0797,0.0408,0.4694,0.2375,0.8872,0.5632,0.1662,0.0632,0.0517,0.0459,0.2314,0.1153,0.3369,0.146
9126,-118.695,34.405,0.1062,0.0391,0.0815,0.0417,0.4909,0.2468,0.9132,0.5938,0.1704,0.0651,0.054,0.0471,0.2292,0.114,0.3419,0.1487
9127,-118.685,34.405,0.1064,0.0389,0.0839,0.0431,0.5109,0.2538,0.9378,0.6209,0.1728,0.066,0.0557,0.0478,0.225,0.1114,0.3469,0.1513
9128,-118.675,34.405,0.1071,0.0389,0.0867,0.0447,0.542,0.2706,0.9667,0.6709,0.1761,0.0674,0.0589,0.05,0.2261,0.1126,0.3521,0.1542
9129,-118.665,34.405,0.1106,0.0402,0.0888,0.0458,0.5749,0.2886,0.996,0.7244,0.1836,0.0712,0.0617,0.052,0.2275,0.1141,0.3599,0.1592
9130,-118.655,34.405,0.1084,0.0388,0.0868,0.0442,0.6049,0.3027,1.0231,0.7722,0.183,0.0704,0.0618,0.0517,0.2256,0.1131,0.3613,0.1589
9131,-118.645,34.405,0.1023,0.0356,0.0843,0.0424,0.6332,0.3139,1.0482,0.8131,0.1766,0.0665,0.0605,0.0501,0.2216,0.1106,0.36,0.1564
9132,-118.635,34.405,0.0997,0.0341,0.0813,0.0403,0.6597,0.3222,1.0711,0.8472,0.1757,0.0657,0.0577,0.0473,0.2155,0.1065,0.3585,0.1539
9133,-118.625,34.405,0.0988,0.0334,0.0817,0.0403,0.6829,0.3245,1.0963,0.8581,0.1776,0.0663,0.054,0.0435,0.2064,0.1004,0.3611,0.1544
9134,-118.615,34.405,0.0964,0.032,0.0826,0.0407,0.7092,0.3291,1.1267,0.869,0.1773,0.0658,0.0506,0.0402,0.1982,0.095,0.3624,0.1539
9135,-118.605,34.405,0.0965,0.0317,0.083,0.0407,0.7539,0.3508,1.1804,0.9023,0.1813,0.0677,0.0498,0.0393,0.1976,0.095,0.3696,0.1579
9136,-118.595,34.405,0.1006,0.0331,0.086,0.0424,0.8095,0.3854,1.2121,0.9337,0.1921,0.0734,0.0506,0.0398,0.2012,0.0979,0.3836,0.1672
9137,-118.585,34.405,0.1058,0.0351,0.0917,0.0459,0.8759,0.4329,1.2219,0.9632,0.2053,0.0804,0.0528,0.0416,0.2092,0.104,0.4039,0.1818
9138,-118.575,34.405,0.109,0.0362,0.0962,0.0486,0.9388,0.4799,1.2501,0.9694,0.2151,0.0857,0.0549,0.0428,0.2142,0.1081,0.4214,0.1949
9139,-118.565,34.405,0.1106,0.0365,0.1004,0.0511,1.001,0.5276,1.2819,0.9682,0.2221,0.0893,0.0572,0.044,0.2184,0.1117,0.4358,0.2056
9140,-118.555,34.405,0.1135,0.0374,0.1047,0.0538,1.0635,0.5801,1.313,0.9543,0.2302,0.0937,0.0605,0.0458,0.222,0.1149,0.4462,0.213
9141,-118.545,34.405,0.1159,0.0381,0.1056,0.0542,1.1282,0.6245,1.3484,0.9312,0.2354,0.0962,0.0624,0.0465,0.2212,0.1148,0.4512,0.2159
9142,-118.535,34.405,0.1128,0.0363,0.1031,0.0523,1.1949,0.6608,1.3881,0.8991,0.2286,0.0912,0.0628,0.0461,0.2161,0.1114,0.443,0.2062
9143,-118.525,34.405,0.1068,0.0332,0.0977,0.0488,1.2721,0.6948,1.4041,0.8581,0.2147,0.0822,0.0618,0.0459,0.209,0.1066,0.4316,0.1939
9144,-118.515,34.405,0.1043,0.0316,0.0929,0.0455,1.3534,0.733,1.4093,0.8192,0.2054,0.0763,0.0605,0.046,0.2023,0.1021,0.4209,0.1829
9145,-118.505,34.405,0.1074,0.0323,0.0934,0.0458,1.444,0.7942,1.3862,0.7994,0.2055,0.0758,0.0598,0.0478,0.1996,0.1006,0.4146,0.1761
9146,-118.495,34.405,0.1138,0.0342,0.0942,0.0462,1.5411,0.8672,1.3609,0.7853,0.212,0.0788,0.0608,0.0503,0.1986,0.1003,0.4207,0.1795
9147,-118.485,34.405,0.1196,0.0358,0.095,0.0467,1.6447,0.9519,1.3334,0.7767,0.2189,0.0823,0.0636,0.0534,0.1991,0.1012,0.4347,0.1898
9148,-118.475,34.405,0.1283,0.0385,0.0938,0.0459,1.7415,0.9382,1.2849,0.7013,0.2308,0.0888,0.0607,0.0499,0.1842,0.0913,0.4378,0.1907
9149,-118.465,34.405,0.119,0.0342,0.0918,0.0446,1.8227,0.9147,1.2349,0.6255,0.215,0.0798,0.0578,0.046,0.1693,0.0814,0.4305,0.1828
9150,-118.455,34.405,0.1207,0.0341,0.0886,0.0426,1.8351,0.9416,1.199,0.615,0.2165,0.0805,0.0601,0.0475,0.1695,0.0822,0.4305,0.1816
9151,-118.445,34.405,0.1186,0.0326,0.0846,0.04,1.8488,0.953,1.1632,0.5974,0.2126,0.0779,0.0617,0.0477,0.1677,0.0815,0.4351,0.1842
9152,-118.435,34.405,0.1147,0.0305,0.0796,0.037,1.8637,0.9488,1.1277,0.5726,0.2057,0.074,0.0624,0.0468,0.1639,0.0792,0.4425,0.1881
9153,-118.425,34.405,0.1225,0.0325,0.0825,0.0387,1.8817,0.9725,1.0999,0.5632,0.2173,0.0798,0.0652,0.0477,0.1648,0.08,0.4511,0.1925
9154,-118.415,34.405,0.126,0.0331,0.0855,0.0405,1.8891,0.9864,1.0661,0.5493,0.2217,0.0823,0.0677,0.0483,0.165,0.0804,0.4591,0.1964
9155,-118.405,34.405,0.1173,0.0295,0.0804,0.0374,1.8424,0.9244,0.9955,0.4979,0.207,0.0746,0.0666,0.0459,0.1572,0.0758,0.4428,0.1851
9156,-118.395,34.405,0.1068,0.0258,0.0702,0.0316,1.7101,0.8028,0.8819,0.4202,0.1883,0.0661,0.0613,0.0402,0.1407,0.0661,0.4044,0.1622
9157,-118.385,34.405,0.0881,0.0197,0.0549,0.0231,1.4921,0.6217,0.7255,0.3162,0.1559,0.0515,0.0518,0.0314,0.1154,0.0512,0.3647,0.1397
9158,-118.375,34.405,0.0865,0.0189,0.0516,0.0213,1.3919,0.5553,0.6559,0.2783,0.1523,0.05,0.0497,0.0287,0.1068,0.0464,0.3454,0.1297
9159,-118.365,34.405,0.0875,0.0189,0.051,0.021,1.3219,0.5158,0.6083,0.2561,0.1532,0.0506,0.0495,0.0275,0.1023,0.0441,0.3463,0.1301
9160,-118.355,34.405,0.0885,0.0188,0.0505,0.0207,1.2824,0.4928,0.5808,0.2449,0.1551,0.0514,0.0506,0.0272,0.1008,0.0435,0.35,0.1319
9161,-118.345,34.405,0.0895,0.0189,0.05,0.0205,1.243,0.47,0.5547,0.2343,0.1572,0.0523,0.0516,0.0269,0.0995,0.0429,0.3549,0.1343
9162,-118.335,34.405,0.0906,0.0189,0.0496,0.0203,1.2038,0.4474,0.5299,0.2242,0.1593,0.0533,0.0526,0.0266,0.0983,0.0424,0.36,0.1367
9163,-118.325,34.405,0.0917,0.019,0.0492,0.0201,1.165,0.4256,0.5067,0.2146,0.1614,0.0542,0.0534,0.0262,0.0972,0.042,0.3656,0.1394
9164,-118.315,34.405,0.0927,0.0192,0.0488,0.0199,1.1266,0.4044,0.4842,0.2053,0.1632,0.055,0.0541,0.0257,0.0961,0.0415,0.3713,0.142
9165,-118.305,34.405,0.0938,0.0193,0.0485,0.0198,1.09,0.3846,0.4637,0.1966,0.1649,0.0558,0.0546,0.0252,0.0951,0.0411,0.3771,0.1447
9166,-118.295,34.405,0.0948,0.0195,0.0482,0.0196,1.0546,0.3657,0.4442,0.1882,0.1662,0.0563,0.055,0.0246,0.0941,0.0407,0.3829,0.1474
9167,-118.285,34.405,0.0957,0.0197,0.0479,0.0195,1.0203,0.3478,0.4258,0.1801,0.1671,0.0567,0.0553,0.024,0.0931,0.0403,0.3884,0.1498
9168,-118.275,34.405,0.0966,0.02,0.0477,0.0194,0.9887,0.3318,0.409,0.1726,0.1675,0.0568,0.0554,0.0233,0.0922,0.04,0.3939,0.152
9169,-118.265,34.405,0.0974,0.0202,0.0474,0.0193,0.9587,0.3166,0.3928,0.1652,0.1674,0.0567,0.0554,0.0227,0.0912,0.0396,0.3993,0.1542
9170,-118.255,34.405,0.0981,0.0205,0.0472,0.0192,0.9338,0.3042,0.3781,0.1584,0.1671,0.0565,0.0553,0.022,0.0903,0.0392,0.4047,0.1563
9171,-118.245,34.405,0.0988,0.0207,0.0469,0.0191,0.9045,0.2913,0.3641,0.1519,0.1666,0.0562,0.0551,0.0214,0.0894,0.0389,0.4102,0.1585
9172,-118.235,34.405,0.0993,0.021,0.0467,0.019,0.8708,0.2779,0.3509,0.1457,0.1659,0.0558,0.0549,0.0208,0.0885,0.0385,0.4162,0.1609
9173,-118.225,34.405,0.0998,0.0212,0.0466,0.0189,0.8262,0.262,0.3386,0.14,0.1653,0.0555,0.0545,0.0202,0.0876,0.0382,0.4224,0.1633
9174,-118.215,34.405,0.1002,0.0215,0.0464,0.0188,0.7782,0.2455,0.3268,0.1345,0.1647,0.0552,0.0541,0.0197,0.0867,0.0378,0.4289,0.166
9175,-118.205,34.405,0.1004,0.0217,0.0462,0.0188,0.7247,0.2281,0.316,0.1294,0.1642,0.0549,0.0536,0.0193,0.0858,0.0375,0.4359,0.1689
9176,-118.195,34.405,0.1005,0.0218,0.0461,0.0187,0.6775,0.2133,0.3085,0.1262,0.1638,0.0547,0.0535,0.0192,0.0858,0.0376,0.4468,0.1736
9177,-118.185,34.405,0.1006,0.022,0.046,0.0186,0.6366,0.2013,0.3044,0.1248,0.1641,0.0548,0.0539,0.0194,0.0867,0.0382,0.4683,0.184
9178,-118.175,34.405,0.1006,0.0222,0.0459,0.0186,0.5825,0.1836,0.2919,0.119,0.1661,0.0553,0.0524,0.0188,0.0848,0.0373,0.4814,0.19
9179,-118.165,34.405,0.1004,0.0222,0.0459,0.0185,0.5297,0.1663,0.2792,0.113,0.1681,0.0559,0.0508,0.0183,0.0827,0.0363,0.4753,0.186
9180,-118.155,34.405,0.1001,0.0223,0.0458,0.0185,0.4962,0.1562,0.2738,0.111,0.1703,0.0566,0.0504,0.0183,0.0827,0.0365,0.4821,0.1888
9181,-118.145,34.405,0.0997,0.0224,0.0458,0.0185,0.4625,0.1455,0.2661,0.1078,0.1727,0.0574,0.0494,0.0182,0.0818,0.0361,0.4887,0.1915
9182,-118.135,34.405,0.0992,0.0224,0.0457,0.0184,0.4287,0.1344,0.2562,0.1035,0.1752,0.0582,0.0478,0.0178,0.0801,0.0353,0.4978,0.1954
9183,-118.125,34.405,0.0987,0.0224,0.0457,0.0184,0.4077,0.1278,0.2511,0.1018,0.1778,0.0591,0.047,0.0178,0.0799,0.0353,0.5105,0.201
9184,-118.115,34.405,0.0981,0.0224,0.0457,0.0184,0.3892,0.122,0.2468,0.1005,0.1803,0.06,0.0464,0.0179,0.0798,0.0354,0.5266,0.2083
9185,-118.105,34.405,0.0974,0.0223,0.0457,0.0184,0.3705,0.1159,0.241,0.0984,0.1827,0.0608,0.0453,0.0179,0.079,0.0351,0.5409,0.2147
9186,-118.095,34.405,0.0969,0.0224,0.0478,0.0195,0.352,0.1098,0.2347,0.0962,0.1857,0.062,0.0441,0.0178,0.078,0.0347,0.5599,0.2234
9187,-118.085,34.405,0.1047,0.0249,0.052,0.0216,0.3336,0.1036,0.228,0.0937,0.2048,0.07,0.0428,0.0176,0.0768,0.0342,0.5765,0.2308
9188,-118.075,34.405,0.097,0.0228,0.0492,0.0202,0.3178,0.0984,0.2223,0.0917,0.1941,0.0652,0.0416,0.0175,0.0758,0.0337,0.5704,0.2265
9189,-118.065,34.405,0.0938,0.022,0.0457,0.0184,0.3031,0.0936,0.2169,0.09,0.1914,0.064,0.0406,0.0175,0.0749,0.0334,0.5727,0.2265
9190,-118.055,34.405,0.0928,0.0219,0.0457,0.0184,0.2907,0.0896,0.2125,0.0887,0.1929,0.0646,0.0397,0.0175,0.0743,0.0332,0.5807,0.2293
9191,-118.045,34.405,0.0917,0.0218,0.0457,0.0185,0.279,0.0858,0.2082,0.0875,0.1941,0.065,0.0389,0.0175,0.0737,0.0329,0.5918,0.2335
9192,-118.035,34.405,0.0907,0.0217,0.0458,0.0185,0.268,0.0823,0.2041,0.0863,0.1949,0.0652,0.0382,0.0175,0.0731,0.0327,0.6029,0.2376
9193,-118.025,34.405,0.0898,0.0216,0.0458,0.0185,0.2581,0.0791,0.2001,0.0852,0.1952,0.0652,0.0376,0.0175,0.0725,0.0325,0.6139,0.2414
9194,-118.015,34.405,0.0888,0.0214,0.0458,0.0186,0.2485,0.0761,0.1962,0.084,0.1951,0.0651,0.037,0.0174,0.0719,0.0324,0.6249,0.2451
9195,-118.005,34.405,0.0879,0.0213,0.0459,0.0186,0.2399,0.0733,0.1925,0.0828,0.1945,0.0647,0.0366,0.0174,0.0714,0.0322,0.6358,0.2486
9196,-117.995,34.405,0.087,0.0212,0.0459,0.0187,0.2317,0.0707,0.1889,0.0816,0.1937,0.0643,0.0362,0.0174,0.0709,0.032,0.6469,0.2522
9197,-117.985,34.405,0.0861,0.0211,0.046,0.0188,0.2239,0.0683,0.1853,0.0803,0.1926,0.0638,0.0359,0.0173,0.0705,0.0319,0.6583,0.2558
9198,-117.975,34.405,0.0852,0.021,0.046,0.0189,0.2168,0.0661,0.1818,0.0788,0.1915,0.0632,0.0358,0.0172,0.07,0.0318,0.6703,0.2597
9199,-117.965,34.405,0.0844,0.0209,0.0461,0.019,0.21,0.064,0.1783,0.0773,0.1903,0.0628,0.0357,0.0172,0.0696,0.0316,0.6829,0.264
9200,-117.955,34.405,0.0836,0.0208,0.0462,0.0191,0.2037,0.0621,0.175,0.0757,0.1893,0.0624,0.0357,0.0171,0.0692,0.0315,0.6963,0.2687
9201,-117.945,34.405,0.0828,0.0207,0.0463,0.0192,0.1978,0.0603,0.1716,0.0741,0.1886,0.0622,0.0358,0.0171,0.0688,0.0314,0.7113,0.2744
9202,-117.935,34.405,0.082,0.0206,0.0463,0.0193,0.1923,0.0587,0.1684,0.0724,0.188,0.0622,0.0359,0.017,0.0684,0.0313,0.7276,0.2809
9203,-117.925,34.405,0.0811,0.0205,0.0464,0.0194,0.1876,0.0573,0.1655,0.071,0.1876,0.0622,0.0363,0.017,0.0682,0.0313,0.7471,0.2891
9204,-117.915,34.405,0.0803,0.0204,0.0465,0.0195,0.1833,0.0562,0.1629,0.0696,0.1873,0.0624,0.0367,0.0171,0.068,0.0314,0.7697,0.2988
9205,-117.905,34.405,0.0795,0.0203,0.0467,0.0197,0.18,0.0554,0.1607,0.0685,0.187,0.0626,0.0373,0.0172,0.0681,0.0315,0.7929,0.309
9206,-117.895,34.405,0.0786,0.0202,0.048,0.0205,0.1813,0.0565,0.1624,0.0696,0.1867,0.0627,0.0389,0.0179,0.0698,0.0327,0.8282,0.3253
9207,-117.885,34.405,0.0819,0.0215,0.0506,0.022,0.1872,0.0594,0.1679,0.0728,0.1959,0.067,0.0415,0.0192,0.0732,0.0349,0.8919,0.358
9208,-117.875,34.405,0.085,0.0226,0.0541,0.024,0.1897,0.0612,0.1702,0.0745,0.2043,0.0711,0.0434,0.0201,0.0752,0.0363,0.9642,0.3962
9209,-117.865,34.405,0.0897,0.0245,0.0575,0.0261,0.1919,0.0628,0.1721,0.0759,0.2164,0.0771,0.0453,0.0209,0.077,0.0376,1.0097,0.4209
9210,-117.855,34.405,0.0946,0.0264,0.0597,0.0275,0.196,0.0648,0.1756,0.0777,0.2282,0.0831,0.0477,0.022,0.0794,0.0391,1.0707,0.4522
9211,-117.845,34.405,0.1003,0.0286,0.0612,0.0285,0.2041,0.0687,0.1829,0.0821,0.2413,0.0897,0.0513,0.0238,0.0835,0.0417,1.1446,0.4924
9212,-117.835,34.405,0.1026,0.0296,0.062,0.029,0.2162,0.0746,0.1939,0.089,0.2459,0.0925,0.0562,0.0264,0.0894,0.0456,1.2029,0.524
9213,-117.825,34.405,0.1024,0.0298,0.0571,0.0263,0.2069,0.0711,0.1858,0.085,0.2441,0.0922,0.0555,0.0259,0.0862,0.0438,1.217,0.5293
9214,-117.815,34.405,0.0855,0.0239,0.052,0.0234,0.192,0.0651,0.1725,0.0781,0.2035,0.0734,0.0532,0.0244,0.0806,0.0405,1.1484,0.4841
9215,-117.805,34.405,0.0761,0.0208,0.0507,0.0227,0.1711,0.0567,0.1533,0.0679,0.1805,0.0632,0.0488,0.0218,0.0721,0.0353,1.1218,0.4658
9216,-117.795,34.405,0.0755,0.0207,0.0496,0.0222,0.1637,0.0538,0.1471,0.0652,0.1778,0.0623,0.0488,0.0216,0.0698,0.034,1.1359,0.4715
9217,-117.785,34.405,0.0757,0.021,0.0489,0.0218,0.1697,0.0562,0.1539,0.0699,0.1768,0.0622,0.0531,0.0238,0.0737,0.0365,1.1869,0.4986
9218,-117.775,34.405,0.0779,0.0219,0.0552,0.0256,0.168,0.0553,0.1531,0.0701,0.1803,0.0641,0.0549,0.0247,0.0737,0.0366,1.2571,0.5398
9219,-117.765,34.405,0.0945,0.0284,0.0603,0.0287,0.1641,0.0536,0.1504,0.069,0.2152,0.082,0.056,0.0252,0.0727,0.0361,1.2955,0.5617
9220,-117.755,34.405,0.0942,0.0286,0.0531,0.0245,0.1582,0.0511,0.1459,0.0667,0.2122,0.0816,0.0566,0.0254,0.0707,0.035,1.2851,0.5538
9221,-117.745,34.405,0.0774,0.0223,0.049,0.0222,0.1544,0.0495,0.1434,0.065,0.1751,0.0628,0.058,0.026,0.0696,0.0344,1.2357,0.5236
9222,-117.735,34.405,0.0762,0.022,0.048,0.0217,0.1525,0.0487,0.143,0.0638,0.1712,0.0614,0.0603,0.0272,0.0695,0.0345,1.2029,0.5102
9223,-117.725,34.405,0.0754,0.0219,0.0473,0.0214,0.15,0.0476,0.1423,0.0615,0.1682,0.0604,0.0625,0.0283,0.069,0.0343,1.1794,0.5007
9224,-117.715,34.405,0.0741,0.0216,0.0467,0.0212,0.1477,0.0466,0.1417,0.0591,0.1644,0.059,0.0649,0.0296,0.0686,0.0342,1.1574,0.4916
9225,-117.705,34.405,0.0729,0.0214,0.046,0.0209,0.1464,0.0461,0.1424,0.0572,0.1607,0.0577,0.0678,0.0312,0.0686,0.0343,1.1385,0.4841
9226,-117.695,34.405,0.0716,0.0211,0.0457,0.0209,0.1477,0.0467,0.1455,0.0566,0.1571,0.0564,0.0718,0.0335,0.07,0.0353,1.1287,0.4817
9227,-117.685,34.405,0.0717,0.0214,0.046,0.0211,0.1514,0.0483,0.151,0.0576,0.1567,0.0565,0.0767,0.0366,0.0725,0.0372,1.1415,0.4961
9228,-117.675,34.405,0.0814,0.0254,0.0518,0.0248,0.1559,0.0505,0.1571,0.0596,0.1763,0.0666,0.0806,0.0396,0.0756,0.0395,1.1677,0.526
9229,-117.665,34.405,0.087,0.028,0.0581,0.0289,0.1643,0.0544,0.1675,0.0639,0.1868,0.0727,0.0862,0.044,0.0808,0.0433,1.2036,0.5678
9230,-117.655,34.405,0.0995,0.0336,0.0617,0.0314,0.1919,0.0665,0.1978,0.0784,0.2107,0.0861,0.101,0.0548,0.0955,0.0537,1.2447,0.6165
9231,-118.945,34.415,0.09,0.0397,0.0811,0.046,0.2845,0.1409,0.5274,0.2985,0.1465,0.0635,0.0288,0.0403,0.2819,0.1451,0.3039,0.1493
9232,-118.935,34.415,0.0947,0.0421,0.0846,0.0483,0.2954,0.1483,0.5508,0.3179,0.1538,0.0677,0.0288,0.0411,0.2854,0.1482,0.3167,0.1587
9233,-118.925,34.415,0.0968,0.0429,0.0832,0.047,0.2855,0.1404,0.5448,0.3058,0.1574,0.0696,0.0263,0.0369,0.2702,0.1365,0.3251,0.1643
9234,-118.915,34.415,0.0861,0.0366,0.0805,0.0448,0.2742,0.1313,0.5361,0.2907,0.1409,0.0593,0.0238,0.0321,0.2538,0.1239,0.3098,0.1501
9235,-118.905,34.415,0.0846,0.0354,0.076,0.0415,0.2759,0.1317,0.5437,0.2923,0.1372,0.0567,0.0234,0.0302,0.2501,0.1214,0.3009,0.1416
9236,-118.895,34.415,0.0848,0.0351,0.0735,0.0396,0.2781,0.1324,0.5514,0.294,0.1362,0.0556,0.0235,0.029,0.2471,0.1194,0.2967,0.137
9237,-118.885,34.415,0.0855,0.0351,0.0729,0.0391,0.2807,0.1334,0.5592,0.2959,0.1362,0.0551,0.024,0.0286,0.2448,0.118,0.2958,0.135
9238,-118.875,34.415,0.0862,0.0351,0.0724,0.0387,0.2845,0.1353,0.5684,0.2992,0.1363,0.0547,0.0249,0.0288,0.2435,0.1172,0.2959,0.1338
9239,-118.865,34.415,0.0869,0.0352,0.0719,0.0383,0.2886,0.1374,0.578,0.3029,0.1364,0.0543,0.0258,0.0291,0.2423,0.1166,0.2962,0.1328
9240,-118.855,34.415,0.0877,0.0353,0.0714,0.0379,0.2928,0.1397,0.5878,0.3069,0.1367,0.054,0.0268,0.0295,0.241,0.116,0.2966,0.1319
9241,-118.845,34.415,0.0885,0.0354,0.0719,0.0382,0.2984,0.1432,0.5996,0.3133,0.137,0.0537,0.0279,0.0302,0.2408,0.1162,0.2976,0.1314
9242,-118.835,34.415,0.0907,0.0362,0.0735,0.0393,0.3055,0.1478,0.6133,0.322,0.1389,0.0543,0.0293,0.0312,0.2416,0.1171,0.3012,0.1329
9243,-118.825,34.415,0.091,0.036,0.0724,0.0385,0.3093,0.1499,0.6234,0.3259,0.1383,0.0536,0.0302,0.0315,0.2395,0.1159,0.3015,0.132
9244,-118.815,34.415,0.0923,0.0364,0.071,0.0375,0.3138,0.1524,0.6345,0.3309,0.1389,0.0535,0.0312,0.0319,0.2378,0.1149,0.3033,0.1321
9245,-118.805,34.415,0.0952,0.0375,0.0715,0.0378,0.3245,0.1598,0.654,0.3457,0.1417,0.0546,0.0331,0.0334,0.2405,0.1172,0.3069,0.1336
9246,-118.795,34.415,0.0992,0.0392,0.0718,0.0379,0.331,0.1638,0.6683,0.3545,0.146,0.0565,0.0344,0.0341,0.2395,0.1168,0.3111,0.1356
9247,-118.785,34.415,0.0968,0.0377,0.0717,0.0378,0.3331,0.1646,0.6775,0.3575,0.1427,0.0543,0.035,0.0339,0.2347,0.1137,0.3093,0.1332
9248,-118.775,34.415,0.0954,0.0366,0.0717,0.0375,0.3399,0.1685,0.6932,0.3679,0.1413,0.0532,0.0361,0.0344,0.2323,0.1123,0.3084,0.1313
9249,-118.765,34.415,0.0953,0.0362,0.0718,0.0373,0.3482,0.1734,0.7108,0.3805,0.1418,0.0531,0.0374,0.0351,0.2305,0.1114,0.3089,0.1306
9250,-118.755,34.415,0.0956,0.0361,0.0725,0.0375,0.3594,0.1796,0.7314,0.3965,0.1432,0.0534,0.039,0.036,0.2293,0.1108,0.3113,0.1312
9251,-118.745,34.415,0.0962,0.036,0.0737,0.0381,0.3728,0.1866,0.7538,0.4154,0.1452,0.0541,0.0408,0.0371,0.2283,0.1105,0.3152,0.1329
9252,-118.735,34.415,0.0971,0.0361,0.0752,0.0388,0.3884,0.1946,0.7783,0.437,0.1479,0.0552,0.0428,0.0384,0.2277,0.1105,0.3205,0.1356
9253,-118.725,34.415,0.0982,0.0364,0.0761,0.0391,0.4074,0.2038,0.8051,0.463,0.1513,0.0566,0.0451,0.04,0.2273,0.1106,0.326,0.1384
9254,-118.715,34.415,0.0984,0.0361,0.077,0.0395,0.4277,0.2136,0.8327,0.491,0.1536,0.0574,0.0476,0.0417,0.2269,0.1107,0.3308,0.1406
9255,-118.705,34.415,0.0993,0.0362,0.0782,0.0401,0.4512,0.2248,0.8619,0.5238,0.157,0.0589,0.0505,0.0438,0.2268,0.111,0.3368,0.1438
9256,-118.695,34.415,0.1005,0.0365,0.08,0.041,0.4761,0.2366,0.8912,0.5592,0.161,0.0607,0.0537,0.046,0.2265,0.1112,0.3439,0.1479
9257,-118.685,34.415,0.1019,0.0368,0.0822,0.0422,0.5024,0.249,0.9204,0.5969,0.1655,0.0628,0.0571,0.0483,0.2261,0.1113,0.3517,0.1525
9258,-118.675,34.415,0.1031,0.0371,0.0846,0.0435,0.5337,0.2651,0.9498,0.6445,0.1698,0.0647,0.0611,0.0512,0.227,0.1124,0.3601,0.1577
9259,-118.665,34.415,0.1063,0.0382,0.0861,0.0443,0.5671,0.2831,0.9787,0.6965,0.1772,0.0685,0.0648,0.054,0.2286,0.114,0.3704,0.1647
9260,-118.655,34.415,0.1095,0.0394,0.0835,0.0424,0.6058,0.3064,1.005,0.76,0.1849,0.0725,0.0664,0.0556,0.2319,0.117,0.3729,0.1651
9261,-118.645,34.415,0.1032,0.0361,0.082,0.0412,0.6307,0.3137,1.0298,0.7918,0.1787,0.0686,0.0639,0.0532,0.2261,0.1132,0.3699,0.1611
9262,-118.635,34.415,0.0966,0.0328,0.0817,0.0407,0.6418,0.3051,1.0531,0.792,0.1719,0.0645,0.0573,0.0468,0.2112,0.1027,0.3658,0.1563
9263,-118.625,34.415,0.0945,0.0315,0.0816,0.0405,0.6683,0.3108,1.0708,0.8092,0.172,0.0643,0.0538,0.0435,0.2039,0.0979,0.3709,0.1588
9264,-118.615,34.415,0.0937,0.0309,0.0819,0.0405,0.7013,0.3226,1.0912,0.8354,0.1744,0.0653,0.0514,0.0414,0.1995,0.0952,0.3757,0.1609
9265,-118.605,34.415,0.0952,0.0312,0.0842,0.0417,0.7508,0.3496,1.1303,0.8893,0.1808,0.0685,0.0514,0.0414,0.2015,0.097,0.3889,0.1694
9266,-118.595,34.415,0.1025,0.0341,0.0882,0.0441,0.8081,0.3874,1.1602,0.9435,0.1969,0.0772,0.0528,0.0428,0.207,0.1014,0.4086,0.1836
9267,-118.585,34.415,0.1069,0.0356,0.0941,0.0477,0.8732,0.436,1.1811,0.9981,0.2082,0.0834,0.0557,0.0454,0.2161,0.1083,0.4306,0.2004
9268,-118.575,34.415,0.1091,0.0363,0.0972,0.0496,0.9317,0.4792,1.1983,0.9924,0.2155,0.0873,0.058,0.047,0.2206,0.1121,0.4419,0.2086
9269,-118.565,34.415,0.1118,0.0371,0.1,0.0512,0.9887,0.5214,1.2156,0.9705,0.2227,0.0912,0.0604,0.0485,0.2237,0.1149,0.4519,0.2157
9270,-118.555,34.415,0.1138,0.0376,0.1031,0.0531,1.0459,0.5639,1.237,0.9302,0.228,0.0938,0.0636,0.0498,0.2249,0.1164,0.4586,0.2198
9271,-118.545,34.415,0.1134,0.037,0.1033,0.053,1.1057,0.5948,1.2624,0.8804,0.228,0.093,0.0651,0.0492,0.2209,0.1138,0.46,0.219
9272,-118.535,34.415,0.1088,0.0346,0.1005,0.0509,1.1681,0.6141,1.2917,0.8212,0.2183,0.0864,0.0646,0.0468,0.2116,0.1073,0.4519,0.2092
9273,-118.525,34.415,0.114,0.0362,0.0947,0.0471,1.2383,0.6714,1.2972,0.8072,0.2223,0.0881,0.0668,0.0493,0.2128,0.1087,0.4447,0.2007
9274,-118.515,34.415,0.1136,0.0355,0.0899,0.0439,1.3137,0.73,1.296,0.7948,0.2163,0.084,0.0685,0.052,0.2137,0.1098,0.4379,0.1928
9275,-118.505,34.415,0.1087,0.0328,0.0927,0.0457,1.4072,0.7564,1.2865,0.7446,0.2038,0.0761,0.0646,0.0508,0.2028,0.1023,0.4324,0.1864
9276,-118.495,34.415,0.1103,0.0328,0.0948,0.0469,1.5004,0.8175,1.2724,0.7244,0.2025,0.0749,0.0644,0.0525,0.1996,0.1004,0.4353,0.1871
9277,-118.485,34.415,0.1213,0.0365,0.096,0.0477,1.5933,0.9133,1.2535,0.7341,0.2165,0.0824,0.0679,0.0572,0.2042,0.1043,0.4514,0.1996
9278,-118.475,34.415,0.131,0.0396,0.0937,0.0461,1.7005,0.9295,1.2217,0.6843,0.2289,0.0892,0.0658,0.0547,0.1935,0.0971,0.4591,0.2042
9279,-118.465,34.415,0.1184,0.0338,0.0905,0.0441,1.7921,0.9418,1.1901,0.637,0.2086,0.0773,0.0642,0.0523,0.1836,0.0905,0.4575,0.2003
9280,-118.455,34.415,0.1232,0.0348,0.0869,0.0418,1.7934,1.015,1.1721,0.6614,0.214,0.0802,0.0701,0.0574,0.1923,0.0973,0.4621,0.2022
9281,-118.445,34.415,0.1342,0.0382,0.083,0.0393,1.8038,1.0354,1.1474,0.6547,0.2292,0.0884,0.0725,0.0584,0.1925,0.0979,0.4723,0.2087
9282,-118.435,34.415,0.1291,0.0354,0.0789,0.0368,1.8234,1.0031,1.1161,0.6167,0.2208,0.0833,0.0714,0.0552,0.1843,0.0923,0.4775,0.211
9283,-118.425,34.415,0.1335,0.0362,0.0815,0.0384,1.82,0.9372,1.0546,0.5545,0.2263,0.0862,0.0683,0.0505,0.1723,0.0844,0.4785,0.2094
9284,-118.415,34.415,0.1205,0.0308,0.0846,0.0402,1.8102,0.8827,0.9946,0.4998,0.2063,0.0751,0.0662,0.0468,0.1628,0.0784,0.4787,0.2071
9285,-118.405,34.415,0.1271,0.0324,0.0831,0.0393,1.7921,0.9171,0.9726,0.5055,0.2157,0.0802,0.0715,0.0499,0.1694,0.0832,0.485,0.2101
9286,-118.395,34.415,0.121,0.0298,0.0755,0.0349,1.7041,0.8393,0.8911,0.4521,0.2055,0.0751,0.0686,0.0461,0.1584,0.0768,0.4596,0.1926
9287,-118.385,34.415,0.1008,0.023,0.0617,0.027,1.546,0.6494,0.7499,0.3393,0.1727,0.0593,0.0573,0.0354,0.1297,0.059,0.4172,0.166
9288,-118.375,34.415,0.0866,0.0186,0.055,0.0233,1.3916,0.5482,0.653,0.2824,0.1486,0.0489,0.0522,0.0303,0.1146,0.0505,0.3769,0.1442
9289,-118.365,34.415,0.0867,0.0183,0.0506,0.0209,1.2574,0.4758,0.5758,0.2429,0.1484,0.049,0.0492,0.027,0.104,0.0448,0.3683,0.1396
9290,-118.355,34.415,0.0876,0.0182,0.0502,0.0207,1.2189,0.455,0.5503,0.2326,0.1504,0.0499,0.0503,0.0267,0.1026,0.0442,0.3687,0.1397
9291,-118.345,34.415,0.0885,0.0182,0.0497,0.0205,1.1805,0.4344,0.5265,0.223,0.1525,0.0509,0.0513,0.0263,0.1012,0.0436,0.3721,0.1413
9292,-118.335,34.415,0.0895,0.0182,0.0492,0.0202,1.142,0.414,0.5044,0.2141,0.1546,0.0519,0.0522,0.0259,0.0999,0.043,0.3753,0.1428
9293,-118.325,34.415,0.0904,0.0183,0.0488,0.02,1.1039,0.3942,0.4836,0.2055,0.1568,0.0529,0.053,0.0255,0.0987,0.0425,0.3811,0.1456
9294,-118.315,34.415,0.0914,0.0184,0.0484,0.0198,1.0661,0.3747,0.4633,0.1972,0.1588,0.0538,0.0538,0.025,0.0976,0.0421,0.3872,0.1485
9295,-118.305,34.415,0.0923,0.0185,0.0481,0.0197,1.0295,0.3563,0.4446,0.1892,0.1606,0.0546,0.0544,0.0245,0.0965,0.0416,0.3935,0.1515
9296,-118.295,34.415,0.0932,0.0187,0.0477,0.0195,0.994,0.3385,0.4267,0.1816,0.162,0.0553,0.0549,0.0239,0.0955,0.0412,0.4,0.1545
9297,-118.285,34.415,0.094,0.0189,0.0474,0.0194,0.9594,0.3214,0.4096,0.1742,0.1629,0.0557,0.0553,0.0234,0.0944,0.0408,0.406,0.1572
9298,-118.275,34.415,0.0948,0.0191,0.0472,0.0193,0.9269,0.3058,0.3939,0.1671,0.163,0.0557,0.0556,0.0227,0.0934,0.0404,0.4117,0.1595
9299,-118.265,34.415,0.0955,0.0194,0.0469,0.0192,0.8962,0.2911,0.3786,0.1603,0.1627,0.0554,0.0558,0.0221,0.0924,0.04,0.4173,0.1617
9300,-118.255,34.415,0.0962,0.0196,0.0466,0.0191,0.8717,0.2795,0.3647,0.1539,0.1621,0.0551,0.0559,0.0215,0.0915,0.0396,0.4234,0.164
9301,-118.245,34.415,0.0967,0.0199,0.0464,0.019,0.8464,0.2684,0.3514,0.1477,0.1614,0.0546,0.056,0.0209,0.0905,0.0392,0.4307,0.1671
9302,-118.235,34.415,0.0972,0.0201,0.0462,0.0189,0.8202,0.2578,0.3388,0.1418,0.1605,0.0542,0.056,0.0203,0.0895,0.0389,0.4362,0.1691
9303,-118.225,34.415,0.0976,0.0204,0.046,0.0188,0.7814,0.2442,0.3271,0.1364,0.1597,0.0538,0.0558,0.0198,0.0886,0.0385,0.4432,0.172
9304,-118.215,34.415,0.0979,0.0206,0.0458,0.0187,0.7393,0.23,0.3157,0.1312,0.159,0.0534,0.0556,0.0193,0.0877,0.0381,0.4518,0.1757
9305,-118.205,34.415,0.0981,0.0208,0.0459,0.0188,0.6942,0.2155,0.3054,0.1264,0.1584,0.0531,0.0552,0.019,0.0867,0.0378,0.4617,0.18
9306,-118.195,34.415,0.0982,0.021,0.0489,0.0204,0.6656,0.2079,0.3041,0.1264,0.1579,0.0529,0.0563,0.0193,0.0884,0.0388,0.4841,0.1907
9307,-118.185,34.415,0.1053,0.0231,0.0546,0.0236,0.6534,0.2073,0.3119,0.1312,0.1699,0.0578,0.059,0.0205,0.0927,0.0413,0.5275,0.2124
9308,-118.175,34.415,0.1573,0.0395,0.0505,0.0213,0.5886,0.1854,0.293,0.122,0.2512,0.0983,0.0562,0.0194,0.0887,0.0393,0.5446,0.2203
9309,-118.165,34.415,0.0984,0.0216,0.0462,0.0189,0.5221,0.1627,0.2728,0.1121,0.1629,0.0543,0.0531,0.0183,0.0842,0.0369,0.5109,0.2019
9310,-118.155,34.415,0.0995,0.022,0.0518,0.022,0.4998,0.1571,0.2729,0.1129,0.1673,0.0559,0.0536,0.0188,0.0858,0.0379,0.5221,0.207
9311,-118.145,34.415,0.0991,0.0221,0.0518,0.0219,0.4663,0.1467,0.2653,0.1097,0.1694,0.0565,0.0525,0.0186,0.0848,0.0375,0.5259,0.2083
9312,-118.135,34.415,0.0967,0.0216,0.0461,0.0188,0.4215,0.1317,0.2501,0.1027,0.1683,0.0559,0.0498,0.0177,0.0812,0.0357,0.5374,0.2135
9313,-118.125,34.415,0.0966,0.0217,0.0526,0.0225,0.405,0.1271,0.2485,0.1028,0.1714,0.0569,0.0496,0.0181,0.0819,0.0363,0.5615,0.2253
9314,-118.115,34.415,0.0997,0.0228,0.0592,0.0262,0.393,0.1241,0.2486,0.1037,0.1803,0.0605,0.0497,0.0186,0.0832,0.0371,0.5932,0.2414
9315,-118.105,34.415,0.099,0.0227,0.0545,0.0234,0.3747,0.1181,0.2431,0.1018,0.1827,0.0613,0.0486,0.0185,0.0824,0.0368,0.606,0.2461
9316,-118.095,34.415,0.1199,0.0295,0.0516,0.0216,0.3529,0.1107,0.2346,0.0984,0.2243,0.0806,0.0468,0.0181,0.0805,0.0359,0.6212,0.2522
9317,-118.085,34.415,0.1042,0.0248,0.0504,0.021,0.3275,0.1019,0.2231,0.0935,0.1995,0.0689,0.0444,0.0175,0.0775,0.0343,0.6296,0.2554
9318,-118.075,34.415,0.0925,0.0214,0.0477,0.0196,0.3119,0.0967,0.2175,0.0916,0.1815,0.0605,0.0431,0.0174,0.0764,0.0339,0.5984,0.2381
9319,-118.065,34.415,0.0913,0.0213,0.0451,0.0182,0.2986,0.0924,0.2131,0.0904,0.1826,0.0609,0.0421,0.0174,0.0757,0.0336,0.6009,0.238
9320,-118.055,34.415,0.0903,0.0212,0.0451,0.0183,0.2866,0.0886,0.209,0.0894,0.1839,0.0613,0.0412,0.0174,0.075,0.0334,0.6096,0.2409
9321,-118.045,34.415,0.0893,0.0211,0.0451,0.0183,0.2754,0.0849,0.2051,0.0884,0.1848,0.0616,0.0404,0.0174,0.0744,0.0332,0.6205,0.2449
9322,-118.035,34.415,0.0883,0.0209,0.0451,0.0183,0.2648,0.0815,0.2013,0.0874,0.1854,0.0618,0.0396,0.0174,0.0738,0.0329,0.6321,0.249
9323,-118.025,34.415,0.0873,0.0208,0.0451,0.0183,0.255,0.0784,0.1976,0.0864,0.1856,0.0617,0.0389,0.0174,0.0732,0.0327,0.6438,0.253
9324,-118.015,34.415,0.0863,0.0207,0.0452,0.0184,0.2456,0.0754,0.194,0.0855,0.1852,0.0615,0.0382,0.0174,0.0726,0.0325,0.6554,0.2568
9325,-118.005,34.415,0.0854,0.0206,0.0452,0.0184,0.2371,0.0727,0.1904,0.0844,0.1845,0.0611,0.0377,0.0174,0.0721,0.0324,0.667,0.2605
9326,-117.995,34.415,0.0844,0.0205,0.0452,0.0185,0.229,0.0701,0.1869,0.0832,0.1835,0.0605,0.0372,0.0173,0.0715,0.0322,0.6789,0.2642
9327,-117.985,34.415,0.0835,0.0204,0.0453,0.0186,0.2213,0.0677,0.1834,0.0818,0.1822,0.0599,0.0368,0.0173,0.071,0.032,0.691,0.2678
9328,-117.975,34.415,0.0826,0.0203,0.0453,0.0187,0.2143,0.0655,0.18,0.0803,0.1809,0.0593,0.0365,0.0172,0.0706,0.0319,0.7039,0.2719
9329,-117.965,34.415,0.0817,0.0202,0.0454,0.0187,0.2075,0.0633,0.1765,0.0787,0.1798,0.0588,0.0363,0.0171,0.0701,0.0318,0.7175,0.2764
9330,-117.955,34.415,0.0808,0.0201,0.0454,0.0188,0.2012,0.0614,0.1731,0.0769,0.1789,0.0585,0.0362,0.0171,0.0696,0.0316,0.7324,0.2817
9331,-117.945,34.415,0.0799,0.02,0.0456,0.019,0.1952,0.0596,0.1697,0.0751,0.1784,0.0584,0.0363,0.017,0.0692,0.0315,0.7508,0.289
9332,-117.935,34.415,0.0791,0.0199,0.0458,0.0192,0.1896,0.0579,0.1664,0.0733,0.1783,0.0586,0.0364,0.017,0.0688,0.0314,0.7752,0.2996
9333,-117.925,34.415,0.0782,0.0197,0.0493,0.0212,0.1855,0.0568,0.1641,0.0719,0.1784,0.0589,0.0368,0.017,0.0688,0.0315,0.81,0.3158
9334,-117.915,34.415,0.078,0.0198,0.053,0.0233,0.182,0.0559,0.1622,0.0708,0.1802,0.0599,0.0374,0.0172,0.069,0.0318,0.8522,0.3364
9335,-117.905,34.415,0.0776,0.0199,0.0552,0.0248,0.1802,0.0556,0.1614,0.0702,0.1815,0.0608,0.0383,0.0175,0.0696,0.0322,0.8897,0.3552
9336,-117.895,34.415,0.0782,0.0202,0.0568,0.0257,0.1912,0.0607,0.1718,0.076,0.185,0.0626,0.0421,0.0194,0.0753,0.0358,0.9469,0.3844
9337,-117.885,34.415,0.0928,0.0253,0.0577,0.0263,0.2151,0.0711,0.1933,0.0882,0.2212,0.0792,0.0489,0.0231,0.086,0.0424,1.0565,0.4439
9338,-117.875,34.415,0.1115,0.0324,0.0597,0.0275,0.2272,0.0774,0.2041,0.0949,0.2651,0.1018,0.0534,0.0255,0.0922,0.0465,1.1735,0.5093
9339,-117.865,34.415,0.1047,0.03,0.0617,0.0288,0.2333,0.0811,0.2093,0.0983,0.2521,0.0952,0.0566,0.027,0.0958,0.0491,1.2197,0.5379
9340,-117.855,34.415,0.0992,0.0282,0.0629,0.0296,0.2217,0.0763,0.1982,0.0917,0.2406,0.0897,0.055,0.0258,0.0916,0.0464,1.2452,0.5501
9341,-117.845,34.415,0.0988,0.0283,0.0627,0.0295,0.2158,0.0743,0.1926,0.0885,0.2398,0.0899,0.0552,0.0256,0.0898,0.0454,1.2744,0.5655
9342,-117.835,34.415,0.0985,0.0284,0.0611,0.0287,0.2157,0.0749,0.1924,0.0889,0.2384,0.0898,0.0569,0.0264,0.0906,0.0461,1.2798,0.5639
9343,-117.825,34.415,0.0897,0.0254,0.055,0.0253,0.1897,0.0642,0.1693,0.0763,0.2168,0.0797,0.0514,0.0231,0.0802,0.0398,1.2354,0.527
9344,-117.815,34.415,0.0737,0.02,0.0496,0.0222,0.1635,0.0534,0.146,0.0636,0.1777,0.0622,0.0458,0.0199,0.0696,0.0334,1.1588,0.4819
9345,-117.805,34.415,0.0742,0.0203,0.0522,0.0238,0.1626,0.0531,0.1456,0.0638,0.1774,0.0624,0.0473,0.0206,0.0699,0.0337,1.1636,0.4831
9346,-117.795,34.415,0.0769,0.0214,0.0518,0.0237,0.1731,0.0579,0.1558,0.0704,0.1822,0.0649,0.0528,0.0235,0.0755,0.0373,1.2151,0.5106
9347,-117.785,34.415,0.0897,0.0262,0.0485,0.0218,0.1952,0.0675,0.1767,0.0832,0.2096,0.0785,0.0622,0.0287,0.0863,0.0443,1.2892,0.5519
9348,-117.775,34.415,0.1038,0.0319,0.0523,0.0241,0.1899,0.0651,0.1727,0.0812,0.2383,0.0942,0.0629,0.0289,0.0848,0.0434,1.3592,0.5985
9349,-117.765,34.415,0.0893,0.0265,0.0557,0.0261,0.1778,0.0597,0.1625,0.0755,0.2055,0.0773,0.0614,0.0279,0.08,0.0405,1.3335,0.5867
9350,-117.755,34.415,0.0791,0.023,0.0504,0.0231,0.1596,0.0522,0.1468,0.0665,0.1807,0.0664,0.0575,0.0257,0.0725,0.0359,1.253,0.5423
9351,-117.745,34.415,0.0736,0.021,0.0473,0.0214,0.1498,0.0481,0.1389,0.0615,0.1676,0.06,0.0567,0.0251,0.0687,0.0337,1.1565,0.4888
9352,-117.735,34.415,0.0729,0.021,0.0465,0.021,0.1484,0.0475,0.1387,0.0607,0.1651,0.0592,0.0589,0.0263,0.0688,0.0338,1.1334,0.479
9353,-117.725,34.415,0.0722,0.0209,0.0475,0.0217,0.1462,0.0466,0.138,0.059,0.1625,0.0583,0.0609,0.0274,0.0684,0.0338,1.121,0.4757
9354,-117.715,34.415,0.0712,0.0207,0.0492,0.0228,0.1447,0.046,0.138,0.0576,0.1595,0.0573,0.0632,0.0286,0.0684,0.0339,1.1124,0.4757
9355,-117.705,34.415,0.0714,0.021,0.053,0.0253,0.1467,0.0468,0.1414,0.0577,0.1592,0.0575,0.0671,0.0309,0.0701,0.035,1.1125,0.4818
9356,-117.695,34.415,0.0746,0.0224,0.0547,0.0265,0.1556,0.0507,0.1518,0.0615,0.1656,0.0608,0.0744,0.0354,0.0752,0.0386,1.1327,0.5005
9357,-117.685,34.415,0.0832,0.026,0.0544,0.0264,0.1715,0.0576,0.1691,0.069,0.1832,0.07,0.085,0.0421,0.084,0.0445,1.1787,0.5413
9358,-117.675,34.415,0.0948,0.031,0.0594,0.0297,0.1879,0.0654,0.1873,0.0778,0.2069,0.0828,0.0958,0.0498,0.0935,0.0514,1.2285,0.6032
9359,-117.665,34.415,0.1023,0.0346,0.0646,0.0332,0.2016,0.0721,0.2027,0.0855,0.221,0.0916,0.1048,0.0565,0.1016,0.0574,1.2556,0.656
9360,-117.655,34.415,0.1019,0.0348,0.066,0.0343,0.2016,0.0722,0.2042,0.0858,0.2199,0.0916,0.1053,0.0578,0.1026,0.0582,1.2341,0.6673
9361,-118.945,34.425,0.0745,0.0312,0.0724,0.04,0.2671,0.1284,0.4947,0.2694,0.1233,0.0504,0.0271,0.0365,0.2714,0.1355,0.2865,0.1344
9362,-118.935,34.425,0.0827,0.0354,0.077,0.043,0.2791,0.1363,0.5191,0.2885,0.1356,0.0572,0.0275,0.0377,0.2766,0.1398,0.2994,0.1433
9363,-118.925,34.425,0.094,0.0414,0.0749,0.0413,0.2722,0.1306,0.516,0.28,0.1519,0.0665,0.0257,0.0346,0.2645,0.1307,0.3149,0.1545
9364,-118.915,34.425,0.0806,0.0336,0.072,0.0391,0.2643,0.1241,0.5108,0.2693,0.1318,0.0543,0.0239,0.0312,0.2513,0.1208,0.2999,0.1411
9365,-118.905,34.425,0.082,0.034,0.0721,0.0391,0.2693,0.1269,0.5234,0.276,0.1327,0.0544,0.0239,0.0302,0.2507,0.1205,0.2958,0.1365
9366,-118.895,34.425,0.083,0.0342,0.0721,0.0389,0.2739,0.1294,0.5348,0.2817,0.133,0.0541,0.0242,0.0295,0.2498,0.1201,0.296,0.1354
9367,-118.885,34.425,0.0839,0.0343,0.0718,0.0386,0.278,0.1316,0.5451,0.2863,0.1332,0.0538,0.0247,0.0292,0.2486,0.1195,0.2963,0.1343
9368,-118.875,34.425,0.0847,0.0344,0.0714,0.0383,0.2821,0.1338,0.5552,0.2905,0.1333,0.0534,0.0255,0.0292,0.2474,0.1189,0.2968,0.1334
9369,-118.865,34.425,0.0855,0.0345,0.071,0.0379,0.2861,0.1361,0.5651,0.2946,0.1334,0.053,0.0263,0.0294,0.2461,0.1183,0.2973,0.1325
9370,-118.855,34.425,0.0863,0.0346,0.0705,0.0375,0.2902,0.1384,0.5751,0.2988,0.1335,0.0527,0.0271,0.0296,0.2448,0.1176,0.2979,0.1317
9371,-118.845,34.425,0.0871,0.0348,0.07,0.0372,0.2943,0.1409,0.5853,0.3032,0.1337,0.0523,0.0281,0.03,0.2434,0.117,0.2987,0.131
9372,-118.835,34.425,0.088,0.0349,0.0696,0.0368,0.2985,0.1435,0.5958,0.3078,0.1338,0.052,0.029,0.0304,0.2421,0.1163,0.2997,0.1306
9373,-118.825,34.425,0.089,0.0351,0.0691,0.0365,0.3028,0.1463,0.6069,0.3129,0.134,0.0517,0.03,0.0308,0.2407,0.1156,0.3004,0.1299
9374,-118.815,34.425,0.09,0.0353,0.0687,0.0361,0.3078,0.1496,0.6189,0.3192,0.1341,0.0513,0.0311,0.0313,0.2396,0.1152,0.3013,0.1294
9375,-118.805,34.425,0.091,0.0354,0.0684,0.0359,0.3155,0.1551,0.635,0.3299,0.1342,0.051,0.0326,0.0323,0.2405,0.1162,0.3028,0.1293
9376,-118.795,34.425,0.0918,0.0356,0.0684,0.0358,0.3208,0.1589,0.6485,0.3376,0.1344,0.0507,0.0337,0.0328,0.2392,0.1156,0.3048,0.1297
9377,-118.785,34.425,0.093,0.0358,0.0689,0.036,0.3238,0.1609,0.6594,0.3424,0.1355,0.0509,0.0346,0.033,0.2358,0.1135,0.3055,0.129
9378,-118.775,34.425,0.0941,0.036,0.0696,0.0362,0.3299,0.165,0.6748,0.3522,0.137,0.0513,0.0358,0.0335,0.2338,0.1124,0.3067,0.1287
9379,-118.765,34.425,0.0937,0.0356,0.0702,0.0365,0.3374,0.1698,0.6919,0.3638,0.137,0.051,0.0371,0.0341,0.2321,0.1115,0.3087,0.1291
9380,-118.755,34.425,0.0934,0.0351,0.0707,0.0365,0.3482,0.1761,0.7125,0.3793,0.1374,0.0508,0.0387,0.0351,0.2312,0.1112,0.3118,0.1302
9381,-118.745,34.425,0.0938,0.035,0.0714,0.0368,0.3613,0.183,0.735,0.3972,0.1392,0.0514,0.0405,0.0362,0.2303,0.1109,0.3147,0.131
9382,-118.735,34.425,0.0945,0.035,0.0725,0.0372,0.3766,0.1905,0.7594,0.4174,0.1417,0.0524,0.0424,0.0375,0.2294,0.1107,0.3197,0.1333
9383,-118.725,34.425,0.0952,0.035,0.0737,0.0378,0.3962,0.1996,0.7872,0.4427,0.1448,0.0537,0.0447,0.0391,0.2289,0.1108,0.326,0.1365
9384,-118.715,34.425,0.0961,0.0351,0.0749,0.0384,0.4173,0.2093,0.8159,0.47,0.1483,0.0552,0.0473,0.0409,0.2285,0.1109,0.3328,0.1401
9385,-118.705,34.425,0.097,0.0352,0.0763,0.039,0.4414,0.2203,0.846,0.5017,0.1521,0.0569,0.0502,0.0431,0.2284,0.1112,0.3404,0.1443
9386,-118.695,34.425,0.098,0.0354,0.0777,0.0397,0.4672,0.2321,0.8763,0.5363,0.156,0.0587,0.0535,0.0454,0.2283,0.1116,0.3482,0.1488
9387,-118.685,34.425,0.099,0.0356,0.0791,0.0404,0.4945,0.2448,0.9068,0.5738,0.1603,0.0606,0.0571,0.048,0.2283,0.112,0.3564,0.1536
9388,-118.675,34.425,0.1,0.0357,0.0806,0.0411,0.5249,0.2595,0.9366,0.6172,0.1646,0.0627,0.0609,0.0509,0.2285,0.1126,0.365,0.1587
9389,-118.665,34.425,0.1009,0.0358,0.0813,0.0414,0.5556,0.2742,0.9652,0.6611,0.169,0.0647,0.0641,0.0532,0.2284,0.113,0.3742,0.1644
9390,-118.655,34.425,0.0985,0.0344,0.0786,0.0394,0.5844,0.287,0.9883,0.7019,0.1685,0.0642,0.0638,0.0529,0.2261,0.1119,0.375,0.1633
9391,-118.645,34.425,0.0956,0.0328,0.0799,0.0401,0.6079,0.2928,1.0107,0.7283,0.1677,0.0634,0.0612,0.0505,0.2197,0.1077,0.3777,0.1637
9392,-118.635,34.425,0.102,0.0353,0.0854,0.0434,0.6259,0.2916,1.0323,0.7403,0.181,0.0705,0.0562,0.046,0.2093,0.1006,0.3857,0.1685
9393,-118.625,34.425,0.1094,0.0384,0.0848,0.0428,0.6708,0.3175,1.0548,0.801,0.1962,0.079,0.0562,0.0464,0.2123,0.1033,0.4026,0.1805
9394,-118.615,34.425,0.097,0.0324,0.0839,0.042,0.7203,0.348,1.0772,0.8689,0.1808,0.0698,0.0569,0.0477,0.2173,0.1074,0.4022,0.178
9395,-118.605,34.425,0.0966,0.0319,0.0872,0.0439,0.7659,0.3737,1.0991,0.924,0.1841,0.0715,0.0568,0.0478,0.2187,0.1088,0.4149,0.1866
9396,-118.595,34.425,0.1071,0.0362,0.0911,0.0462,0.815,0.4041,1.1137,0.9763,0.2055,0.0836,0.0574,0.0483,0.2213,0.1111,0.4364,0.2031
9397,-118.585,34.425,0.1098,0.037,0.0954,0.0489,0.8677,0.4391,1.1212,1.0256,0.2138,0.0881,0.0588,0.0494,0.2251,0.1143,0.455,0.218
9398,-118.575,34.425,0.1123,0.0377,0.0982,0.0506,0.918,0.4713,1.1353,0.9952,0.2204,0.0918,0.0605,0.0501,0.2261,0.1155,0.4639,0.224
9399,-118.565,34.425,0.1129,0.0376,0.1003,0.0518,0.9662,0.4994,1.1502,0.9404,0.2225,0.0924,0.0621,0.0502,0.2249,0.1151,0.4671,0.2246
9400,-118.555,34.425,0.1131,0.0372,0.1011,0.0521,1.0068,0.5097,1.1634,0.8463,0.2231,0.0921,0.0622,0.0479,0.2156,0.1089,0.4661,0.2212
9401,-118.545,34.425,0.1109,0.0359,0.1005,0.0514,1.0618,0.5377,1.1805,0.7869,0.2186,0.0886,0.0649,0.047,0.2119,0.1066,0.4624,0.2153
9402,-118.535,34.425,0.1105,0.0352,0.0984,0.0499,1.1312,0.5835,1.2014,0.7621,0.2153,0.0859,0.0703,0.0475,0.2136,0.1081,0.463,0.2139
9403,-118.525,34.425,0.1045,0.0322,0.0932,0.0465,1.1957,0.6255,1.2048,0.7377,0.2014,0.0772,0.0704,0.049,0.2121,0.1074,0.4581,0.2074
9404,-118.515,34.425,0.108,0.033,0.0891,0.0438,1.2632,0.6629,1.2025,0.7093,0.2023,0.0771,0.0689,0.0501,0.2083,0.1052,0.4544,0.2021
9405,-118.505,34.425,0.1197,0.0372,0.0931,0.0462,1.3494,0.6817,1.1908,0.6608,0.2163,0.0846,0.0647,0.0489,0.1973,0.0977,0.4547,0.2005
9406,-118.495,34.425,0.1201,0.0367,0.0957,0.0479,1.4401,0.7279,1.1774,0.6372,0.2128,0.082,0.0635,0.0498,0.1926,0.0948,0.4566,0.2003
9407,-118.485,34.425,0.1256,0.0381,0.097,0.0487,1.5353,0.8013,1.1621,0.6384,0.2177,0.0844,0.0654,0.0531,0.1943,0.0965,0.4667,0.2074
9408,-118.475,34.425,0.1317,0.0397,0.0912,0.0449,1.636,0.8273,1.134,0.6044,0.2239,0.0877,0.0644,0.0518,0.1868,0.0917,0.4673,0.2058
9409,-118.465,34.425,0.1139,0.032,0.0844,0.0405,1.7227,0.8478,1.1039,0.5705,0.1958,0.0715,0.0636,0.0503,0.1796,0.0871,0.4581,0.1956
9410,-118.455,34.425,0.1073,0.0289,0.0803,0.038,1.7359,0.8888,1.0771,0.5731,0.184,0.0652,0.0668,0.0526,0.1822,0.0896,0.4535,0.1901
9411,-118.445,34.425,0.1151,0.0308,0.0777,0.0363,1.7497,0.9121,1.0562,0.5694,0.1945,0.0702,0.0694,0.0537,0.1832,0.0907,0.4666,0.1984
9412,-118.435,34.425,0.1137,0.0296,0.0764,0.0356,1.7641,0.9178,1.041,0.5594,0.191,0.0683,0.0714,0.0537,0.1826,0.0904,0.4784,0.2058
9413,-118.425,34.425,0.1252,0.0329,0.0797,0.0376,1.7438,0.855,0.9817,0.5051,0.2073,0.0767,0.0683,0.0493,0.1715,0.0833,0.488,0.2116
9414,-118.415,34.425,0.1313,0.0342,0.0833,0.0397,1.7178,0.7945,0.921,0.4526,0.2152,0.0812,0.0655,0.0453,0.1613,0.0768,0.4985,0.2181
9415,-118.405,34.425,0.1412,0.0369,0.0836,0.0399,1.6989,0.8143,0.898,0.4529,0.2291,0.0891,0.0691,0.0471,0.1653,0.0799,0.5084,0.224
9416,-118.395,34.425,0.1216,0.0295,0.0796,0.0375,1.65,0.7925,0.8547,0.4331,0.2006,0.0734,0.0703,0.0468,0.1637,0.0795,0.5029,0.2182
9417,-118.385,34.425,0.115,0.0268,0.0713,0.0325,1.5709,0.7292,0.7911,0.3934,0.1906,0.0683,0.0691,0.0443,0.1565,0.0755,0.4841,0.2037
9418,-118.375,34.425,0.1061,0.0236,0.0601,0.0263,1.476,0.6592,0.7237,0.3525,0.1765,0.0617,0.0666,0.0408,0.1462,0.0696,0.455,0.1844
9419,-118.365,34.425,0.0861,0.0177,0.0503,0.0209,1.3858,0.592,0.6606,0.3142,0.144,0.0476,0.0641,0.0373,0.1362,0.0638,0.4226,0.1658
9420,-118.355,34.425,0.087,0.0177,0.05,0.0208,1.3346,0.5455,0.6215,0.2895,0.1464,0.0487,0.0631,0.035,0.1299,0.06,0.411,0.1592
9421,-118.345,34.425,0.0879,0.0176,0.0495,0.0205,1.2449,0.4829,0.5671,0.2566,0.1485,0.0497,0.0598,0.0315,0.1199,0.0541,0.4038,0.1555
9422,-118.335,34.425,0.0883,0.0175,0.0488,0.0201,1.1168,0.4042,0.4974,0.2154,0.15,0.0504,0.0544,0.0269,0.106,0.0461,0.394,0.1505
9423,-118.325,34.425,0.0892,0.0175,0.0483,0.0199,1.0565,0.3721,0.4664,0.2001,0.1522,0.0515,0.0537,0.0254,0.1018,0.0439,0.3989,0.1529
9424,-118.315,34.425,0.09,0.0175,0.0479,0.0197,1.012,0.3504,0.4444,0.1906,0.1544,0.0525,0.0541,0.0247,0.0997,0.0429,0.4049,0.1558
9425,-118.305,34.425,0.0908,0.0177,0.0476,0.0196,0.977,0.3336,0.4276,0.1835,0.1565,0.0536,0.0548,0.0242,0.0986,0.0425,0.4119,0.1592
9426,-118.295,34.425,0.0916,0.0178,0.0473,0.0194,0.941,0.3167,0.4113,0.1766,0.1582,0.0544,0.0554,0.0236,0.0976,0.0421,0.4197,0.1629
9427,-118.285,34.425,0.0924,0.018,0.047,0.0193,0.9042,0.2997,0.3956,0.1698,0.159,0.0548,0.0559,0.0231,0.0965,0.0416,0.4264,0.1659
9428,-118.275,34.425,0.0931,0.0183,0.0467,0.0192,0.871,0.2848,0.3822,0.1639,0.1588,0.0546,0.0566,0.0226,0.0958,0.0414,0.4326,0.1684
9429,-118.265,34.425,0.0938,0.0185,0.0464,0.0191,0.8396,0.2708,0.3692,0.1581,0.158,0.0541,0.0572,0.0221,0.0951,0.0412,0.4388,0.1708
9430,-118.255,34.425,0.0943,0.0188,0.0461,0.019,0.8137,0.2595,0.3564,0.1522,0.1571,0.0536,0.0577,0.0215,0.0942,0.0408,0.448,0.1746
9431,-118.245,34.425,0.0948,0.0191,0.0458,0.0189,0.7908,0.2499,0.3448,0.147,0.1562,0.0531,0.0582,0.021,0.0935,0.0406,0.4659,0.1827
9432,-118.235,34.425,0.0953,0.0193,0.0456,0.0188,0.7708,0.2419,0.3346,0.1424,0.1552,0.0526,0.0588,0.0205,0.0931,0.0405,0.4666,0.1824
9433,-118.225,34.425,0.0956,0.0196,0.0454,0.0187,0.7674,0.2428,0.3376,0.1452,0.1543,0.0521,0.0619,0.0212,0.0966,0.0427,0.4775,0.1871
9434,-118.215,34.425,0.0958,0.0198,0.0453,0.0186,0.7616,0.2433,0.3412,0.1483,0.1535,0.0517,0.065,0.022,0.1002,0.0449,0.497,0.1962
9435,-118.205,34.425,0.0969,0.0203,0.0457,0.0189,0.7277,0.2328,0.3344,0.1455,0.1542,0.0519,0.0657,0.022,0.1005,0.0452,0.5209,0.2077
9436,-118.195,34.425,0.1191,0.0267,0.0533,0.023,0.6765,0.2152,0.3189,0.1376,0.1882,0.0671,0.064,0.0212,0.0976,0.0438,0.5725,0.2346
9437,-118.185,34.425,0.1464,0.035,0.0679,0.0311,0.6081,0.1904,0.2948,0.1248,0.2311,0.0875,0.0598,0.0196,0.0915,0.0405,0.5955,0.2458
9438,-118.175,34.425,0.1171,0.0264,0.0575,0.0254,0.5509,0.171,0.2767,0.1158,0.1888,0.0663,0.057,0.0186,0.0875,0.0384,0.5801,0.2367
9439,-118.165,34.425,0.0957,0.0207,0.0471,0.0196,0.5065,0.157,0.2654,0.1106,0.1566,0.0521,0.0555,0.0182,0.0857,0.0375,0.5342,0.2117
9440,-118.155,34.425,0.1149,0.0265,0.0611,0.0272,0.5136,0.1634,0.2808,0.1198,0.1899,0.0672,0.0596,0.0202,0.0925,0.0415,0.592,0.241
9441,-118.145,34.425,0.115,0.0267,0.0611,0.0272,0.4949,0.1591,0.281,0.1209,0.1926,0.0681,0.0602,0.0208,0.094,0.0425,0.6058,0.2472
9442,-118.135,34.425,0.0944,0.0208,0.0468,0.0194,0.4504,0.1439,0.2659,0.1137,0.1619,0.0537,0.0572,0.0199,0.0902,0.0405,0.6347,0.262
9443,-118.125,34.425,0.1314,0.0319,0.0631,0.0286,0.4388,0.1418,0.2687,0.1164,0.2278,0.0828,0.058,0.0207,0.0925,0.042,0.695,0.2949
9444,-118.115,34.425,0.1687,0.0449,0.0797,0.0379,0.4261,0.139,0.2695,0.1181,0.2911,0.1172,0.0582,0.0213,0.094,0.043,0.7578,0.3333
9445,-118.105,34.425,0.1523,0.0396,0.0679,0.0309,0.3749,0.1194,0.2429,0.1044,0.2697,0.105,0.0519,0.019,0.0853,0.0383,0.7173,0.3052
9446,-118.095,34.425,0.1059,0.025,0.0568,0.0246,0.3404,0.1066,0.2263,0.0964,0.1951,0.0677,0.048,0.0178,0.0802,0.0355,0.6652,0.2728
9447,-118.085,34.425,0.0908,0.0207,0.0462,0.019,0.3224,0.1006,0.2196,0.094,0.1713,0.0569,0.0464,0.0175,0.0787,0.0348,0.6295,0.2524
9448,-118.075,34.425,0.0899,0.0206,0.0444,0.018,0.3199,0.1007,0.2233,0.0974,0.173,0.0575,0.0471,0.0184,0.081,0.0362,0.6296,0.2511
9449,-118.065,34.425,0.0889,0.0205,0.0444,0.0181,0.316,0.1001,0.2256,0.1,0.1745,0.0581,0.0474,0.019,0.0826,0.0373,0.639,0.2543
9450,-118.055,34.425,0.0879,0.0205,0.0444,0.0181,0.2893,0.0903,0.2109,0.093,0.1756,0.0585,0.044,0.0179,0.0778,0.0347,0.646,0.2563
9451,-118.045,34.425,0.0869,0.0203,0.0444,0.0181,0.2709,0.0838,0.2018,0.0892,0.1765,0.0587,0.0418,0.0173,0.0751,0.0333,0.6532,0.2582
9452,-118.035,34.425,0.0859,0.0202,0.0444,0.0181,0.2607,0.0805,0.1984,0.0885,0.1769,0.0588,0.041,0.0174,0.0745,0.0331,0.6656,0.2625
9453,-118.025,34.425,0.0849,0.0201,0.0445,0.0182,0.2513,0.0775,0.1951,0.0878,0.1769,0.0587,0.0402,0.0174,0.0739,0.0329,0.678,0.2667
9454,-118.015,34.425,0.0839,0.02,0.0445,0.0182,0.2422,0.0746,0.1917,0.087,0.1765,0.0584,0.0395,0.0174,0.0733,0.0327,0.6904,0.2707
9455,-118.005,34.425,0.0829,0.0199,0.0445,0.0182,0.2339,0.0719,0.1884,0.0861,0.1755,0.0578,0.0388,0.0173,0.0727,0.0325,0.7028,0.2745
9456,-117.995,34.425,0.0819,0.0198,0.0445,0.0183,0.2259,0.0693,0.185,0.085,0.1743,0.0572,0.0382,0.0173,0.0721,0.0324,0.7153,0.2782
9457,-117.985,34.425,0.081,0.0197,0.0446,0.0184,0.2184,0.0669,0.1816,0.0838,0.1728,0.0564,0.0377,0.0172,0.0716,0.0322,0.7281,0.2819
9458,-117.975,34.425,0.08,0.0196,0.0446,0.0184,0.2114,0.0647,0.1782,0.0821,0.1711,0.0556,0.0373,0.0172,0.0711,0.032,0.7415,0.2858
9459,-117.965,34.425,0.0791,0.0194,0.0446,0.0185,0.2046,0.0626,0.1747,0.0804,0.1697,0.055,0.0369,0.0171,0.0706,0.0319,0.7559,0.2903
9460,-117.955,34.425,0.0781,0.0193,0.0447,0.0186,0.1984,0.0606,0.1713,0.0784,0.1688,0.0547,0.0367,0.017,0.0701,0.0317,0.7733,0.2966
9461,-117.945,34.425,0.0772,0.0192,0.0449,0.0188,0.2066,0.0648,0.1806,0.0843,0.1687,0.0548,0.0397,0.0188,0.0752,0.035,0.8049,0.3103
9462,-117.935,34.425,0.0773,0.0194,0.0455,0.0192,0.2291,0.075,0.2025,0.0981,0.1713,0.0561,0.0458,0.0223,0.0859,0.0416,0.8689,0.3409
9463,-117.925,34.425,0.0762,0.0192,0.0538,0.0239,0.2322,0.0771,0.207,0.1008,0.1715,0.0564,0.0482,0.0235,0.0892,0.0439,0.9644,0.3902
9464,-117.915,34.425,0.1022,0.028,0.063,0.0291,0.2309,0.0775,0.2075,0.1009,0.2325,0.0836,0.0498,0.0242,0.0909,0.0451,1.074,0.4505
9465,-117.905,34.425,0.1054,0.0295,0.0683,0.0324,0.2277,0.0768,0.2057,0.0994,0.2429,0.0895,0.0508,0.0245,0.0914,0.0456,1.1506,0.4988
9466,-117.895,34.425,0.1161,0.0337,0.0697,0.0334,0.2274,0.077,0.2056,0.0984,0.2694,0.1038,0.0521,0.0249,0.0925,0.0463,1.2106,0.5397
9467,-117.885,34.425,0.1074,0.0307,0.0672,0.032,0.23,0.078,0.2071,0.098,0.2541,0.0963,0.0537,0.0255,0.0942,0.0473,1.2562,0.5665
9468,-117.875,34.425,0.1092,0.0317,0.0657,0.0313,0.2302,0.0788,0.2065,0.0973,0.2613,0.1006,0.0551,0.026,0.0951,0.048,1.2857,0.5786
9469,-117.865,34.425,0.0984,0.0279,0.0645,0.0307,0.2289,0.0791,0.2046,0.0961,0.2396,0.0898,0.0563,0.0263,0.0954,0.0484,1.2963,0.5772
9470,-117.855,34.425,0.095,0.0269,0.0632,0.0301,0.2225,0.077,0.1981,0.0923,0.2332,0.0871,0.0561,0.0259,0.0935,0.0474,1.314,0.5828
9471,-117.845,34.425,0.0947,0.027,0.0606,0.0286,0.2259,0.0797,0.2008,0.0946,0.2326,0.0874,0.059,0.0273,0.0961,0.0494,1.3416,0.5973
9472,-117.835,34.425,0.0867,0.0243,0.0566,0.0263,0.2391,0.0874,0.2127,0.103,0.213,0.0783,0.0649,0.0306,0.1033,0.0545,1.3437,0.5937
9473,-117.825,34.425,0.071,0.0191,0.0523,0.0239,0.2222,0.0803,0.1978,0.0948,0.1741,0.061,0.0621,0.0288,0.0968,0.0505,1.2931,0.5515
9474,-117.815,34.425,0.0787,0.0219,0.0501,0.0227,0.2001,0.0706,0.1783,0.0836,0.1908,0.069,0.0577,0.0262,0.0878,0.0449,1.3442,0.5796
9475,-117.805,34.425,0.0965,0.0285,0.0587,0.0278,0.1827,0.0624,0.1632,0.0744,0.2304,0.0885,0.0542,0.024,0.0805,0.0401,1.3473,0.5856
9476,-117.795,34.425,0.0901,0.0263,0.0589,0.028,0.1811,0.0614,0.1625,0.0741,0.214,0.0807,0.0559,0.0248,0.0805,0.0401,1.3133,0.5704
9477,-117.785,34.425,0.078,0.0221,0.0505,0.0231,0.1953,0.0678,0.1762,0.0827,0.1844,0.0669,0.0628,0.0286,0.0878,0.0449,1.2538,0.5379
9478,-117.775,34.425,0.0708,0.0197,0.0475,0.0214,0.1829,0.0624,0.1658,0.0769,0.1662,0.059,0.061,0.0275,0.0829,0.042,1.2031,0.5129
9479,-117.765,34.425,0.0712,0.02,0.0458,0.0205,0.1662,0.0552,0.1515,0.0687,0.1656,0.059,0.0578,0.0257,0.076,0.0377,1.1496,0.4861
9480,-117.755,34.425,0.0707,0.02,0.0455,0.0204,0.1557,0.0509,0.1427,0.0636,0.1633,0.0583,0.0565,0.0249,0.0719,0.0353,1.1076,0.4656
9481,-117.745,34.425,0.0705,0.0201,0.0452,0.0203,0.16,0.0531,0.1479,0.0665,0.1617,0.0578,0.0612,0.0276,0.075,0.0376,1.0886,0.4581
9482,-117.735,34.425,0.07,0.0201,0.045,0.0203,0.1791,0.0619,0.167,0.0773,0.1597,0.0572,0.0719,0.0338,0.0853,0.0446,1.1168,0.4783
9483,-117.725,34.425,0.0697,0.0201,0.0484,0.0223,0.1868,0.0661,0.1759,0.082,0.1581,0.0568,0.0789,0.0382,0.0903,0.0484,1.1484,0.5021
9484,-117.715,34.425,0.0806,0.0243,0.0536,0.0255,0.1909,0.0685,0.1814,0.0845,0.1813,0.068,0.0843,0.0417,0.0936,0.051,1.1771,0.532
9485,-117.705,34.425,0.0913,0.029,0.064,0.0322,0.1884,0.0672,0.1806,0.0821,0.2029,0.0801,0.0864,0.043,0.0931,0.0507,1.2037,0.5688
9486,-117.695,34.425,0.1023,0.0338,0.0685,0.0351,0.1894,0.0673,0.1831,0.0815,0.2252,0.0925,0.0899,0.0454,0.0944,0.0515,1.2309,0.6134
9487,-117.685,34.425,0.1011,0.0336,0.0671,0.0344,0.1937,0.069,0.189,0.0828,0.2222,0.0915,0.0948,0.0487,0.0973,0.0535,1.223,0.6262
9488,-117.675,34.425,0.1035,0.035,0.0684,0.0356,0.2044,0.0744,0.2013,0.0888,0.2263,0.0948,0.1029,0.0548,0.1041,0.0586,1.2122,0.645
9489,-117.665,34.425,0.1038,0.0355,0.0696,0.0366,0.2133,0.0791,0.2117,0.0941,0.2269,0.0959,0.1098,0.0603,0.1101,0.0632,1.1959,0.6543
9490,-117.655,34.425,0.0983,0.0334,0.067,0.035,0.2071,0.0765,0.2066,0.091,0.2168,0.0905,0.1075,0.0597,0.108,0.0618,1.1693,0.6356
9491,-118.945,34.435,0.0732,0.0306,0.0692,0.038,0.2467,0.1142,0.4574,0.2371,0.1208,0.0492,0.025,0.0321,0.258,0.124,0.2743,0.1243
9492,-118.935,34.435,0.079,0.0334,0.0727,0.0403,0.2603,0.1228,0.4837,0.2566,0.1291,0.0537,0.0259,0.0336,0.2654,0.1297,0.288,0.1334
9493,-118.925,34.435,0.0918,0.0402,0.0717,0.0394,0.2599,0.1218,0.4889,0.2567,0.1473,0.064,0.0251,0.0321,0.2595,0.1255,0.3059,0.146
9494,-118.915,34.435,0.0778,0.0322,0.0702,0.0381,0.2585,0.12,0.4922,0.2551,0.1263,0.0514,0.0243,0.0304,0.2525,0.1205,0.2943,0.1357
9495,-118.905,34.435,0.0802,0.0331,0.0707,0.0383,0.2656,0.1243,0.5078,0.2647,0.129,0.0526,0.0247,0.0303,0.2538,0.1216,0.2928,0.1332
9496,-118.895,34.435,0.0812,0.0334,0.0709,0.0383,0.2712,0.1276,0.521,0.2721,0.1295,0.0524,0.0251,0.03,0.2538,0.1219,0.2948,0.1334
9497,-118.885,34.435,0.0822,0.0335,0.0706,0.0381,0.2755,0.1299,0.5317,0.2771,0.1298,0.0522,0.0255,0.0297,0.2526,0.1213,0.2959,0.133
9498,-118.875,34.435,0.0831,0.0337,0.0703,0.0378,0.2796,0.1323,0.5421,0.2818,0.1301,0.0519,0.0261,0.0296,0.2514,0.1207,0.297,0.1324
9499,-118.865,34.435,0.0839,0.0338,0.07,0.0375,0.2837,0.1347,0.5524,0.2863,0.1302,0.0516,0.0268,0.0296,0.2501,0.12,0.298,0.1319
9500,-118.855,34.435,0.0848,0.0339,0.0696,0.0371,0.2877,0.1371,0.5627,0.2907,0.1303,0.0513,0.0276,0.0298,0.2487,0.1193,0.299,0.1313
9501,-118.845,34.435,0.0856,0.0341,0.0693,0.0368,0.2916,0.1396,0.5731,0.2953,0.1304,0.051,0.0284,0.03,0.2473,0.1186,0.2999,0.1307
9502,-118.835,34.435,0.0865,0.0342,0.0689,0.0365,0.2956,0.1422,0.5837,0.3,0.1305,0.0506,0.0293,0.0303,0.2459,0.1179,0.3007,0.1301
9503,-118.825,34.435,0.0874,0.0343,0.0686,0.0362,0.2996,0.1451,0.5948,0.3051,0.1305,0.0502,0.0302,0.0306,0.2444,0.1172,0.3015,0.1294
9504,-118.815,34.435,0.0882,0.0345,0.0682,0.036,0.3035,0.148,0.6061,0.3104,0.1305,0.0498,0.0312,0.031,0.2429,0.1165,0.3022,0.1288
9505,-118.805,34.435,0.0891,0.0346,0.068,0.0357,0.3076,0.1513,0.618,0.3163,0.1304,0.0494,0.0322,0.0314,0.2413,0.1157,0.303,0.1281
9506,-118.795,34.435,0.0897,0.0346,0.068,0.0356,0.3118,0.1547,0.6306,0.323,0.1303,0.049,0.0333,0.0318,0.2397,0.115,0.3038,0.1276
9507,-118.785,34.435,0.0902,0.0346,0.0683,0.0357,0.3161,0.1584,0.6439,0.3304,0.1302,0.0485,0.0344,0.0322,0.2381,0.1142,0.3044,0.1269
9508,-118.775,34.435,0.0906,0.0344,0.0687,0.0358,0.3216,0.1627,0.6592,0.3397,0.1302,0.0482,0.0356,0.0328,0.2365,0.1134,0.3058,0.1267
9509,-118.765,34.435,0.0921,0.0348,0.0692,0.0359,0.328,0.1675,0.6756,0.3503,0.1321,0.0489,0.037,0.0334,0.2351,0.1127,0.3085,0.1275
9510,-118.755,34.435,0.095,0.036,0.0701,0.0363,0.3383,0.174,0.6962,0.3654,0.1365,0.0508,0.0386,0.0345,0.2345,0.1127,0.3133,0.1297
9511,-118.745,34.435,0.092,0.0342,0.0709,0.0366,0.3511,0.1808,0.7187,0.3823,0.134,0.0492,0.0404,0.0356,0.2336,0.1124,0.3153,0.1299
9512,-118.735,34.435,0.0925,0.0341,0.0716,0.0368,0.3663,0.1879,0.7431,0.4011,0.1365,0.0502,0.0422,0.0368,0.2323,0.1119,0.3208,0.1324
9513,-118.725,34.435,0.0933,0.0342,0.0727,0.0373,0.3867,0.1969,0.7717,0.4259,0.1399,0.0517,0.0445,0.0385,0.2318,0.1119,0.3283,0.1363
9514,-118.715,34.435,0.0942,0.0343,0.0739,0.0379,0.4087,0.2066,0.8015,0.4526,0.1437,0.0534,0.047,0.0404,0.2315,0.1121,0.3365,0.1408
9515,-118.705,34.435,0.095,0.0344,0.0752,0.0385,0.4335,0.2173,0.8324,0.4831,0.1477,0.0552,0.0499,0.0425,0.2312,0.1124,0.3453,0.1458
9516,-118.695,34.435,0.0959,0.0345,0.0763,0.039,0.4587,0.228,0.8624,0.5143,0.1519,0.0571,0.0529,0.0447,0.2304,0.1122,0.3535,0.1503
9517,-118.685,34.435,0.0966,0.0345,0.0772,0.0394,0.4842,0.2385,0.8917,0.5462,0.1558,0.0589,0.056,0.0469,0.229,0.1116,0.3615,0.1547
9518,-118.675,34.435,0.0976,0.0347,0.0788,0.0402,0.5128,0.2509,0.9212,0.5836,0.1604,0.0611,0.0593,0.0493,0.2283,0.1116,0.3697,0.1593
9519,-118.665,34.435,0.0983,0.0347,0.0801,0.0409,0.5404,0.262,0.9494,0.6187,0.1648,0.0632,0.0617,0.0509,0.2264,0.1107,0.3792,0.1651
9520,-118.655,34.435,0.0967,0.0337,0.0796,0.0404,0.5595,0.2643,0.9708,0.6365,0.1657,0.0634,0.0596,0.0488,0.2185,0.1055,0.3834,0.1665
9521,-118.645,34.435,0.0921,0.0313,0.0799,0.0404,0.5834,0.2704,0.9919,0.6611,0.1621,0.0612,0.0574,0.0469,0.2127,0.1018,0.3879,0.1682
9522,-118.635,34.435,0.091,0.0305,0.081,0.0408,0.6122,0.2804,1.0127,0.6923,0.1638,0.0619,0.0551,0.0452,0.2089,0.0995,0.3971,0.1738
9523,-118.625,34.435,0.1053,0.0366,0.0834,0.0422,0.6742,0.3252,1.0407,0.7927,0.1901,0.0764,0.0585,0.0494,0.2218,0.1094,0.4189,0.1899
9524,-118.615,34.435,0.1045,0.0359,0.0857,0.0434,0.7375,0.3716,1.066,0.895,0.193,0.0779,0.0621,0.0537,0.235,0.1194,0.4279,0.1956
9525,-118.605,34.435,0.1016,0.0342,0.0857,0.0432,0.7742,0.3903,1.0713,0.9374,0.1926,0.0775,0.0611,0.0529,0.2331,0.1185,0.4378,0.2016
9526,-118.595,34.435,0.1072,0.0363,0.0869,0.0439,0.8128,0.4102,1.0704,0.9769,0.206,0.0852,0.0605,0.0522,0.2314,0.1178,0.4498,0.2094
9527,-118.585,34.435,0.1081,0.0363,0.0895,0.0454,0.8533,0.431,1.0633,1.0137,0.2116,0.0883,0.0604,0.0517,0.23,0.1172,0.4635,0.2193
9528,-118.575,34.435,0.1079,0.0358,0.0899,0.0455,0.8959,0.4524,1.0747,0.9636,0.2125,0.0883,0.0616,0.0514,0.2276,0.116,0.4673,0.2205
9529,-118.565,34.435,0.1069,0.035,0.0899,0.0453,0.9365,0.4679,1.0884,0.8851,0.2102,0.0862,0.0624,0.0503,0.2227,0.1128,0.4708,0.2216
9530,-118.555,34.435,0.1004,0.0318,0.0899,0.0451,0.965,0.4537,1.095,0.7544,0.1977,0.0782,0.0602,0.0453,0.2059,0.1011,0.4689,0.2177
9531,-118.545,34.435,0.0967,0.0298,0.0908,0.0455,1.0165,0.4818,1.1045,0.694,0.1893,0.0728,0.0643,0.0445,0.2037,0.0998,0.4589,0.2065
9532,-118.535,34.435,0.1086,0.0343,0.0924,0.0464,1.0909,0.5522,1.1171,0.7037,0.2062,0.0818,0.0747,0.048,0.2158,0.1091,0.4675,0.2122
9533,-118.525,34.435,0.1123,0.0353,0.0915,0.0457,1.1501,0.5751,1.1194,0.6658,0.2083,0.0825,0.0725,0.0481,0.2104,0.1055,0.4687,0.2113
9534,-118.515,34.435,0.1088,0.0333,0.09,0.0446,1.2101,0.5899,1.1171,0.6203,0.1984,0.0761,0.068,0.0475,0.2015,0.0995,0.4676,0.2083
9535,-118.505,34.435,0.1051,0.0312,0.0879,0.0433,1.2887,0.6126,1.1029,0.5847,0.1881,0.07,0.0647,0.0472,0.1935,0.0943,0.4663,0.2052
9536,-118.495,34.435,0.1069,0.0313,0.0871,0.0427,1.3764,0.6448,1.0879,0.5588,0.187,0.0689,0.0628,0.0475,0.1876,0.0906,0.4635,0.2008
9537,-118.485,34.435,0.1088,0.0314,0.0873,0.0428,1.473,0.6865,1.0721,0.5425,0.187,0.0685,0.0623,0.0482,0.1838,0.0883,0.4671,0.2019
9538,-118.475,34.435,0.1098,0.031,0.0838,0.0405,1.563,0.7148,1.0438,0.5186,0.1862,0.0677,0.062,0.0477,0.1784,0.0851,0.4672,0.2
9539,-118.465,34.435,0.1082,0.0297,0.0798,0.038,1.6413,0.7364,1.0119,0.4934,0.1819,0.0652,0.0619,0.0469,0.1729,0.0819,0.4635,0.1948
9540,-118.455,34.435,0.1086,0.0292,0.0777,0.0367,1.6693,0.7387,0.9745,0.4694,0.1807,0.0644,0.062,0.0457,0.1681,0.0792,0.4631,0.1928
9541,-118.445,34.435,0.1082,0.0283,0.0763,0.0358,1.6869,0.7616,0.9546,0.4659,0.1784,0.063,0.0645,0.0468,0.1691,0.0803,0.4706,0.1969
9542,-118.435,34.435,0.1173,0.0307,0.0756,0.0353,1.6942,0.8052,0.9523,0.4828,0.1902,0.0689,0.0696,0.0499,0.176,0.0853,0.4828,0.2043
9543,-118.425,34.435,0.1125,0.0283,0.0758,0.0354,1.6631,0.7656,0.9043,0.4488,0.1818,0.0645,0.068,0.0473,0.1691,0.0811,0.4941,0.211
9544,-118.415,34.435,0.1124,0.0275,0.0761,0.0356,1.6263,0.7164,0.8511,0.4093,0.1813,0.0642,0.0657,0.0441,0.1607,0.0759,0.4958,0.2112
9545,-118.405,34.435,0.1136,0.0272,0.0756,0.0353,1.5991,0.7027,0.8175,0.3933,0.1831,0.0652,0.066,0.0435,0.1591,0.0752,0.5067,0.2176
9546,-118.395,34.435,0.134,0.0331,0.0735,0.0341,1.5812,0.7262,0.806,0.4017,0.2125,0.0812,0.0706,0.046,0.1654,0.0798,0.5227,0.228
9547,-118.385,34.435,0.1379,0.0336,0.0697,0.0318,1.5725,0.7871,0.8165,0.4343,0.2186,0.0844,0.0793,0.0517,0.1795,0.0897,0.5321,0.2336
9548,-118.375,34.435,0.1434,0.0345,0.0662,0.0299,1.5422,0.7522,0.782,0.412,0.2268,0.0892,0.0796,0.05,0.1748,0.0868,0.5237,0.2256
9549,-118.365,34.435,0.1331,0.0304,0.063,0.0281,1.5029,0.6956,0.7371,0.3779,0.2137,0.0814,0.078,0.0466,0.166,0.0812,0.5151,0.22
9550,-118.355,34.435,0.129,0.0285,0.0607,0.0268,1.4411,0.6281,0.6872,0.3417,0.2092,0.0789,0.0753,0.0428,0.1559,0.0749,0.5019,0.2102
9551,-118.345,34.435,0.1072,0.0221,0.06,0.0264,1.31,0.5315,0.6083,0.2901,0.1764,0.0631,0.0687,0.0368,0.1389,0.0648,0.4853,0.1985
9552,-118.335,34.435,0.098,0.0193,0.0608,0.0269,1.1095,0.4057,0.5005,0.2231,0.1627,0.0568,0.0583,0.0287,0.115,0.0509,0.4673,0.1869
9553,-118.325,34.435,0.0931,0.0179,0.0555,0.024,1.0305,0.3631,0.4613,0.2023,0.1559,0.0537,0.0564,0.0265,0.1083,0.0472,0.4563,0.1803
9554,-118.315,34.435,0.091,0.0172,0.0499,0.0209,0.9797,0.3392,0.4379,0.1918,0.1535,0.0527,0.0564,0.0255,0.1054,0.0458,0.4487,0.176
9555,-118.305,34.435,0.0911,0.0172,0.049,0.0204,0.9449,0.3229,0.4224,0.1852,0.1547,0.0534,0.0572,0.025,0.1042,0.0453,0.448,0.1755
9556,-118.295,34.435,0.0923,0.0175,0.0483,0.0201,0.9019,0.3032,0.4041,0.1768,0.1576,0.0549,0.0574,0.0241,0.1021,0.0443,0.4533,0.1781
9557,-118.285,34.435,0.093,0.0177,0.048,0.02,0.8508,0.2802,0.3832,0.1664,0.1586,0.0553,0.0569,0.023,0.0991,0.0428,0.4584,0.1802
9558,-118.275,34.435,0.0944,0.0181,0.0497,0.0209,0.8243,0.2694,0.3756,0.1639,0.159,0.0553,0.0587,0.0229,0.0998,0.0434,0.4778,0.1894
9559,-118.265,34.435,0.0989,0.0194,0.0518,0.0221,0.8016,0.2606,0.3696,0.1622,0.1641,0.0575,0.0607,0.023,0.101,0.0442,0.5042,0.2024
9560,-118.255,34.435,0.1026,0.0205,0.0545,0.0237,0.7736,0.249,0.3576,0.1566,0.168,0.0593,0.0614,0.0224,0.1001,0.0439,0.5351,0.2183
9561,-118.245,34.435,0.1196,0.0252,0.0564,0.0248,0.7513,0.2399,0.3473,0.1519,0.1927,0.0706,0.0624,0.0219,0.0996,0.0437,0.5686,0.2367
9562,-118.235,34.435,0.1115,0.0233,0.0576,0.0256,0.7348,0.2333,0.3388,0.1481,0.1781,0.0638,0.0636,0.0216,0.0995,0.0439,0.5649,0.2326
9563,-118.225,34.435,0.1038,0.0214,0.0585,0.0261,0.7507,0.2414,0.3485,0.1544,0.1648,0.0573,0.0683,0.0227,0.1049,0.047,0.5767,0.2378
9564,-118.215,34.435,0.1295,0.0288,0.0589,0.0265,0.7681,0.2509,0.3607,0.1623,0.2026,0.075,0.0735,0.0242,0.1111,0.0507,0.6061,0.2545
9565,-118.205,34.435,0.1431,0.0331,0.0579,0.0259,0.7599,0.2519,0.3663,0.1671,0.2217,0.0846,0.0777,0.0254,0.1158,0.0537,0.65,0.2816
9566,-118.195,34.435,0.1266,0.0285,0.0565,0.0251,0.6891,0.2254,0.3381,0.1523,0.1973,0.0718,0.0734,0.0236,0.1088,0.05,0.6294,0.2638
9567,-118.185,34.435,0.1006,0.0216,0.0546,0.024,0.5556,0.1714,0.2762,0.1177,0.1584,0.0542,0.0606,0.0187,0.0901,0.0395,0.591,0.2408
9568,-118.175,34.435,0.0936,0.0198,0.0491,0.021,0.5074,0.1548,0.259,0.1089,0.1493,0.0498,0.0576,0.0177,0.0859,0.0373,0.5587,0.2229
9569,-118.165,34.435,0.0938,0.02,0.0457,0.019,0.4882,0.1506,0.2576,0.109,0.1515,0.0504,0.0581,0.0182,0.0871,0.0381,0.5563,0.2206
9570,-118.155,34.435,0.1041,0.0231,0.0561,0.0246,0.5249,0.1692,0.2884,0.1267,0.1703,0.0583,0.0658,0.0217,0.0992,0.0451,0.6374,0.2624
9571,-118.145,34.435,0.1407,0.0345,0.0573,0.0252,0.5216,0.1709,0.2962,0.1319,0.2301,0.0874,0.0681,0.023,0.1033,0.0475,0.6866,0.2884
9572,-118.135,34.435,0.1189,0.0279,0.0491,0.0207,0.4781,0.1558,0.2813,0.1244,0.1991,0.0713,0.0647,0.022,0.0993,0.0454,0.7032,0.2964
9573,-118.125,34.435,0.1401,0.0348,0.0539,0.0235,0.467,0.1542,0.2853,0.1281,0.2369,0.0897,0.0657,0.023,0.102,0.0471,0.6982,0.2921
9574,-118.115,34.435,0.111,0.0259,0.0598,0.0268,0.4516,0.1508,0.2856,0.1298,0.1935,0.0676,0.0657,0.0235,0.1033,0.0481,0.7195,0.3045
9575,-118.105,34.435,0.093,0.0209,0.0577,0.0254,0.3834,0.1248,0.2488,0.1109,0.1656,0.0552,0.0572,0.0203,0.0909,0.0414,0.7202,0.3014
9576,-118.095,34.435,0.0966,0.0221,0.0537,0.0231,0.3389,0.1078,0.2259,0.0993,0.1754,0.0594,0.0515,0.0183,0.0833,0.0372,0.7085,0.2923
9577,-118.085,34.435,0.0932,0.0213,0.0476,0.0199,0.3182,0.0998,0.2169,0.0949,0.1727,0.058,0.0488,0.0177,0.0804,0.0356,0.6946,0.2832
9578,-118.075,34.435,0.095,0.0221,0.0454,0.0187,0.3248,0.1034,0.227,0.1019,0.1797,0.0609,0.0506,0.0191,0.0848,0.0382,0.6984,0.2834
9579,-118.065,34.435,0.0969,0.0228,0.0441,0.0181,0.3283,0.1058,0.2347,0.1076,0.1868,0.0639,0.0519,0.0204,0.0883,0.0403,0.6877,0.2761
9580,-118.055,34.435,0.0857,0.0198,0.0439,0.018,0.2901,0.0914,0.2116,0.0959,0.1684,0.056,0.0465,0.0183,0.0802,0.0359,0.6846,0.2727
9581,-118.045,34.435,0.0847,0.0197,0.0438,0.0179,0.2661,0.0825,0.1986,0.0899,0.1692,0.0562,0.0433,0.0173,0.0758,0.0335,0.6906,0.2739
9582,-118.035,34.435,0.0837,0.0196,0.0438,0.0179,0.2564,0.0794,0.1955,0.0896,0.1695,0.0563,0.0423,0.0173,0.0752,0.0333,0.7038,0.2785
9583,-118.025,34.435,0.0827,0.0195,0.0438,0.018,0.2473,0.0765,0.1925,0.0892,0.1695,0.0562,0.0415,0.0173,0.0745,0.0331,0.7171,0.283
9584,-118.015,34.435,0.0816,0.0194,0.0438,0.018,0.2385,0.0736,0.1894,0.0887,0.1689,0.0558,0.0407,0.0174,0.0739,0.0329,0.7305,0.2873
9585,-118.005,34.435,0.0806,0.0193,0.0438,0.018,0.2304,0.071,0.1863,0.088,0.1678,0.0552,0.0399,0.0173,0.0733,0.0327,0.7437,0.2913
9586,-117.995,34.435,0.0796,0.0191,0.0438,0.0181,0.2227,0.0685,0.1832,0.0871,0.1663,0.0544,0.0392,0.0173,0.0727,0.0325,0.7569,0.295
9587,-117.985,34.435,0.0786,0.019,0.0438,0.0181,0.2153,0.0661,0.1799,0.0859,0.1645,0.0535,0.0386,0.0173,0.0722,0.0323,0.7701,0.2985
9588,-117.975,34.435,0.0776,0.0189,0.0439,0.0182,0.2107,0.0648,0.1785,0.0855,0.1624,0.0525,0.0384,0.0174,0.0725,0.0326,0.7909,0.3054
9589,-117.965,34.435,0.077,0.0189,0.0446,0.0187,0.2071,0.064,0.1778,0.0854,0.1612,0.0519,0.0385,0.0177,0.0731,0.0331,0.8301,0.3215
9590,-117.955,34.435,0.0785,0.0195,0.0492,0.0212,0.2052,0.064,0.1782,0.0859,0.1653,0.0536,0.0392,0.0182,0.0744,0.0341,0.8955,0.3518
9591,-117.945,34.435,0.0838,0.0215,0.0544,0.0242,0.2261,0.0735,0.1988,0.0987,0.1785,0.0596,0.0449,0.0216,0.0845,0.0404,1.0014,0.408
9592,-117.935,34.435,0.1088,0.0301,0.0602,0.0277,0.2697,0.0925,0.2396,0.1237,0.2343,0.0852,0.0556,0.0279,0.1035,0.0521,1.1011,0.4732
9593,-117.925,34.435,0.1179,0.0336,0.0636,0.0297,0.2735,0.0952,0.245,0.1267,0.2579,0.0972,0.0584,0.0293,0.1075,0.0548,1.1786,0.5203
9594,-117.915,34.435,0.1171,0.0336,0.0669,0.0317,0.2698,0.0947,0.2435,0.1252,0.2613,0.0996,0.0598,0.0299,0.1085,0.0559,1.2387,0.5539
9595,-117.905,34.435,0.1182,0.0344,0.072,0.0349,0.2685,0.0949,0.2437,0.1245,0.2684,0.104,0.0616,0.0306,0.1103,0.0572,1.3073,0.6052
9596,-117.895,34.435,0.1135,0.033,0.069,0.0334,0.257,0.0902,0.2331,0.1169,0.2628,0.1019,0.0604,0.0294,0.1068,0.0551,1.2892,0.5761
9597,-117.885,34.435,0.0988,0.0279,0.0582,0.0271,0.235,0.0807,0.2117,0.1024,0.2349,0.088,0.0561,0.0264,0.0982,0.0496,1.2687,0.5529
9598,-117.875,34.435,0.0892,0.0247,0.0598,0.0281,0.2268,0.0777,0.203,0.0966,0.217,0.0794,0.0554,0.0256,0.0955,0.0481,1.2812,0.5586
9599,-117.865,34.435,0.0929,0.0262,0.0643,0.031,0.2224,0.0765,0.1979,0.0932,0.2288,0.0856,0.0557,0.0254,0.0946,0.0476,1.3658,0.6126
9600,-117.855,34.435,0.0968,0.0279,0.0707,0.0353,0.2228,0.0775,0.1974,0.0929,0.24,0.0921,0.0572,0.026,0.0955,0.0484,1.4332,0.6709
9601,-117.845,34.435,0.0998,0.0293,0.073,0.0369,0.2342,0.0843,0.2073,0.0997,0.247,0.0966,0.0623,0.0288,0.1018,0.0529,1.4687,0.7061
9602,-117.835,34.435,0.1144,0.0352,0.0712,0.0359,0.2565,0.0968,0.2277,0.1137,0.2777,0.1147,0.071,0.0337,0.1132,0.061,1.4685,0.7125
9603,-117.825,34.435,0.1118,0.0343,0.0676,0.0337,0.2515,0.0946,0.2236,0.1113,0.2704,0.1106,0.0717,0.0339,0.1119,0.0602,1.4335,0.6886
9604,-117.815,34.435,0.1112,0.0343,0.0649,0.032,0.2375,0.0879,0.2115,0.1037,0.2665,0.1089,0.0697,0.0325,0.1063,0.0565,1.4389,0.6887
9605,-117.805,34.435,0.1028,0.0313,0.068,0.0339,0.2067,0.0734,0.1843,0.0871,0.2449,0.0981,0.0623,0.0281,0.0929,0.0478,1.4115,0.6672
9606,-117.795,34.435,0.0852,0.0248,0.0678,0.0337,0.1928,0.0669,0.1725,0.08,0.2032,0.077,0.0603,0.0269,0.0873,0.0442,1.3694,0.6401
9607,-117.785,34.435,0.0909,0.0271,0.0641,0.0316,0.1957,0.0684,0.176,0.0825,0.2142,0.0827,0.0637,0.0287,0.0897,0.0459,1.323,0.6154
9608,-117.775,34.435,0.0808,0.0236,0.0625,0.0308,0.1793,0.0617,0.162,0.0748,0.1893,0.0712,0.0606,0.027,0.083,0.042,1.2717,0.5842
9609,-117.765,34.435,0.0785,0.023,0.0615,0.0302,0.1622,0.0545,0.1473,0.0666,0.1826,0.0683,0.0572,0.0251,0.0759,0.0377,1.2226,0.5549
9610,-117.755,34.435,0.0776,0.0228,0.0615,0.0303,0.1606,0.0538,0.1468,0.066,0.1794,0.067,0.059,0.0261,0.0759,0.0378,1.1906,0.5394
9611,-117.745,34.435,0.0797,0.0237,0.0622,0.0309,0.1774,0.0616,0.1636,0.0758,0.1828,0.069,0.0686,0.0317,0.0851,0.044,1.1844,0.547
9612,-117.735,34.435,0.1017,0.0327,0.0636,0.0319,0.2126,0.0778,0.1979,0.0958,0.2286,0.0934,0.0861,0.042,0.1035,0.0564,1.2178,0.597
9613,-117.725,34.435,0.1041,0.0338,0.0641,0.0323,0.228,0.0858,0.2142,0.1054,0.2328,0.0958,0.097,0.049,0.1127,0.0632,1.2213,0.6195
9614,-117.715,34.435,0.1144,0.0387,0.0651,0.0329,0.2362,0.0905,0.2239,0.1108,0.2514,0.1082,0.1049,0.0543,0.1183,0.0677,1.2176,0.6323
9615,-117.705,34.435,0.1091,0.0366,0.0686,0.0353,0.2293,0.0872,0.2189,0.1059,0.2402,0.1019,0.1053,0.0549,0.1158,0.0661,1.2113,0.6391
9616,-117.695,34.435,0.1068,0.036,0.0697,0.0361,0.2218,0.0835,0.2131,0.1008,0.235,0.0995,0.1049,0.055,0.1129,0.0642,1.2039,0.6415
9617,-117.685,34.435,0.1033,0.0347,0.0683,0.0354,0.2135,0.0795,0.2065,0.0954,0.2277,0.0958,0.1036,0.0546,0.1096,0.0619,1.1824,0.6384
9618,-117.675,34.435,0.1091,0.0378,0.0695,0.0365,0.2157,0.0813,0.2102,0.0971,0.2386,0.1034,0.1075,0.0581,0.1123,0.0642,1.1605,0.6413
9619,-117.665,34.435,0.1065,0.037,0.0707,0.0374,0.2181,0.0831,0.2139,0.099,0.2337,0.1011,0.1111,0.0616,0.1151,0.0665,1.138,0.6382
9620,-117.655,34.435,0.1023,0.0354,0.0686,0.0362,0.2108,0.0798,0.2074,0.0951,0.2263,0.0972,0.1086,0.0608,0.1123,0.0647,1.1135,0.6154
9621,-118.945,34.445,0.0664,0.0271,0.0646,0.0351,0.2218,0.0983,0.4112,0.2021,0.1096,0.0435,0.0225,0.0273,0.2386,0.1097,0.2571,0.1119
9622,-118.935,34.445,0.0714,0.0294,0.0669,0.0365,0.2376,0.1076,0.4417,0.2226,0.1168,0.0471,0.0238,0.0291,0.2495,0.117,0.2698,0.1197
9623,-118.925,34.445,0.0837,0.0358,0.0673,0.0366,0.2479,0.1136,0.4627,0.2361,0.1343,0.0567,0.0244,0.0298,0.2542,0.1204,0.2876,0.1313
9624,-118.915,34.445,0.0762,0.0314,0.0676,0.0366,0.2566,0.1186,0.4811,0.2477,0.1228,0.0497,0.0249,0.0302,0.2572,0.1227,0.2868,0.1291
9625,-118.905,34.445,0.0785,0.0323,0.069,0.0375,0.2633,0.1226,0.4959,0.2566,0.1254,0.0508,0.0254,0.0302,0.2582,0.1236,0.2899,0.13
9626,-118.895,34.445,0.0795,0.0325,0.0697,0.0378,0.2688,0.1258,0.5087,0.2637,0.126,0.0508,0.0258,0.0301,0.2581,0.1238,0.2934,0.1313
9627,-118.885,34.445,0.0805,0.0327,0.0695,0.0376,0.273,0.1282,0.5195,0.2688,0.1265,0.0507,0.0261,0.0298,0.2568,0.1232,0.2953,0.1314
9628,-118.875,34.445,0.0815,0.0329,0.0693,0.0373,0.2771,0.1307,0.5301,0.2737,0.1268,0.0505,0.0267,0.0297,0.2555,0.1225,0.297,0.1313
9629,-118.865,34.445,0.0824,0.0331,0.0691,0.037,0.2812,0.1331,0.5407,0.2785,0.1271,0.0502,0.0273,0.0297,0.2541,0.1218,0.2985,0.1311
9630,-118.855,34.445,0.0832,0.0332,0.0688,0.0368,0.2852,0.1356,0.5512,0.2832,0.1272,0.05,0.028,0.0298,0.2527,0.1211,0.2999,0.1309
9631,-118.845,34.445,0.0841,0.0333,0.0685,0.0365,0.2891,0.1382,0.5618,0.2879,0.1273,0.0496,0.0287,0.03,0.2513,0.1204,0.3012,0.1305
9632,-118.835,34.445,0.0849,0.0335,0.0682,0.0362,0.2929,0.1409,0.5726,0.2927,0.1274,0.0493,0.0295,0.0302,0.2498,0.1197,0.3023,0.13
9633,-118.825,34.445,0.0857,0.0336,0.068,0.036,0.2966,0.1438,0.5838,0.2978,0.1273,0.0489,0.0304,0.0305,0.2483,0.1189,0.3033,0.1294
9634,-118.815,34.445,0.0865,0.0337,0.0677,0.0358,0.3003,0.1468,0.5952,0.303,0.1271,0.0484,0.0313,0.0308,0.2467,0.1181,0.304,0.1288
9635,-118.805,34.445,0.0872,0.0337,0.0676,0.0356,0.3037,0.1499,0.6069,0.3087,0.1269,0.0479,0.0323,0.0311,0.245,0.1173,0.3045,0.1279
9636,-118.795,34.445,0.0878,0.0337,0.0676,0.0354,0.3071,0.1532,0.6192,0.3147,0.1265,0.0474,0.0333,0.0314,0.2433,0.1165,0.3049,0.127
9637,-118.785,34.445,0.0883,0.0337,0.0677,0.0354,0.3103,0.1567,0.6318,0.3212,0.1261,0.0468,0.0343,0.0318,0.2416,0.1156,0.305,0.126
9638,-118.775,34.445,0.0886,0.0335,0.0679,0.0353,0.3137,0.1605,0.6455,0.3286,0.1256,0.0462,0.0354,0.0322,0.2397,0.1146,0.3056,0.1252
9639,-118.765,34.445,0.0892,0.0335,0.0683,0.0355,0.3182,0.165,0.6607,0.3376,0.1258,0.046,0.0367,0.0327,0.2382,0.1139,0.3074,0.1254
9640,-118.755,34.445,0.0911,0.0342,0.0696,0.0361,0.3282,0.1727,0.6824,0.3535,0.1285,0.047,0.0386,0.034,0.239,0.1149,0.3117,0.1272
9641,-118.745,34.445,0.0904,0.0335,0.0704,0.0364,0.3406,0.1793,0.7048,0.3694,0.129,0.047,0.0403,0.035,0.238,0.1147,0.3154,0.1285
9642,-118.735,34.445,0.0906,0.0333,0.0707,0.0364,0.3555,0.1849,0.728,0.3853,0.1315,0.048,0.0417,0.036,0.2353,0.1131,0.3225,0.1319
9643,-118.725,34.445,0.0915,0.0334,0.0718,0.0369,0.3772,0.1938,0.7578,0.4093,0.1354,0.0498,0.0439,0.0376,0.2346,0.113,0.3313,0.1366
9644,-118.715,34.445,0.0923,0.0336,0.0729,0.0375,0.4008,0.2036,0.7891,0.4356,0.1395,0.0517,0.0463,0.0394,0.2344,0.1133,0.3409,0.142
9645,-118.705,34.445,0.0932,0.0336,0.0741,0.0381,0.4261,0.214,0.8208,0.4644,0.1437,0.0536,0.0489,0.0414,0.234,0.1135,0.3508,0.1476
9646,-118.695,34.445,0.094,0.0337,0.075,0.0384,0.4462,0.2196,0.8462,0.4843,0.1479,0.0556,0.0505,0.0424,0.2298,0.1109,0.359,0.1519
9647,-118.685,34.445,0.0914,0.0322,0.0756,0.0386,0.461,0.2204,0.8653,0.4951,0.1472,0.055,0.0512,0.0423,0.2218,0.1057,0.3648,0.1544
9648,-118.675,34.445,0.0912,0.0319,0.0763,0.0389,0.4848,0.2282,0.8912,0.5206,0.1502,0.0563,0.0529,0.0434,0.2186,0.1039,0.3693,0.156
9649,-118.665,34.445,0.092,0.032,0.0772,0.0393,0.511,0.2377,0.9187,0.5498,0.1546,0.0584,0.0546,0.0445,0.2165,0.1029,0.3791,0.1617
9650,-118.655,34.445,0.0928,0.0321,0.0792,0.0404,0.5396,0.2482,0.9479,0.5819,0.1593,0.0607,0.0547,0.0447,0.2146,0.102,0.389,0.1674
9651,-118.645,34.445,0.0931,0.0319,0.0792,0.0401,0.5715,0.2613,0.9755,0.6182,0.1633,0.0626,0.0547,0.0449,0.2137,0.1018,0.3968,0.1716
9652,-118.635,34.445,0.0919,0.031,0.0771,0.0386,0.6066,0.277,1.0017,0.6585,0.165,0.0633,0.0544,0.0451,0.2139,0.1023,0.4061,0.177
9653,-118.625,34.445,0.0978,0.0333,0.0812,0.041,0.6648,0.3175,1.0269,0.7435,0.1779,0.0703,0.058,0.0493,0.2257,0.1114,0.4266,0.1918
9654,-118.615,34.445,0.1032,0.0354,0.0853,0.0435,0.7191,0.3538,1.0468,0.8183,0.1904,0.0773,0.0608,0.0526,0.235,0.1187,0.4446,0.2052
9655,-118.605,34.445,0.1,0.0336,0.0834,0.0421,0.7316,0.3448,1.0414,0.7983,0.1891,0.0764,0.0562,0.0477,0.2203,0.1085,0.4511,0.2082
9656,-118.595,34.445,0.0934,0.0303,0.0828,0.0415,0.7578,0.3497,1.0371,0.7976,0.1818,0.0719,0.054,0.0452,0.2125,0.1034,0.4529,0.2068
9657,-118.585,34.445,0.0954,0.0308,0.0835,0.0418,0.798,0.3685,1.0339,0.8163,0.1889,0.0758,0.0543,0.0451,0.2118,0.1033,0.4611,0.2113
9658,-118.575,34.445,0.0943,0.03,0.0826,0.041,0.8395,0.3871,1.0376,0.7839,0.187,0.0742,0.0556,0.0451,0.2101,0.1025,0.4638,0.2114
9659,-118.565,34.445,0.098,0.0312,0.0817,0.0403,0.8824,0.4062,1.0429,0.7388,0.1916,0.0763,0.0572,0.0451,0.2083,0.1016,0.4723,0.2169
9660,-118.555,34.445,0.1059,0.0341,0.0825,0.0406,0.9312,0.427,1.0495,0.683,0.2026,0.0822,0.0597,0.0453,0.2066,0.1007,0.4755,0.2177
9661,-118.545,34.445,0.0974,0.03,0.0843,0.0417,0.985,0.4588,1.0536,0.6466,0.1859,0.0718,0.0637,0.0462,0.2078,0.102,0.466,0.2071
9662,-118.535,34.445,0.1045,0.0325,0.0872,0.0434,1.0438,0.5016,1.0554,0.6295,0.1944,0.076,0.0691,0.0479,0.2119,0.1054,0.4741,0.2123
9663,-118.525,34.445,0.0994,0.03,0.0883,0.044,1.098,0.526,1.0538,0.6009,0.1825,0.0689,0.0688,0.0481,0.2084,0.1033,0.4774,0.2133
9664,-118.515,34.445,0.112,0.0345,0.0883,0.0439,1.1558,0.5524,1.0514,0.5752,0.1983,0.0771,0.0678,0.0486,0.2046,0.1011,0.481,0.2145
9665,-118.505,34.445,0.1132,0.0345,0.0844,0.0414,1.2355,0.6073,1.0486,0.5751,0.1956,0.0752,0.0696,0.0518,0.2072,0.1035,0.4853,0.2164
9666,-118.495,34.445,0.1107,0.0328,0.0821,0.0399,1.3156,0.6336,1.0317,0.5494,0.1874,0.0703,0.068,0.0514,0.2009,0.0995,0.4797,0.2092
9667,-118.485,34.445,0.109,0.0314,0.0815,0.0394,1.3961,0.6313,1.0005,0.498,0.1821,0.0669,0.0631,0.0474,0.1858,0.0892,0.4791,0.2063
9668,-118.475,34.445,0.1097,0.0309,0.0788,0.0377,1.4717,0.6455,0.9663,0.467,0.1813,0.0661,0.0619,0.0457,0.1775,0.084,0.477,0.2025
9669,-118.465,34.445,0.1067,0.0291,0.0761,0.036,1.5394,0.6617,0.9323,0.4419,0.175,0.0627,0.0616,0.0446,0.1713,0.0803,0.4735,0.1977
9670,-118.455,34.445,0.108,0.0288,0.075,0.0353,1.5739,0.6716,0.9022,0.425,0.1751,0.0625,0.0626,0.0441,0.168,0.0786,0.4739,0.1967
9671,-118.445,34.445,0.1071,0.0277,0.0743,0.0348,1.5913,0.6838,0.8783,0.4157,0.1719,0.0607,0.0645,0.0444,0.167,0.0784,0.4787,0.1987
9672,-118.435,34.445,0.1097,0.0279,0.074,0.0346,1.5917,0.6981,0.8606,0.414,0.1737,0.0613,0.0674,0.0455,0.1683,0.0796,0.4935,0.2076
9673,-118.425,34.445,0.1241,0.032,0.0734,0.0342,1.5757,0.6884,0.8328,0.4003,0.192,0.0706,0.0686,0.0452,0.1668,0.079,0.509,0.2171
9674,-118.415,34.445,0.1118,0.0271,0.0725,0.0337,1.5524,0.6715,0.8012,0.3831,0.1748,0.0617,0.069,0.0444,0.1644,0.0777,0.5083,0.2151
9675,-118.405,34.445,0.1112,0.0262,0.0705,0.0325,1.5098,0.643,0.7605,0.3607,0.1745,0.0617,0.0675,0.0425,0.1595,0.075,0.5117,0.216
9676,-118.395,34.445,0.1211,0.0285,0.0692,0.0317,1.4887,0.6475,0.7429,0.3596,0.1893,0.0696,0.0698,0.0434,0.162,0.077,0.5303,0.2284
9677,-118.385,34.445,0.1198,0.0273,0.0687,0.0314,1.489,0.6851,0.7484,0.3798,0.188,0.0689,0.076,0.0471,0.1718,0.0838,0.5487,0.2402
9678,-118.375,34.445,0.119,0.0263,0.0697,0.032,1.4347,0.6393,0.7055,0.3532,0.1875,0.0686,0.0745,0.0444,0.1643,0.0792,0.5509,0.2391
9679,-118.365,34.445,0.1203,0.026,0.0703,0.0324,1.3723,0.5808,0.6563,0.3201,0.1907,0.0703,0.0718,0.0408,0.1543,0.0731,0.5563,0.2412
9680,-118.355,34.445,0.1214,0.0257,0.0673,0.0306,1.3242,0.5437,0.6245,0.3019,0.1937,0.0719,0.0716,0.0391,0.1496,0.0703,0.5511,0.2358
9681,-118.345,34.445,0.1167,0.0238,0.0665,0.0302,1.2511,0.4964,0.584,0.2788,0.1881,0.069,0.0701,0.0367,0.1426,0.0663,0.542,0.228
9682,-118.335,34.445,0.1206,0.0244,0.0679,0.031,1.1531,0.4389,0.5346,0.2509,0.1953,0.0727,0.0674,0.0335,0.1334,0.0611,0.5331,0.2212
9683,-118.325,34.445,0.1111,0.0216,0.061,0.0271,1.0958,0.4095,0.5093,0.2386,0.1817,0.066,0.0674,0.0323,0.1299,0.0593,0.5237,0.2151
9684,-118.315,34.445,0.1044,0.0198,0.0536,0.0231,1.0479,0.3863,0.4894,0.2297,0.1718,0.0617,0.0681,0.0315,0.1278,0.0582,0.5171,0.211
9685,-118.305,34.445,0.1036,0.0195,0.0524,0.0224,1.0052,0.3654,0.4721,0.2216,0.1715,0.0617,0.0688,0.0308,0.1259,0.0574,0.5135,0.2083
9686,-118.295,34.445,0.0982,0.0183,0.0515,0.022,0.9226,0.3253,0.4343,0.2006,0.1636,0.0581,0.0658,0.0281,0.1178,0.0529,0.5116,0.2062
9687,-118.285,34.445,0.0939,0.0174,0.0511,0.0218,0.8003,0.266,0.376,0.1667,0.1564,0.0548,0.059,0.0235,0.1034,0.0449,0.5073,0.203
9688,-118.275,34.445,0.1057,0.0203,0.0535,0.0231,0.817,0.2761,0.3912,0.178,0.1738,0.0627,0.0653,0.0255,0.1111,0.0495,0.5424,0.2215
9689,-118.265,34.445,0.1167,0.0233,0.0565,0.0248,0.8491,0.2939,0.4139,0.1938,0.1894,0.0698,0.0729,0.0281,0.121,0.0553,0.5792,0.2409
9690,-118.255,34.445,0.126,0.026,0.0602,0.0269,0.8169,0.2796,0.4004,0.1869,0.2018,0.0757,0.074,0.0273,0.1197,0.0548,0.6117,0.2581
9691,-118.245,34.445,0.1291,0.0272,0.0626,0.0283,0.7882,0.2668,0.3878,0.1805,0.2042,0.0768,0.0751,0.0265,0.1186,0.0543,0.6407,0.2741
9692,-118.235,34.445,0.1312,0.0281,0.0637,0.0291,0.7627,0.2555,0.376,0.1745,0.2054,0.0773,0.0764,0.0258,0.1176,0.0539,0.6336,0.2669
9693,-118.225,34.445,0.119,0.0251,0.0636,0.0292,0.6897,0.2239,0.3391,0.1534,0.1855,0.0672,0.0712,0.0228,0.1075,0.0484,0.6227,0.2593
9694,-118.215,34.445,0.1235,0.027,0.0632,0.0291,0.6358,0.2023,0.3142,0.14,0.1903,0.0706,0.069,0.021,0.1018,0.0454,0.6316,0.2646
9695,-118.205,34.445,0.1339,0.0302,0.0622,0.0285,0.722,0.2494,0.3729,0.179,0.2046,0.0772,0.0876,0.0276,0.1261,0.0601,0.6836,0.2956
9696,-118.195,34.445,0.1228,0.0273,0.0572,0.0257,0.6869,0.2372,0.3599,0.1724,0.1884,0.0688,0.0865,0.027,0.1237,0.0589,0.672,0.2838
9697,-118.185,34.445,0.0966,0.0203,0.0484,0.0208,0.5304,0.1655,0.2751,0.1205,0.1503,0.0509,0.0657,0.0194,0.0946,0.0419,0.6149,0.2507
9698,-118.175,34.445,0.0917,0.0192,0.0458,0.0193,0.4797,0.146,0.2518,0.1074,0.1442,0.0481,0.0606,0.0178,0.0877,0.038,0.5715,0.2264
9699,-118.165,34.445,0.0927,0.0196,0.046,0.0193,0.4641,0.1428,0.2491,0.1068,0.1477,0.0493,0.0607,0.0183,0.0883,0.0386,0.587,0.2338
9700,-118.155,34.445,0.1065,0.0236,0.0533,0.0232,0.514,0.1667,0.2852,0.1279,0.1716,0.0594,0.0704,0.0225,0.1029,0.0469,0.6741,0.2789
9701,-118.145,34.445,0.1244,0.029,0.0544,0.0238,0.5141,0.1695,0.2931,0.1331,0.2018,0.0732,0.0728,0.0237,0.107,0.0494,0.7361,0.3121
9702,-118.135,34.445,0.1097,0.0249,0.0493,0.021,0.4641,0.1511,0.2729,0.1225,0.1814,0.0633,0.0677,0.0221,0.1006,0.0458,0.736,0.311
9703,-118.125,34.445,0.0894,0.0194,0.0472,0.0198,0.4311,0.14,0.2619,0.1174,0.1507,0.0497,0.0647,0.0213,0.0973,0.0442,0.6896,0.2836
9704,-118.115,34.445,0.0988,0.0223,0.0466,0.0195,0.4108,0.1348,0.259,0.1175,0.1692,0.0577,0.0638,0.0215,0.0973,0.0445,0.7268,0.3023
9705,-118.105,34.445,0.1163,0.0278,0.0505,0.0215,0.436,0.1515,0.2863,0.1377,0.2015,0.0727,0.0715,0.0255,0.1099,0.0525,0.7749,0.3276
9706,-118.095,34.445,0.113,0.0269,0.0512,0.0218,0.4049,0.1403,0.2724,0.1312,0.2006,0.0715,0.0677,0.0244,0.1053,0.0501,0.7745,0.3253
9707,-118.085,34.445,0.0951,0.0218,0.0486,0.0205,0.3175,0.1013,0.2171,0.0978,0.1735,0.059,0.0522,0.0182,0.0834,0.0371,0.7402,0.3037
9708,-118.075,34.445,0.0973,0.0227,0.0459,0.0191,0.3001,0.0944,0.21,0.0945,0.1813,0.0623,0.0495,0.0177,0.0808,0.0358,0.7357,0.2994
9709,-118.065,34.445,0.0852,0.0194,0.0436,0.0179,0.2942,0.093,0.2106,0.0963,0.1621,0.054,0.0491,0.0182,0.0815,0.0363,0.7234,0.2912
9710,-118.055,34.445,0.0836,0.0191,0.0433,0.0178,0.275,0.0861,0.2013,0.0924,0.162,0.0539,0.0465,0.0175,0.0784,0.0347,0.7227,0.2889
9711,-118.045,34.445,0.0826,0.0191,0.0431,0.0177,0.2608,0.0812,0.1953,0.0905,0.1629,0.0542,0.0447,0.0173,0.0765,0.0337,0.7321,0.2917
9712,-118.035,34.445,0.0816,0.019,0.0431,0.0177,0.2515,0.0782,0.1927,0.0906,0.1632,0.0543,0.0437,0.0173,0.0758,0.0335,0.7464,0.2968
9713,-118.025,34.445,0.0806,0.0189,0.0431,0.0178,0.2429,0.0754,0.19,0.0906,0.1632,0.0541,0.0428,0.0174,0.0752,0.0333,0.7609,0.3017
9714,-118.015,34.445,0.0795,0.0188,0.0431,0.0178,0.2344,0.0726,0.1872,0.0905,0.1625,0.0537,0.0419,0.0174,0.0746,0.0331,0.7753,0.3064
9715,-118.005,34.445,0.0785,0.0186,0.0431,0.0178,0.2266,0.07,0.1844,0.0902,0.1614,0.0531,0.0411,0.0174,0.0739,0.0329,0.7895,0.3108
9716,-117.995,34.445,0.0774,0.0185,0.0431,0.0179,0.219,0.0676,0.1814,0.0895,0.1597,0.0522,0.0403,0.0174,0.0733,0.0326,0.8035,0.3147
9717,-117.985,34.445,0.0764,0.0184,0.0431,0.0179,0.2118,0.0652,0.1783,0.0884,0.1577,0.0512,0.0395,0.0173,0.0727,0.0324,0.8171,0.3181
9718,-117.975,34.445,0.0753,0.0182,0.0456,0.0194,0.2214,0.0695,0.1892,0.0958,0.1552,0.05,0.042,0.0191,0.0781,0.0357,0.8748,0.3434
9719,-117.965,34.445,0.0848,0.0215,0.0493,0.0214,0.2362,0.0761,0.2045,0.1061,0.1736,0.0576,0.0457,0.0215,0.0857,0.0402,0.9716,0.3943
9720,-117.955,34.445,0.1005,0.0269,0.0557,0.025,0.259,0.0875,0.2274,0.1223,0.2049,0.0715,0.0518,0.0255,0.0972,0.0477,1.0972,0.4673
9721,-117.945,34.445,0.1122,0.0312,0.0627,0.029,0.2714,0.0936,0.2404,0.1302,0.2326,0.0847,0.0559,0.0279,0.1043,0.0523,1.206,0.5327
9722,-117.935,34.445,0.1145,0.0323,0.0701,0.0336,0.2731,0.0943,0.2435,0.1297,0.2431,0.0902,0.0579,0.0288,0.107,0.0539,1.264,0.566
9723,-117.925,34.445,0.099,0.0273,0.068,0.0324,0.2399,0.0809,0.2147,0.11,0.2166,0.0786,0.052,0.0251,0.0953,0.0471,1.2622,0.5613
9724,-117.915,34.445,0.0957,0.0264,0.0658,0.0313,0.2097,0.0688,0.1885,0.0921,0.2142,0.0782,0.0469,0.0218,0.0849,0.041,1.2451,0.5479
9725,-117.905,34.445,0.1043,0.0297,0.0726,0.0357,0.2295,0.0774,0.207,0.1024,0.2373,0.0902,0.0531,0.025,0.0949,0.0471,1.3414,0.6115
9726,-117.895,34.445,0.0907,0.025,0.0698,0.0342,0.2279,0.0771,0.2054,0.1005,0.212,0.0777,0.054,0.0251,0.0955,0.0475,1.3178,0.5773
9727,-117.885,34.445,0.0762,0.0201,0.0571,0.0268,0.2051,0.0678,0.1838,0.0865,0.1834,0.0642,0.0495,0.0222,0.0867,0.0421,1.3165,0.5699
9728,-117.875,34.445,0.0908,0.0258,0.0586,0.0277,0.227,0.0789,0.2027,0.0983,0.2196,0.0837,0.0569,0.0261,0.0979,0.0496,1.3533,0.5989
9729,-117.865,34.445,0.1016,0.0297,0.0634,0.0308,0.2517,0.0912,0.2241,0.1116,0.2499,0.0983,0.065,0.0303,0.1102,0.0577,1.4244,0.654
9730,-117.855,34.445,0.1104,0.0334,0.0706,0.0357,0.245,0.0886,0.2169,0.1064,0.2732,0.1118,0.0645,0.0296,0.1079,0.0564,1.4425,0.6744
9731,-117.845,34.445,0.1112,0.034,0.074,0.0381,0.2348,0.0846,0.2072,0.1002,0.2752,0.1138,0.0632,0.0286,0.104,0.054,1.4367,0.6807
9732,-117.835,34.445,0.105,0.0318,0.0739,0.038,0.221,0.0791,0.195,0.0931,0.2583,0.1054,0.061,0.0273,0.0984,0.0506,1.4102,0.6726
9733,-117.825,34.445,0.1002,0.0302,0.0723,0.0368,0.2159,0.0771,0.1909,0.0907,0.245,0.0984,0.0615,0.0275,0.0969,0.0498,1.3687,0.6516
9734,-117.815,34.445,0.0998,0.0302,0.071,0.0359,0.2143,0.0767,0.19,0.0903,0.2418,0.0968,0.0632,0.0283,0.0971,0.05,1.3773,0.6601
9735,-117.805,34.445,0.1019,0.0312,0.0726,0.0369,0.2205,0.0802,0.1964,0.095,0.2433,0.0985,0.0678,0.0308,0.1014,0.0532,1.3786,0.6698
9736,-117.795,34.445,0.1095,0.0344,0.0732,0.0373,0.2233,0.082,0.1998,0.0976,0.258,0.1068,0.0714,0.0328,0.104,0.0551,1.3691,0.6751
9737,-117.785,34.445,0.1095,0.0346,0.0727,0.0371,0.2228,0.0821,0.2003,0.0981,0.2553,0.106,0.074,0.0343,0.1048,0.0559,1.3469,0.6722
9738,-117.775,34.445,0.1092,0.0347,0.0725,0.037,0.222,0.0827,0.2007,0.0994,0.2524,0.1049,0.0771,0.0362,0.1059,0.0572,1.3125,0.6566
9739,-117.765,34.445,0.1113,0.0359,0.0724,0.037,0.2202,0.0829,0.2004,0.1,0.2542,0.107,0.0799,0.038,0.1066,0.0582,1.2763,0.6393
9740,-117.755,34.445,0.108,0.0349,0.0722,0.0371,0.2143,0.08,0.1961,0.0967,0.2457,0.1027,0.0806,0.0384,0.1046,0.0569,1.2484,0.6259
9741,-117.745,34.445,0.107,0.0347,0.0732,0.0378,0.2161,0.0807,0.1989,0.0978,0.2422,0.1011,0.0846,0.0408,0.1064,0.0582,1.2343,0.6248
9742,-117.735,34.445,0.1117,0.037,0.0753,0.0394,0.2254,0.085,0.2089,0.1033,0.2496,0.1065,0.0918,0.0452,0.112,0.0622,1.2431,0.6588
9743,-117.725,34.445,0.1064,0.035,0.0743,0.0388,0.2278,0.0865,0.2127,0.1049,0.238,0.1,0.0965,0.0483,0.1145,0.0641,1.224,0.6655
9744,-117.715,34.445,0.1091,0.0365,0.0728,0.038,0.228,0.0871,0.2145,0.1053,0.2419,0.1032,0.1004,0.051,0.1158,0.0654,1.2002,0.6643
9745,-117.705,34.445,0.1082,0.0365,0.0719,0.0376,0.2247,0.0857,0.2128,0.1032,0.2391,0.1022,0.1022,0.0526,0.1153,0.0653,1.1758,0.6559
9746,-117.695,34.445,0.1049,0.0353,0.0709,0.0371,0.2218,0.0846,0.2114,0.1015,0.2321,0.0986,0.104,0.0543,0.115,0.0653,1.1504,0.6349
9747,-117.685,34.445,0.1043,0.0354,0.0696,0.0365,0.2192,0.0838,0.2103,0.1001,0.2304,0.0983,0.1058,0.056,0.1149,0.0655,1.1271,0.6257
9748,-117.675,34.445,0.1068,0.0369,0.0704,0.0372,0.2175,0.0834,0.21,0.0995,0.2349,0.102,0.1075,0.058,0.1153,0.0661,1.1048,0.6196
9749,-117.665,34.445,0.104,0.036,0.0711,0.0379,0.2153,0.0828,0.209,0.0986,0.2295,0.0993,0.1086,0.0597,0.1154,0.0664,1.0829,0.6097
9750,-117.655,34.445,0.1008,0.0349,0.0694,0.037,0.2094,0.0803,0.204,0.0957,0.2235,0.0963,0.1072,0.0597,0.1134,0.0652,1.0609,0.5894
9751,-118.945,34.455,0.0582,0.0229,0.0574,0.0304,0.2066,0.0887,0.381,0.1802,0.0962,0.0368,0.0212,0.0243,0.2289,0.1021,0.239,0.0994
9752,-118.935,34.455,0.0614,0.0244,0.058,0.0307,0.2196,0.0959,0.4067,0.1962,0.1007,0.0388,0.0222,0.0257,0.2374,0.1076,0.2481,0.1043
9753,-118.925,34.455,0.066,0.0265,0.0605,0.0322,0.2317,0.1032,0.43,0.2118,0.1071,0.042,0.0232,0.0269,0.2442,0.1125,0.2624,0.1125
9754,-118.915,34.455,0.0718,0.0292,0.0636,0.0341,0.2438,0.1105,0.4533,0.2276,0.1152,0.0458,0.0242,0.0281,0.2509,0.1175,0.276,0.1205
9755,-118.905,34.455,0.0769,0.0315,0.067,0.0363,0.2575,0.1187,0.479,0.2447,0.1219,0.0491,0.0255,0.0294,0.259,0.1232,0.2859,0.1262
9756,-118.895,34.455,0.0779,0.0318,0.0686,0.0373,0.2664,0.1241,0.4972,0.2559,0.1227,0.0492,0.0263,0.03,0.2624,0.1257,0.292,0.1293
9757,-118.885,34.455,0.0789,0.032,0.0685,0.0371,0.2706,0.1265,0.508,0.2612,0.1232,0.0492,0.0267,0.0298,0.2611,0.1251,0.2946,0.1299
9758,-118.875,34.455,0.0799,0.0322,0.0683,0.0369,0.2748,0.129,0.5188,0.2662,0.1237,0.0491,0.0272,0.0297,0.2597,0.1244,0.297,0.1303
9759,-118.865,34.455,0.0808,0.0323,0.0681,0.0366,0.2789,0.1315,0.5296,0.2712,0.124,0.0489,0.0277,0.0297,0.2583,0.1236,0.2991,0.1305
9760,-118.855,34.455,0.0817,0.0325,0.0679,0.0364,0.2829,0.1341,0.5403,0.2761,0.1242,0.0487,0.0284,0.0298,0.2569,0.123,0.301,0.1305
9761,-118.845,34.455,0.0825,0.0326,0.0677,0.0362,0.2867,0.1368,0.5512,0.281,0.1243,0.0484,0.029,0.0299,0.2554,0.1222,0.3027,0.1304
9762,-118.835,34.455,0.0833,0.0327,0.0675,0.0359,0.2905,0.1395,0.5622,0.2859,0.1244,0.048,0.0298,0.0301,0.2538,0.1215,0.3041,0.1301
9763,-118.825,34.455,0.0841,0.0328,0.0674,0.0357,0.2941,0.1424,0.5736,0.291,0.1243,0.0476,0.0306,0.0303,0.2522,0.1207,0.3053,0.1297
9764,-118.815,34.455,0.0848,0.0329,0.0672,0.0356,0.2976,0.1454,0.5851,0.2963,0.124,0.0472,0.0314,0.0305,0.2506,0.1199,0.3063,0.129
9765,-118.805,34.455,0.0854,0.0329,0.0672,0.0354,0.3008,0.1486,0.597,0.3018,0.1237,0.0466,0.0323,0.0308,0.2489,0.119,0.3069,0.1282
9766,-118.795,34.455,0.086,0.0329,0.0672,0.0353,0.3037,0.1518,0.6091,0.3074,0.1232,0.046,0.0332,0.0311,0.2471,0.1181,0.3072,0.1272
9767,-118.785,34.455,0.0864,0.0328,0.0672,0.0352,0.3063,0.1552,0.6215,0.3133,0.1226,0.0454,0.0342,0.0314,0.2452,0.1171,0.3071,0.126
9768,-118.775,34.455,0.0867,0.0327,0.0673,0.0351,0.3085,0.1587,0.6344,0.3195,0.1217,0.0446,0.0352,0.0316,0.2431,0.116,0.3068,0.1246
9769,-118.765,34.455,0.0868,0.0324,0.0677,0.0352,0.3119,0.1631,0.649,0.3274,0.1206,0.0437,0.0365,0.0321,0.2416,0.1154,0.3073,0.1239
9770,-118.755,34.455,0.0878,0.0327,0.069,0.0359,0.3218,0.1716,0.6716,0.3439,0.1214,0.0438,0.0385,0.0336,0.2435,0.1172,0.31,0.1247
9771,-118.745,34.455,0.0886,0.0327,0.0698,0.0362,0.334,0.1781,0.6941,0.3589,0.1241,0.0449,0.0401,0.0346,0.2425,0.1169,0.3167,0.1278
9772,-118.735,34.455,0.0887,0.0325,0.0699,0.0361,0.3485,0.1826,0.7164,0.3724,0.1271,0.0462,0.0412,0.0352,0.2387,0.1146,0.3255,0.1323
9773,-118.725,34.455,0.0897,0.0327,0.0708,0.0365,0.3708,0.1912,0.7467,0.3952,0.1315,0.0482,0.0432,0.0367,0.2377,0.1143,0.3355,0.1377
9774,-118.715,34.455,0.0906,0.0328,0.072,0.0371,0.3951,0.2008,0.7787,0.4203,0.1358,0.0502,0.0454,0.0385,0.2374,0.1145,0.3462,0.1437
9775,-118.705,34.455,0.0914,0.0329,0.0731,0.0376,0.4207,0.2109,0.8106,0.447,0.1399,0.0522,0.0477,0.0403,0.2369,0.1146,0.357,0.1498
9776,-118.695,34.455,0.0921,0.033,0.074,0.038,0.4403,0.2157,0.8358,0.4637,0.1441,0.0541,0.0489,0.0409,0.2323,0.1118,0.3653,0.154
9777,-118.685,34.455,0.0896,0.0316,0.0746,0.0382,0.4539,0.2152,0.8543,0.4701,0.1438,0.0538,0.049,0.0403,0.2236,0.1061,0.3687,0.1545
9778,-118.675,34.455,0.0837,0.0286,0.0723,0.0366,0.4771,0.2221,0.88,0.4917,0.1383,0.0507,0.0501,0.041,0.2204,0.1043,0.369,0.1528
9779,-118.665,34.455,0.0843,0.0286,0.0708,0.0354,0.5021,0.2305,0.9067,0.5162,0.1424,0.0526,0.0513,0.0419,0.218,0.1032,0.3794,0.1586
9780,-118.655,34.455,0.0896,0.0307,0.0758,0.0384,0.5269,0.238,0.9311,0.5394,0.1537,0.0584,0.0515,0.0419,0.2146,0.1012,0.3928,0.1668
9781,-118.645,34.455,0.0895,0.0304,0.0768,0.0389,0.5566,0.2494,0.9561,0.5693,0.1571,0.06,0.0518,0.0424,0.2134,0.1008,0.4035,0.173
9782,-118.635,34.455,0.0879,0.0294,0.074,0.0369,0.5913,0.2648,0.9819,0.6059,0.1579,0.0602,0.0524,0.0433,0.2143,0.1018,0.413,0.1783
9783,-118.625,34.455,0.0878,0.0291,0.0772,0.0387,0.6448,0.2994,1.0065,0.6737,0.161,0.0617,0.0558,0.047,0.2244,0.1096,0.4285,0.1886
9784,-118.615,34.455,0.0982,0.0333,0.0806,0.0408,0.6935,0.3288,1.0251,0.7287,0.1811,0.0728,0.0583,0.0498,0.2314,0.1152,0.453,0.2075
9785,-118.605,34.455,0.0974,0.0325,0.0796,0.0399,0.7005,0.3138,1.0161,0.6899,0.1826,0.0735,0.0535,0.0445,0.2146,0.1035,0.4578,0.2089
9786,-118.595,34.455,0.0889,0.0285,0.0785,0.039,0.7221,0.3136,1.0097,0.6709,0.1712,0.0667,0.0512,0.0417,0.2052,0.0973,0.4526,0.2011
9787,-118.585,34.455,0.089,0.0282,0.0772,0.038,0.7583,0.3281,1.006,0.6717,0.173,0.0675,0.0514,0.0415,0.2034,0.0964,0.4555,0.2011
9788,-118.575,34.455,0.0899,0.0282,0.0771,0.0378,0.7965,0.3432,1.0032,0.6489,0.1746,0.068,0.0525,0.0415,0.2015,0.0956,0.4605,0.2031
9789,-118.565,34.455,0.0932,0.0291,0.078,0.0382,0.8393,0.3635,1.0026,0.6256,0.1787,0.0698,0.0545,0.0423,0.2015,0.0961,0.4741,0.213
9790,-118.555,34.455,0.1016,0.0322,0.0827,0.0411,0.902,0.4082,1.0118,0.6237,0.1907,0.0761,0.0604,0.0463,0.211,0.1032,0.4848,0.2202
9791,-118.545,34.455,0.0988,0.0305,0.0844,0.0421,0.9548,0.4397,1.012,0.6039,0.1834,0.0714,0.064,0.0481,0.2139,0.1057,0.4835,0.217
9792,-118.535,34.455,0.1018,0.0313,0.0832,0.0411,0.9978,0.4579,1.0032,0.5664,0.1854,0.072,0.0653,0.0476,0.2101,0.1034,0.4846,0.2158
9793,-118.525,34.455,0.0991,0.0297,0.082,0.0403,1.044,0.477,0.9946,0.5393,0.1777,0.0672,0.0654,0.0474,0.2059,0.1009,0.4864,0.2153
9794,-118.515,34.455,0.1069,0.0323,0.0814,0.0399,1.0968,0.5046,0.9881,0.5214,0.1858,0.0712,0.0661,0.048,0.2036,0.0998,0.4951,0.2212
9795,-118.505,34.455,0.1178,0.0362,0.0841,0.0414,1.1781,0.5721,0.9916,0.5384,0.198,0.0777,0.0707,0.0525,0.2115,0.1059,0.5095,0.2323
9796,-118.495,34.455,0.1155,0.0346,0.0848,0.0418,1.2552,0.6032,0.9779,0.5216,0.1906,0.073,0.0707,0.0526,0.2079,0.1038,0.5041,0.2244
9797,-118.485,34.455,0.1133,0.033,0.0836,0.041,1.328,0.5978,0.9471,0.4712,0.1846,0.0693,0.0663,0.0483,0.1929,0.0935,0.5024,0.2203
9798,-118.475,34.455,0.1151,0.0328,0.0789,0.038,1.3968,0.6201,0.919,0.4492,0.1854,0.0694,0.0664,0.0476,0.1873,0.0902,0.4985,0.2148
9799,-118.465,34.455,0.1047,0.0282,0.074,0.035,1.4581,0.6409,0.889,0.4302,0.1684,0.0603,0.067,0.047,0.1825,0.0876,0.4919,0.2075
9800,-118.455,34.455,0.1036,0.0271,0.0721,0.0338,1.4863,0.6264,0.8467,0.3968,0.1649,0.0583,0.065,0.0441,0.1723,0.0811,0.4862,0.2015
9801,-118.445,34.455,0.1048,0.0268,0.071,0.0331,1.5004,0.6195,0.8132,0.3748,0.1648,0.058,0.065,0.0426,0.1665,0.0775,0.4906,0.2031
9802,-118.435,34.455,0.1063,0.0265,0.0707,0.0329,1.5005,0.6204,0.7883,0.3644,0.1648,0.0578,0.0668,0.0426,0.1649,0.0769,0.5073,0.2132
9803,-118.425,34.455,0.1191,0.0301,0.074,0.0349,1.4878,0.6215,0.7686,0.3589,0.1806,0.0658,0.0688,0.0431,0.1653,0.0774,0.5267,0.2252
9804,-118.415,34.455,0.1177,0.0287,0.0764,0.0363,1.4673,0.6174,0.7465,0.3517,0.179,0.0647,0.0703,0.0433,0.165,0.0776,0.5321,0.2273
9805,-118.405,34.455,0.1106,0.0257,0.071,0.033,1.421,0.5875,0.7078,0.3307,0.1698,0.0602,0.0686,0.0414,0.1599,0.0747,0.5256,0.2212
9806,-118.395,34.455,0.1104,0.0248,0.0685,0.0315,1.3929,0.5787,0.686,0.3238,0.1701,0.0605,0.0695,0.0412,0.1597,0.0749,0.5336,0.2251
9807,-118.385,34.455,0.1172,0.026,0.0689,0.0318,1.3832,0.5911,0.6811,0.331,0.1804,0.0657,0.073,0.0429,0.1644,0.0782,0.5452,0.2315
9808,-118.375,34.455,0.112,0.0238,0.068,0.0312,1.3213,0.5474,0.6404,0.3077,0.1734,0.0624,0.0712,0.0404,0.1571,0.0739,0.5485,0.232
9809,-118.365,34.455,0.1129,0.0233,0.0668,0.0305,1.2542,0.4982,0.5971,0.2819,0.176,0.0637,0.069,0.0374,0.1487,0.0689,0.5524,0.233
9810,-118.355,34.455,0.1137,0.0229,0.0656,0.0298,1.2141,0.4784,0.5769,0.2745,0.1785,0.0649,0.0702,0.0369,0.1472,0.0682,0.5593,0.236
9811,-118.345,34.455,0.1145,0.0225,0.0649,0.0295,1.1712,0.4573,0.5571,0.2669,0.1809,0.0662,0.0713,0.0364,0.1454,0.0674,0.5681,0.2402
9812,-118.335,34.455,0.1154,0.0222,0.0649,0.0295,1.1254,0.4348,0.5376,0.2591,0.1834,0.0675,0.0723,0.0357,0.1435,0.0665,0.5778,0.245
9813,-118.325,34.455,0.1163,0.022,0.0628,0.0283,1.0806,0.4132,0.5199,0.2515,0.1857,0.0687,0.0732,0.0351,0.1417,0.0657,0.5837,0.2471
9814,-118.315,34.455,0.1172,0.022,0.0606,0.0271,1.0362,0.3917,0.5025,0.2439,0.188,0.0699,0.0742,0.0344,0.1399,0.0648,0.59,0.2496
9815,-118.305,34.455,0.1179,0.0222,0.0599,0.0268,0.9923,0.3703,0.4854,0.2357,0.1899,0.0709,0.075,0.0336,0.1379,0.0638,0.5907,0.2483
9816,-118.295,34.455,0.1128,0.021,0.0592,0.0264,0.9099,0.3301,0.4478,0.2146,0.182,0.0672,0.072,0.0308,0.1296,0.0593,0.5843,0.2428
9817,-118.285,34.455,0.1076,0.02,0.0583,0.0259,0.7888,0.271,0.3899,0.1805,0.1733,0.0631,0.0654,0.0262,0.115,0.0511,0.5727,0.2354
9818,-118.275,34.455,0.1194,0.0231,0.0588,0.0263,0.8059,0.281,0.4044,0.1912,0.1909,0.0713,0.0717,0.0281,0.1223,0.0555,0.6138,0.2583
9819,-118.265,34.455,0.1211,0.0238,0.0597,0.0268,0.8381,0.2984,0.4265,0.2064,0.1918,0.0716,0.0794,0.0305,0.1319,0.0612,0.646,0.2761
9820,-118.255,34.455,0.1216,0.0243,0.0603,0.0272,0.8053,0.2834,0.4127,0.1991,0.1909,0.0711,0.0806,0.0297,0.1303,0.0605,0.663,0.285
9821,-118.245,34.455,0.1221,0.0248,0.0596,0.0269,0.7651,0.2649,0.3939,0.1886,0.1899,0.0704,0.0806,0.0282,0.1268,0.0587,0.6734,0.2892
9822,-118.235,34.455,0.1185,0.0242,0.0577,0.0259,0.7173,0.243,0.3699,0.1748,0.1829,0.0669,0.0793,0.0262,0.1213,0.0557,0.6561,0.2759
9823,-118.225,34.455,0.105,0.0211,0.0528,0.0233,0.6201,0.2006,0.3201,0.1461,0.1611,0.0568,0.0716,0.022,0.1068,0.0476,0.6154,0.2513
9824,-118.215,34.455,0.0911,0.0179,0.0484,0.021,0.5531,0.1738,0.2887,0.1294,0.1389,0.047,0.0688,0.0197,0.0991,0.0437,0.5961,0.2393
9825,-118.205,34.455,0.1045,0.0219,0.0504,0.0221,0.6831,0.2434,0.3734,0.1862,0.1581,0.0559,0.0962,0.0291,0.1342,0.065,0.6499,0.2671
9826,-118.195,34.455,0.1323,0.03,0.053,0.0236,0.6828,0.2461,0.3775,0.19,0.1985,0.0755,0.0997,0.0303,0.138,0.0674,0.7263,0.3139
9827,-118.185,34.455,0.1191,0.0264,0.0564,0.0254,0.5523,0.1819,0.3009,0.1406,0.1814,0.0661,0.0792,0.0233,0.1106,0.051,0.6988,0.2972
9828,-118.175,34.455,0.0902,0.0186,0.0528,0.0233,0.5042,0.1616,0.2753,0.1252,0.14,0.0468,0.0728,0.0216,0.1022,0.0462,0.6524,0.268
9829,-118.165,34.455,0.0969,0.0206,0.0495,0.0214,0.4798,0.1532,0.2644,0.1191,0.1519,0.0516,0.0703,0.0212,0.0993,0.0446,0.6515,0.2651
9830,-118.155,34.455,0.1013,0.022,0.0549,0.0243,0.4892,0.1589,0.2744,0.1248,0.1607,0.0553,0.0729,0.0226,0.1037,0.0472,0.7092,0.2943
9831,-118.145,34.455,0.1176,0.027,0.0535,0.0235,0.4726,0.1541,0.2706,0.1231,0.1879,0.0677,0.0719,0.0225,0.103,0.0469,0.7501,0.3157
9832,-118.135,34.455,0.0995,0.022,0.0454,0.0191,0.4302,0.1386,0.2531,0.1139,0.1619,0.0554,0.0674,0.021,0.0973,0.0437,0.7392,0.3089
9833,-118.125,34.455,0.0871,0.0187,0.0452,0.0189,0.4051,0.1304,0.2457,0.1108,0.1442,0.0474,0.0654,0.0205,0.0953,0.0428,0.7003,0.2863
9834,-118.115,34.455,0.1025,0.0232,0.0468,0.0198,0.3925,0.1282,0.2466,0.113,0.1724,0.0595,0.0655,0.0209,0.0967,0.0438,0.7929,0.3349
9835,-118.105,34.455,0.1247,0.0301,0.0493,0.021,0.424,0.1475,0.2781,0.1354,0.2125,0.0781,0.0734,0.0252,0.1102,0.0524,0.8531,0.3677
9836,-118.095,34.455,0.1024,0.0237,0.0498,0.0213,0.3957,0.1376,0.2661,0.1298,0.1792,0.0625,0.0695,0.0242,0.1058,0.0501,0.831,0.3532
9837,-118.085,34.455,0.0917,0.0207,0.0484,0.0205,0.3076,0.0983,0.2106,0.0962,0.1647,0.0557,0.0536,0.018,0.0836,0.0371,0.7607,0.311
9838,-118.075,34.455,0.0835,0.0187,0.0454,0.019,0.2839,0.0889,0.199,0.0904,0.1534,0.0509,0.0498,0.017,0.0792,0.0346,0.7479,0.3025
9839,-118.065,34.455,0.0826,0.0186,0.0426,0.0175,0.2735,0.0856,0.1964,0.0904,0.1551,0.0516,0.0484,0.0171,0.0785,0.0344,0.7515,0.3023
9840,-118.055,34.455,0.0816,0.0185,0.0425,0.0175,0.2642,0.0826,0.1942,0.0906,0.1564,0.0521,0.0472,0.0171,0.0778,0.0342,0.7628,0.306
9841,-118.045,34.455,0.0806,0.0185,0.0425,0.0175,0.2552,0.0797,0.192,0.0909,0.1573,0.0525,0.0461,0.0172,0.0772,0.0339,0.7781,0.3117
9842,-118.035,34.455,0.0796,0.0184,0.0425,0.0175,0.2465,0.0769,0.1897,0.0914,0.1578,0.0526,0.0451,0.0173,0.0765,0.0337,0.7937,0.3175
9843,-118.025,34.455,0.0786,0.0183,0.0425,0.0175,0.2383,0.0742,0.1874,0.0918,0.1577,0.0525,0.0441,0.0174,0.0759,0.0335,0.8093,0.323
9844,-118.015,34.455,0.0775,0.0182,0.0425,0.0176,0.2302,0.0715,0.1851,0.0923,0.1572,0.0521,0.0432,0.0175,0.0752,0.0332,0.8248,0.3283
9845,-118.005,34.455,0.0764,0.018,0.0424,0.0176,0.2226,0.069,0.1826,0.0925,0.156,0.0515,0.0423,0.0175,0.0745,0.033,0.84,0.3331
9846,-117.995,34.455,0.0753,0.0179,0.0424,0.0176,0.2153,0.0666,0.1799,0.0923,0.1544,0.0507,0.0415,0.0175,0.0739,0.0328,0.8553,0.3378
9847,-117.985,34.455,0.0742,0.0178,0.0424,0.0176,0.2083,0.0643,0.1769,0.0915,0.1524,0.0497,0.0406,0.0175,0.0733,0.0326,0.8778,0.3455
9848,-117.975,34.455,0.0731,0.0176,0.0525,0.0234,0.236,0.0764,0.204,0.1109,0.1502,0.0485,0.0471,0.0216,0.0858,0.0401,1.0004,0.4076
9849,-117.965,34.455,0.1076,0.0291,0.0632,0.0294,0.2687,0.0909,0.2353,0.1328,0.218,0.0785,0.0548,0.0264,0.1005,0.049,1.1624,0.5018
9850,-117.955,34.455,0.118,0.033,0.0663,0.0313,0.2911,0.1019,0.2576,0.1475,0.2386,0.0884,0.0608,0.0304,0.112,0.0565,1.317,0.6054
9851,-117.945,34.455,0.1163,0.0327,0.0687,0.0328,0.2943,0.104,0.2622,0.149,0.24,0.0894,0.063,0.0317,0.1157,0.059,1.3723,0.6509
9852,-117.935,34.455,0.112,0.0315,0.0705,0.034,0.2783,0.0971,0.2491,0.1373,0.2377,0.0888,0.0612,0.0302,0.1115,0.0565,1.3571,0.6241
9853,-117.925,34.455,0.0883,0.0236,0.0614,0.0288,0.2417,0.0821,0.2169,0.1148,0.1944,0.0685,0.0544,0.026,0.0985,0.0488,1.2818,0.5627
9854,-117.915,34.455,0.0747,0.0192,0.0543,0.0248,0.2109,0.0697,0.1897,0.0957,0.1691,0.0576,0.049,0.0225,0.0877,0.0425,1.2141,0.5142
9855,-117.905,34.455,0.0898,0.0246,0.0673,0.0327,0.2293,0.0776,0.2064,0.1043,0.2066,0.0755,0.0546,0.0254,0.0969,0.0481,1.334,0.5825
9856,-117.895,34.455,0.0988,0.0282,0.0733,0.0365,0.2288,0.0778,0.2056,0.1025,0.2298,0.088,0.0556,0.0256,0.0979,0.0487,1.3499,0.5882
9857,-117.885,34.455,0.0985,0.0284,0.0721,0.0361,0.2093,0.0701,0.1872,0.0903,0.2333,0.0908,0.0519,0.0231,0.0906,0.0444,1.3854,0.6141
9858,-117.875,34.455,0.1069,0.0316,0.0671,0.0331,0.2208,0.0767,0.1969,0.0962,0.2572,0.1029,0.0564,0.0254,0.0969,0.0489,1.4209,0.6469
9859,-117.865,34.455,0.0968,0.0281,0.0613,0.0296,0.2357,0.0846,0.2095,0.1039,0.2384,0.0935,0.0617,0.0281,0.1047,0.0542,1.4007,0.6488
9860,-117.855,34.455,0.085,0.0243,0.0549,0.0262,0.2367,0.0852,0.2092,0.1026,0.213,0.0819,0.0631,0.0284,0.106,0.0549,1.3381,0.5948
9861,-117.845,34.455,0.0805,0.0228,0.052,0.0246,0.2302,0.0826,0.2029,0.0982,0.2031,0.0772,0.0628,0.0278,0.1039,0.0536,1.289,0.5608
9862,-117.835,34.455,0.0742,0.0205,0.0524,0.0249,0.2164,0.0768,0.1906,0.0908,0.1869,0.069,0.0606,0.0264,0.0984,0.0502,1.2415,0.5359
9863,-117.825,34.455,0.0703,0.0193,0.0553,0.0265,0.212,0.0752,0.187,0.0887,0.1752,0.0637,0.0613,0.0267,0.0972,0.0496,1.1869,0.5102
9864,-117.815,34.455,0.0841,0.0243,0.0595,0.0289,0.2128,0.0761,0.1882,0.0896,0.2062,0.0788,0.0636,0.028,0.0985,0.0506,1.2424,0.5583
9865,-117.805,34.455,0.0984,0.03,0.0675,0.0339,0.2292,0.0846,0.2038,0.0999,0.2361,0.0955,0.0716,0.0324,0.1076,0.0569,1.2965,0.6244
9866,-117.795,34.455,0.1059,0.0331,0.0713,0.0363,0.2364,0.0886,0.2112,0.1049,0.2506,0.1037,0.0766,0.0353,0.1123,0.0603,1.3217,0.6714
9867,-117.785,34.455,0.1061,0.0334,0.071,0.0362,0.2346,0.0882,0.2104,0.1047,0.2486,0.1032,0.0789,0.0366,0.1125,0.0608,1.3068,0.6824
9868,-117.775,34.455,0.1065,0.0339,0.0723,0.0371,0.2414,0.0925,0.218,0.1103,0.2472,0.103,0.085,0.0403,0.1175,0.0647,1.2842,0.6876
9869,-117.765,34.455,0.1126,0.0368,0.0734,0.0379,0.2474,0.0963,0.2248,0.1153,0.2571,0.11,0.0908,0.0439,0.122,0.0683,1.2603,0.6867
9870,-117.755,34.455,0.1094,0.0357,0.0723,0.0373,0.241,0.0933,0.2201,0.1118,0.2488,0.1056,0.0916,0.0444,0.1199,0.0669,1.2352,0.6758
9871,-117.745,34.455,0.1072,0.035,0.0722,0.0374,0.2362,0.0911,0.2168,0.1093,0.2427,0.1025,0.0931,0.0454,0.1185,0.0662,1.2097,0.6582
9872,-117.735,34.455,0.1087,0.0359,0.0731,0.0381,0.233,0.0897,0.215,0.1077,0.2441,0.1041,0.0953,0.0469,0.118,0.0661,1.1858,0.6502
9873,-117.725,34.455,0.1063,0.0352,0.0731,0.0383,0.2292,0.0882,0.2128,0.1057,0.2381,0.1011,0.0971,0.0483,0.1172,0.0658,1.1617,0.6388
9874,-117.715,34.455,0.1089,0.0367,0.0729,0.0383,0.2256,0.0867,0.2108,0.1038,0.242,0.1043,0.0989,0.0497,0.1166,0.0655,1.1393,0.6335
9875,-117.705,34.455,0.1096,0.0374,0.0728,0.0384,0.2235,0.0861,0.2101,0.1028,0.2424,0.1053,0.1012,0.0516,0.1167,0.0659,1.1175,0.6287
9876,-117.695,34.455,0.107,0.0365,0.0722,0.0382,0.222,0.0858,0.21,0.1022,0.2365,0.1024,0.1036,0.0538,0.1172,0.0665,1.0944,0.6109
9877,-117.685,34.455,0.1063,0.0366,0.0712,0.0378,0.2211,0.0859,0.2105,0.1021,0.2346,0.1019,0.1062,0.0561,0.118,0.0674,1.0732,0.6011
9878,-117.675,34.455,0.1045,0.0361,0.0707,0.0376,0.2175,0.0845,0.208,0.1004,0.2308,0.1002,0.1068,0.0573,0.1172,0.0671,1.0522,0.5889
9879,-117.665,34.455,0.1022,0.0354,0.0701,0.0374,0.2131,0.0827,0.2048,0.0983,0.2259,0.0979,0.1068,0.0581,0.116,0.0665,1.0314,0.5742
9880,-117.655,34.455,0.0998,0.0346,0.0689,0.0368,0.2084,0.0809,0.201,0.0962,0.221,0.0956,0.1063,0.0586,0.1146,0.0657,1.0111,0.5575
9881,-118.945,34.465,0.0572,0.0225,0.0545,0.0286,0.2011,0.0853,0.3668,0.1712,0.0941,0.0358,0.021,0.0233,0.2289,0.1012,0.2341,0.0958
9882,-118.935,34.465,0.0581,0.0228,0.0545,0.0285,0.2062,0.0878,0.3787,0.1774,0.0949,0.0361,0.0212,0.0234,0.2293,0.1016,0.2371,0.0968
9883,-118.925,34.465,0.0593,0.0231,0.0565,0.0297,0.2114,0.0906,0.3906,0.1837,0.096,0.0364,0.0214,0.0236,0.2296,0.102,0.2415,0.0987
9884,-118.915,34.465,0.0641,0.0253,0.0594,0.0315,0.2203,0.0957,0.4087,0.1948,0.1026,0.0395,0.0221,0.0243,0.2337,0.105,0.2614,0.1099
9885,-118.905,34.465,0.0753,0.0308,0.0649,0.0351,0.2481,0.1126,0.457,0.2291,0.1186,0.0476,0.0251,0.028,0.2562,0.1203,0.2793,0.1207
9886,-118.895,34.465,0.0764,0.031,0.0676,0.0368,0.2641,0.1223,0.4866,0.2489,0.1195,0.0478,0.0268,0.0298,0.2668,0.1276,0.2909,0.1275
9887,-118.885,34.465,0.0774,0.0313,0.0675,0.0366,0.2684,0.1249,0.4974,0.2542,0.1202,0.0478,0.0272,0.0297,0.2655,0.127,0.2943,0.1287
9888,-118.875,34.465,0.0783,0.0315,0.0674,0.0364,0.2726,0.1274,0.5082,0.2593,0.1208,0.0478,0.0276,0.0297,0.2641,0.1263,0.2974,0.1295
9889,-118.865,34.465,0.0793,0.0316,0.0673,0.0362,0.2767,0.1299,0.5191,0.2644,0.1211,0.0477,0.0281,0.0297,0.2626,0.1256,0.3001,0.13
9890,-118.855,34.465,0.0802,0.0318,0.0671,0.036,0.2808,0.1326,0.5301,0.2694,0.1214,0.0475,0.0287,0.0297,0.2611,0.1248,0.3024,0.1303
9891,-118.845,34.465,0.081,0.0319,0.067,0.0358,0.2847,0.1353,0.5412,0.2745,0.1216,0.0472,0.0293,0.0298,0.2596,0.1241,0.3046,0.1305
9892,-118.835,34.465,0.0818,0.032,0.0669,0.0357,0.2885,0.1381,0.5525,0.2795,0.1216,0.0469,0.03,0.03,0.258,0.1233,0.3064,0.1304
9893,-118.825,34.465,0.0825,0.0321,0.0668,0.0355,0.2921,0.141,0.5642,0.2848,0.1215,0.0465,0.0307,0.0301,0.2563,0.1225,0.3079,0.1302
9894,-118.815,34.465,0.0832,0.0322,0.0667,0.0353,0.2957,0.1441,0.576,0.2901,0.1213,0.0461,0.0315,0.0303,0.2546,0.1216,0.3092,0.1297
9895,-118.805,34.465,0.0838,0.0322,0.0667,0.0352,0.2988,0.1472,0.5882,0.2956,0.121,0.0456,0.0323,0.0306,0.2528,0.1208,0.3102,0.1291
9896,-118.795,34.465,0.0843,0.0322,0.0667,0.0351,0.3016,0.1505,0.6005,0.3012,0.1205,0.045,0.0332,0.0308,0.2509,0.1198,0.3108,0.1283
9897,-118.785,34.465,0.0848,0.0321,0.0668,0.035,0.3041,0.1539,0.6131,0.3068,0.1199,0.0444,0.0341,0.031,0.249,0.1188,0.311,0.1272
9898,-118.775,34.465,0.0851,0.032,0.0671,0.0351,0.3059,0.1572,0.6258,0.3123,0.1191,0.0436,0.0351,0.0313,0.2467,0.1176,0.3113,0.1262
9899,-118.765,34.465,0.0854,0.0319,0.0677,0.0353,0.309,0.1616,0.6404,0.3198,0.1185,0.043,0.0362,0.0317,0.2453,0.117,0.3131,0.1262
9900,-118.755,34.465,0.0874,0.0326,0.0696,0.0364,0.3191,0.1708,0.6639,0.3367,0.1206,0.0438,0.0383,0.0333,0.2481,0.1195,0.3177,0.1282
9901,-118.745,34.465,0.0878,0.0324,0.0702,0.0367,0.3312,0.1772,0.6866,0.3509,0.1226,0.0446,0.0398,0.0342,0.2471,0.1192,0.324,0.1309
9902,-118.735,34.465,0.0874,0.032,0.0695,0.036,0.3454,0.181,0.7082,0.3625,0.1247,0.0454,0.0407,0.0346,0.2424,0.1162,0.3321,0.1349
9903,-118.725,34.465,0.0881,0.032,0.0701,0.0362,0.3676,0.1892,0.7385,0.3835,0.1285,0.0472,0.0424,0.036,0.2411,0.1158,0.3418,0.1401
9904,-118.715,34.465,0.089,0.0322,0.0711,0.0367,0.3918,0.1984,0.7703,0.4067,0.1327,0.0491,0.0443,0.0375,0.2406,0.1159,0.3529,0.1462
9905,-118.705,34.465,0.0897,0.0322,0.0721,0.0372,0.4171,0.2081,0.8017,0.4309,0.1367,0.051,0.0464,0.0391,0.2399,0.1159,0.3641,0.1525
9906,-118.695,34.465,0.0904,0.0323,0.0721,0.037,0.4408,0.2162,0.8311,0.4525,0.1407,0.0529,0.048,0.0402,0.2379,0.1149,0.3736,0.1576
9907,-118.685,34.465,0.09,0.0318,0.0709,0.036,0.463,0.2227,0.8586,0.4713,0.1435,0.0541,0.0493,0.041,0.2346,0.113,0.3797,0.16
9908,-118.675,34.465,0.0854,0.0295,0.0699,0.0352,0.4896,0.2326,0.8876,0.4969,0.1399,0.0521,0.0509,0.0423,0.2336,0.1128,0.3839,0.1608
9909,-118.665,34.465,0.0887,0.0307,0.0696,0.0348,0.5137,0.2403,0.9132,0.5178,0.1482,0.0562,0.0519,0.043,0.2309,0.1114,0.396,0.1679
9910,-118.655,34.465,0.0861,0.0293,0.0721,0.0362,0.5212,0.2335,0.9202,0.5089,0.1475,0.0557,0.0497,0.0406,0.2186,0.1032,0.4022,0.1704
9911,-118.645,34.465,0.0834,0.0278,0.0725,0.0364,0.5387,0.2347,0.9337,0.5145,0.1467,0.0551,0.0488,0.0395,0.2116,0.0987,0.4078,0.1723
9912,-118.635,34.465,0.0826,0.0272,0.0709,0.0352,0.5662,0.244,0.9536,0.5345,0.1485,0.0558,0.0491,0.0397,0.21,0.0981,0.4154,0.1759
9913,-118.625,34.465,0.082,0.0267,0.0741,0.0371,0.6141,0.271,0.9794,0.5834,0.1505,0.0567,0.052,0.0427,0.2177,0.104,0.4281,0.1836
9914,-118.615,34.465,0.0935,0.0313,0.0774,0.039,0.6607,0.2966,1.001,0.6264,0.172,0.0683,0.0546,0.0452,0.2243,0.1091,0.4595,0.208
9915,-118.605,34.465,0.0969,0.0324,0.0758,0.0378,0.681,0.2974,0.9955,0.6121,0.1794,0.0723,0.0529,0.0431,0.2159,0.1037,0.468,0.2123
9916,-118.595,34.465,0.0874,0.028,0.0746,0.0369,0.7056,0.3019,0.9883,0.5967,0.1653,0.0641,0.0519,0.0416,0.2094,0.0995,0.4624,0.2044
9917,-118.585,34.465,0.0876,0.0276,0.0737,0.0361,0.7343,0.3099,0.9795,0.5801,0.1661,0.0643,0.0516,0.0408,0.2047,0.0967,0.4623,0.2018
9918,-118.575,34.465,0.089,0.0278,0.0739,0.0361,0.7671,0.3207,0.9716,0.5588,0.1682,0.0651,0.0523,0.0406,0.2018,0.0951,0.4678,0.2042
9919,-118.565,34.465,0.0899,0.0278,0.0753,0.0369,0.807,0.3399,0.9677,0.5455,0.1686,0.0649,0.0544,0.0417,0.2024,0.0961,0.4773,0.2102
9920,-118.555,34.465,0.0984,0.0308,0.0813,0.0405,0.8775,0.3974,0.9819,0.5764,0.1805,0.0712,0.0622,0.0484,0.2192,0.1086,0.4896,0.2188
9921,-118.545,34.465,0.1005,0.0313,0.0832,0.0416,0.926,0.4244,0.9794,0.566,0.1817,0.0714,0.0651,0.0502,0.2218,0.1109,0.5028,0.2285
9922,-118.535,34.465,0.1009,0.0309,0.0812,0.0402,0.9526,0.421,0.9603,0.5143,0.1796,0.0696,0.0631,0.0473,0.2103,0.1029,0.4996,0.2232
9923,-118.525,34.465,0.0984,0.0294,0.0804,0.0396,0.988,0.4283,0.9418,0.481,0.1725,0.0653,0.0624,0.0458,0.2029,0.0981,0.5002,0.2214
9924,-118.515,34.465,0.1043,0.0312,0.08,0.0393,1.0331,0.4465,0.9274,0.459,0.1781,0.068,0.0629,0.0455,0.1987,0.0956,0.5094,0.2277
9925,-118.505,34.465,0.1156,0.0351,0.08,0.0392,1.1165,0.507,0.9318,0.4745,0.1917,0.075,0.068,0.0493,0.2063,0.1014,0.5252,0.24
9926,-118.495,34.465,0.1152,0.0342,0.0793,0.0387,1.195,0.5535,0.9266,0.4754,0.1877,0.0724,0.0709,0.0512,0.2085,0.1034,0.5219,0.2338
9927,-118.485,34.465,0.1178,0.0344,0.078,0.0378,1.2686,0.586,0.9119,0.4618,0.1885,0.0725,0.0718,0.0511,0.2051,0.1014,0.5229,0.2318
9928,-118.475,34.465,0.1125,0.0316,0.0766,0.0369,1.3384,0.6388,0.902,0.4652,0.179,0.0669,0.0756,0.0534,0.2077,0.1038,0.527,0.2327
9929,-118.465,34.465,0.1207,0.034,0.0748,0.0357,1.3973,0.674,0.8821,0.4584,0.1881,0.0719,0.0779,0.0542,0.2066,0.1038,0.5281,0.2313
9930,-118.455,34.465,0.1043,0.0272,0.071,0.0334,1.4066,0.6029,0.808,0.3847,0.1633,0.0583,0.0694,0.0456,0.1813,0.0867,0.5092,0.2136
9931,-118.445,34.465,0.1036,0.0262,0.069,0.0321,1.4142,0.5689,0.7592,0.3432,0.1604,0.0567,0.0659,0.0413,0.1677,0.0778,0.5086,0.2114
9932,-118.435,34.465,0.1048,0.0259,0.0687,0.032,1.4204,0.5721,0.7356,0.3338,0.1605,0.0566,0.0675,0.0413,0.1661,0.0771,0.5153,0.2144
9933,-118.425,34.465,0.1061,0.0256,0.0713,0.0335,1.3995,0.565,0.7116,0.3247,0.161,0.0567,0.0687,0.0411,0.1645,0.0764,0.5261,0.2201
9934,-118.415,34.465,0.1097,0.0259,0.0729,0.0345,1.3711,0.5542,0.687,0.3152,0.1655,0.059,0.0696,0.0408,0.1627,0.0757,0.5383,0.2268
9935,-118.405,34.465,0.1084,0.0247,0.0671,0.031,1.3326,0.5362,0.6594,0.3033,0.164,0.0582,0.0694,0.04,0.1602,0.0744,0.5373,0.2246
9936,-118.395,34.465,0.109,0.0241,0.0652,0.0298,1.294,0.5198,0.6353,0.2942,0.1652,0.0589,0.0697,0.0394,0.1583,0.0735,0.5446,0.2278
9937,-118.385,34.465,0.1105,0.0237,0.0671,0.031,1.2552,0.5049,0.6146,0.2878,0.1676,0.0602,0.0703,0.0391,0.1572,0.0731,0.5548,0.2331
9938,-118.375,34.465,0.1107,0.023,0.0655,0.03,1.2018,0.4764,0.5866,0.2753,0.1684,0.0607,0.0699,0.0377,0.1532,0.0709,0.5612,0.2357
9939,-118.365,34.465,0.1102,0.0221,0.0634,0.0288,1.1486,0.4477,0.5596,0.2632,0.1689,0.061,0.0695,0.0364,0.1492,0.0687,0.5622,0.2346
9940,-118.355,34.465,0.1123,0.0219,0.0633,0.0287,1.1111,0.4321,0.5443,0.2595,0.1729,0.063,0.071,0.0363,0.1487,0.0687,0.5731,0.24
9941,-118.345,34.465,0.1132,0.0214,0.0633,0.0287,1.0703,0.414,0.5276,0.2544,0.1752,0.0641,0.0722,0.0359,0.1474,0.0682,0.5871,0.2476
9942,-118.335,34.465,0.114,0.021,0.0635,0.0289,1.0263,0.3935,0.5097,0.2478,0.1774,0.0652,0.073,0.0353,0.1455,0.0673,0.6003,0.2545
9943,-118.325,34.465,0.1148,0.0207,0.063,0.0286,0.9848,0.3742,0.4931,0.2411,0.1794,0.0663,0.0739,0.0347,0.1437,0.0664,0.6106,0.2595
9944,-118.315,34.465,0.1156,0.0207,0.0624,0.0283,0.9444,0.3553,0.4772,0.2344,0.1812,0.0672,0.0748,0.034,0.1419,0.0655,0.6213,0.2646
9945,-118.305,34.465,0.1164,0.0209,0.0619,0.028,0.9063,0.3375,0.4623,0.2275,0.1828,0.068,0.0757,0.0333,0.1401,0.0647,0.632,0.2696
9946,-118.295,34.465,0.1172,0.0213,0.0613,0.0277,0.8637,0.3176,0.4448,0.2187,0.184,0.0686,0.0761,0.0324,0.1374,0.0634,0.6422,0.2743
9947,-118.285,34.465,0.1177,0.0216,0.0605,0.0273,0.8165,0.2954,0.4246,0.2079,0.1841,0.0687,0.076,0.0311,0.1339,0.0615,0.6511,0.278
9948,-118.275,34.465,0.1187,0.0222,0.0603,0.0273,0.7911,0.284,0.4153,0.2035,0.1848,0.0689,0.0779,0.0307,0.1335,0.0615,0.6654,0.2849
9949,-118.265,34.465,0.1193,0.0227,0.0604,0.0274,0.7686,0.2741,0.4073,0.1999,0.1844,0.0687,0.0801,0.0304,0.1335,0.0617,0.6798,0.2919
9950,-118.255,34.465,0.1198,0.0233,0.061,0.0278,0.7388,0.2605,0.3946,0.193,0.1838,0.0683,0.0814,0.0295,0.1319,0.061,0.6913,0.2968
9951,-118.245,34.465,0.1204,0.0238,0.0583,0.0263,0.6822,0.2343,0.3657,0.1761,0.1833,0.0679,0.0789,0.027,0.1243,0.0569,0.6958,0.2967
9952,-118.235,34.465,0.1058,0.0206,0.0522,0.023,0.5986,0.1957,0.3206,0.149,0.1603,0.0571,0.0724,0.0229,0.1107,0.0492,0.6428,0.2639
9953,-118.225,34.465,0.0901,0.0171,0.0513,0.0227,0.5419,0.1715,0.2914,0.1325,0.1358,0.0462,0.0695,0.0203,0.1026,0.0449,0.6134,0.2458
9954,-118.215,34.465,0.0924,0.018,0.0519,0.0232,0.5202,0.1654,0.2841,0.1305,0.1384,0.0472,0.0728,0.0202,0.1031,0.0457,0.6269,0.2521
9955,-118.205,34.465,0.1138,0.0243,0.0547,0.0248,0.6431,0.2339,0.3677,0.1889,0.1682,0.0618,0.1034,0.03,0.1402,0.0685,0.6987,0.29
9956,-118.195,34.465,0.1537,0.036,0.0584,0.0268,0.6768,0.2523,0.3908,0.2048,0.2257,0.0902,0.1128,0.0334,0.1518,0.0756,0.8448,0.3962
9957,-118.185,34.465,0.1412,0.0324,0.063,0.0294,0.6213,0.2207,0.3535,0.1781,0.2109,0.0811,0.1013,0.0306,0.1379,0.0668,0.8662,0.4039
9958,-118.175,34.465,0.142,0.0332,0.0611,0.0282,0.5809,0.2016,0.3294,0.1622,0.2131,0.083,0.0944,0.0289,0.1294,0.0617,0.8351,0.3724
9959,-118.165,34.465,0.1167,0.0258,0.0583,0.0266,0.5354,0.1817,0.3035,0.146,0.1795,0.0647,0.0872,0.027,0.1201,0.0563,0.8037,0.3449
9960,-118.155,34.465,0.0944,0.0199,0.0578,0.0261,0.4502,0.1459,0.2559,0.1174,0.1476,0.0499,0.0732,0.0221,0.1016,0.0458,0.7518,0.3135
9961,-118.145,34.465,0.0909,0.0192,0.0544,0.0242,0.3973,0.1248,0.2286,0.1016,0.1438,0.0481,0.0654,0.0194,0.0913,0.04,0.735,0.303
9962,-118.135,34.465,0.0884,0.0187,0.0481,0.0207,0.3765,0.1183,0.2219,0.0986,0.1415,0.0468,0.0637,0.0188,0.0893,0.0391,0.7307,0.2999
9963,-118.125,34.465,0.0851,0.018,0.0485,0.0208,0.3889,0.1255,0.2367,0.1083,0.1382,0.0453,0.0679,0.0204,0.096,0.043,0.7426,0.3054
9964,-118.115,34.465,0.1023,0.0229,0.0496,0.0214,0.3965,0.1307,0.2486,0.1164,0.1686,0.058,0.071,0.0218,0.1014,0.0462,0.8231,0.3475
9965,-118.105,34.465,0.0915,0.0202,0.0474,0.0202,0.3474,0.1129,0.2242,0.1038,0.1545,0.052,0.0629,0.0194,0.0916,0.041,0.8079,0.3372
9966,-118.095,34.465,0.0858,0.0188,0.0461,0.0195,0.3113,0.0996,0.2071,0.0951,0.1485,0.0494,0.0569,0.0178,0.0848,0.0374,0.7901,0.3254
9967,-118.085,34.465,0.0848,0.0187,0.0455,0.0192,0.2884,0.0908,0.1973,0.0902,0.1504,0.0502,0.0532,0.017,0.081,0.0353,0.7858,0.3207
9968,-118.075,34.465,0.0816,0.0181,0.0436,0.0182,0.2762,0.0868,0.194,0.0895,0.1482,0.0493,0.0514,0.0169,0.0799,0.0348,0.7854,0.3185
9969,-118.065,34.465,0.0807,0.018,0.0418,0.0173,0.2665,0.0837,0.1921,0.0898,0.1501,0.0501,0.0499,0.017,0.0792,0.0346,0.7969,0.3222
9970,-118.055,34.465,0.0798,0.018,0.0418,0.0173,0.2579,0.081,0.1903,0.0904,0.1516,0.0508,0.0487,0.0171,0.0785,0.0343,0.812,0.3278
9971,-118.045,34.465,0.0788,0.0179,0.0418,0.0173,0.2495,0.0783,0.1885,0.0911,0.1527,0.0512,0.0475,0.0172,0.0779,0.0341,0.8289,0.3342
9972,-118.035,34.465,0.0778,0.0178,0.0418,0.0173,0.2414,0.0756,0.1868,0.092,0.1533,0.0514,0.0464,0.0174,0.0772,0.0339,0.8459,0.3407
9973,-118.025,34.465,0.0767,0.0177,0.0418,0.0173,0.2335,0.073,0.1849,0.093,0.1534,0.0513,0.0454,0.0175,0.0765,0.0337,0.8627,0.347
9974,-118.015,34.465,0.0756,0.0176,0.0418,0.0173,0.2258,0.0705,0.183,0.094,0.1528,0.051,0.0445,0.0176,0.0758,0.0334,0.8792,0.353
9975,-118.005,34.465,0.0745,0.0175,0.0418,0.0174,0.2185,0.068,0.1808,0.095,0.1519,0.0505,0.0436,0.0177,0.0752,0.0332,0.8952,0.3585
9976,-117.995,34.465,0.0734,0.0174,0.0419,0.0175,0.2115,0.0656,0.1784,0.0953,0.1504,0.0497,0.0427,0.0177,0.0745,0.0329,0.9136,0.3649
9977,-117.985,34.465,0.0723,0.0172,0.0422,0.0177,0.2047,0.0633,0.1757,0.0951,0.1488,0.0489,0.0419,0.0177,0.0738,0.0327,0.9728,0.3914
9978,-117.975,34.465,0.0955,0.0248,0.0534,0.024,0.2545,0.0857,0.2229,0.1306,0.1962,0.0695,0.0538,0.0251,0.0956,0.046,1.1739,0.5095
9979,-117.965,34.465,0.1154,0.0319,0.0648,0.0304,0.3048,0.1083,0.2702,0.1654,0.2355,0.0884,0.0659,0.0324,0.1176,0.0595,1.3437,0.616
9980,-117.955,34.465,0.1144,0.0319,0.0667,0.0316,0.3014,0.1073,0.2689,0.1614,0.2356,0.0885,0.0663,0.0329,0.1188,0.0605,1.4107,0.6674
9981,-117.945,34.465,0.1132,0.0318,0.0684,0.0328,0.2948,0.1048,0.2643,0.1551,0.2369,0.0894,0.0661,0.0328,0.1187,0.0606,1.459,0.7089
9982,-117.935,34.465,0.1114,0.0315,0.07,0.0339,0.2852,0.1009,0.2566,0.1464,0.2383,0.0905,0.0654,0.0322,0.1171,0.0598,1.4847,0.724
9983,-117.925,34.465,0.1083,0.0307,0.0636,0.0303,0.2788,0.099,0.2516,0.1409,0.237,0.0904,0.0657,0.0321,0.1169,0.0601,1.4888,0.7146
9984,-117.915,34.465,0.1059,0.0303,0.0575,0.0269,0.2733,0.0975,0.247,0.1358,0.2367,0.0914,0.0662,0.0321,0.1169,0.0604,1.4806,0.6945
9985,-117.905,34.465,0.1079,0.0313,0.0613,0.0293,0.2682,0.0956,0.2421,0.1302,0.246,0.0964,0.0662,0.0317,0.1163,0.0602,1.4845,0.7016
9986,-117.895,34.465,0.1072,0.0313,0.0632,0.0306,0.2597,0.0923,0.2338,0.1228,0.2493,0.0985,0.0653,0.0307,0.114,0.0588,1.4432,0.6718
9987,-117.885,34.465,0.1049,0.0307,0.063,0.0309,0.2477,0.0875,0.2219,0.1136,0.2483,0.0986,0.0634,0.0292,0.1099,0.0563,1.3304,0.5927
9988,-117.875,34.465,0.07,0.0187,0.0585,0.0282,0.2081,0.071,0.1854,0.0903,0.171,0.0613,0.0537,0.0236,0.0927,0.0459,1.1968,0.5032
9989,-117.865,34.465,0.0703,0.0189,0.0542,0.0257,0.1745,0.057,0.1542,0.0704,0.1745,0.0628,0.0457,0.0189,0.0781,0.037,1.1289,0.4685
9990,-117.855,34.465,0.0763,0.021,0.0556,0.0268,0.1978,0.0672,0.1743,0.0815,0.1909,0.0706,0.0531,0.0224,0.0896,0.044,1.1908,0.5056
9991,-117.845,34.465,0.089,0.0259,0.0567,0.0276,0.2206,0.0782,0.1944,0.0937,0.2216,0.0871,0.0611,0.0265,0.1014,0.0517,1.2383,0.5463
9992,-117.835,34.465,0.0978,0.0295,0.0573,0.028,0.2428,0.0899,0.2144,0.1068,0.2403,0.0981,0.0698,0.0311,0.1134,0.0599,1.2567,0.5725
9993,-117.825,34.465,0.0987,0.0301,0.0593,0.0291,0.2398,0.089,0.2119,0.1051,0.2401,0.0988,0.0709,0.0316,0.1128,0.0597,1.2405,0.5719
9994,-117.815,34.465,0.0985,0.03,0.0622,0.0308,0.233,0.0861,0.206,0.1013,0.2385,0.0972,0.071,0.0316,0.1104,0.0582,1.2623,0.6099
9995,-117.805,34.465,0.1028,0.0318,0.0682,0.0346,0.2328,0.0865,0.2065,0.1018,0.2459,0.1015,0.0735,0.033,0.1114,0.0591,1.2664,0.6329
9996,-117.795,34.465,0.1028,0.032,0.0713,0.0365,0.2322,0.0868,0.2067,0.1022,0.2435,0.1007,0.0759,0.0343,0.1122,0.0599,1.256,0.6423
9997,-117.785,34.465,0.1036,0.0326,0.0714,0.0367,0.2311,0.0868,0.2066,0.1023,0.243,0.1011,0.0783,0.0357,0.1128,0.0606,1.2348,0.6423
9998,-117.775,34.465,0.1091,0.0352,0.0726,0.0376,0.2376,0.091,0.2137,0.1075,0.2522,0.1076,0.0841,0.0392,0.1176,0.0643,1.2169,0.6556
9999,-117.765,34.465,0.1107,0.0362,0.0737,0.0384,0.2438,0.0949,0.2205,0.1124,0.2533,0.1089,0.0899,0.0427,0.1222,0.068,1.1943,0.6505
10000,-117.755,34.465,0.1081,0.0354,0.0727,0.0378,0.2407,0.0937,0.2188,0.1112,0.2463,0.1052,0.092,0.0441,0.1218,0.068,1.1713,0.6422
10001,-117.745,34.465,0.1101,0.0365,0.0724,0.0377,0.2378,0.0927,0.2173,0.11,0.2486,0.1074,0.0942,0.0456,0.1216,0.068,1.149,0.6353
10002,-117.735,34.465,0.1102,0.0368,0.0726,0.038,0.2352,0.0918,0.2161,0.109,0.2471,0.1072,0.0966,0.0473,0.1214,0.0682,1.1274,0.6279
10003,-117.725,34.465,0.1093,0.0368,0.0726,0.0381,0.2322,0.0907,0.2145,0.1076,0.244,0.106,0.0987,0.0488,0.121,0.0682,1.1057,0.6181
10004,-117.715,34.465,0.1088,0.0369,0.0725,0.0383,0.229,0.0895,0.2128,0.1061,0.2419,0.1054,0.1006,0.0504,0.1205,0.0681,1.0846,0.6086
10005,-117.705,34.465,0.1078,0.0368,0.0723,0.0383,0.2259,0.0883,0.211,0.1047,0.239,0.1043,0.1022,0.0519,0.12,0.068,1.0639,0.5983
10006,-117.695,34.465,0.1063,0.0364,0.0718,0.0382,0.2226,0.0871,0.2091,0.1031,0.2352,0.1026,0.1037,0.0533,0.1195,0.0679,1.0431,0.5848
10007,-117.685,34.465,0.1046,0.036,0.071,0.0378,0.2193,0.0859,0.2071,0.1016,0.2312,0.1007,0.1049,0.0547,0.1189,0.0677,1.0231,0.5713
10008,-117.675,34.465,0.1028,0.0355,0.0701,0.0374,0.2155,0.0844,0.2043,0.0998,0.227,0.0988,0.1055,0.0558,0.1179,0.0672,1.0037,0.5573
10009,-117.665,34.465,0.1008,0.0349,0.0692,0.0369,0.2115,0.0829,0.2014,0.0981,0.2227,0.0968,0.1058,0.0568,0.1169,0.0667,0.9846,0.5433
10010,-117.655,34.465,0.0989,0.0344,0.0683,0.0365,0.2076,0.0814,0.1984,0.0965,0.2185,0.0948,0.1059,0.0576,0.1158,0.0662,0.9657,0.5295
10011,-118.945,34.475,0.0562,0.0221,0.0537,0.0283,0.1989,0.0838,0.3586,0.1666,0.0922,0.035,0.0211,0.0228,0.2325,0.1024,0.234,0.0951
10012,-118.935,34.475,0.0571,0.0223,0.0537,0.0282,0.2026,0.0855,0.3678,0.1709,0.0928,0.0351,0.0212,0.0228,0.2315,0.102,0.2357,0.0953
10013,-118.925,34.475,0.058,0.0226,0.0537,0.0281,0.2064,0.0874,0.3774,0.1754,0.0933,0.0352,0.0213,0.0227,0.2306,0.1016,0.2378,0.0957
10014,-118.915,34.475,0.0615,0.0241,0.0551,0.0288,0.2125,0.0906,0.3906,0.1826,0.0978,0.0373,0.0217,0.023,0.2318,0.1027,0.251,0.1027
10015,-118.905,34.475,0.0732,0.0297,0.0627,0.0339,0.2294,0.1007,0.4214,0.2033,0.1148,0.0457,0.0235,0.0251,0.2437,0.1109,0.267,0.1117
10016,-118.895,34.475,0.075,0.0304,0.0666,0.0363,0.2464,0.111,0.4523,0.2239,0.1167,0.0465,0.0253,0.0271,0.2555,0.119,0.282,0.1204
10017,-118.885,34.475,0.0759,0.0306,0.0665,0.0362,0.2635,0.1213,0.4833,0.2446,0.1175,0.0466,0.0272,0.029,0.2672,0.1271,0.2936,0.127
10018,-118.875,34.475,0.0769,0.0308,0.0665,0.036,0.2702,0.1254,0.4982,0.2528,0.118,0.0466,0.0279,0.0294,0.2683,0.1281,0.2982,0.1289
10019,-118.865,34.475,0.0778,0.031,0.0664,0.0358,0.2748,0.1283,0.5097,0.2584,0.1185,0.0465,0.0284,0.0295,0.2671,0.1276,0.3016,0.1299
10020,-118.855,34.475,0.0787,0.0311,0.0663,0.0357,0.2789,0.1309,0.5209,0.2636,0.1188,0.0464,0.029,0.0296,0.2656,0.1268,0.3045,0.1306
10021,-118.845,34.475,0.0795,0.0312,0.0662,0.0355,0.283,0.1337,0.5323,0.2688,0.119,0.0462,0.0295,0.0297,0.264,0.1261,0.307,0.131
10022,-118.835,34.475,0.0803,0.0314,0.0662,0.0354,0.2871,0.1366,0.5439,0.274,0.1191,0.0459,0.0302,0.0298,0.2623,0.1253,0.3092,0.1311
10023,-118.825,34.475,0.081,0.0314,0.0662,0.0352,0.2909,0.1396,0.556,0.2794,0.1191,0.0456,0.0308,0.03,0.2606,0.1244,0.3112,0.1312
10024,-118.815,34.475,0.0817,0.0315,0.0661,0.0351,0.2948,0.1427,0.5683,0.285,0.119,0.0452,0.0316,0.0301,0.2589,0.1235,0.313,0.131
10025,-118.805,34.475,0.0823,0.0315,0.0662,0.035,0.2984,0.146,0.581,0.2907,0.1187,0.0448,0.0323,0.0304,0.2571,0.1226,0.3145,0.1307
10026,-118.795,34.475,0.0828,0.0315,0.0662,0.0349,0.3018,0.1494,0.594,0.2965,0.1184,0.0443,0.0331,0.0306,0.2552,0.1217,0.3158,0.1303
10027,-118.785,34.475,0.0833,0.0315,0.0663,0.0349,0.3052,0.1529,0.6074,0.3025,0.118,0.0438,0.034,0.0308,0.2532,0.1207,0.317,0.1298
10028,-118.775,34.475,0.0837,0.0314,0.0669,0.0351,0.3087,0.1567,0.6216,0.3089,0.1176,0.0433,0.0349,0.0311,0.2511,0.1197,0.3193,0.1301
10029,-118.765,34.475,0.0859,0.0322,0.068,0.0357,0.3141,0.1618,0.6384,0.3178,0.1199,0.0442,0.0361,0.0317,0.2501,0.1195,0.3244,0.1323
10030,-118.755,34.475,0.0896,0.0337,0.0707,0.0373,0.3285,0.1731,0.6664,0.3387,0.1248,0.0463,0.0385,0.0336,0.2547,0.1233,0.3335,0.1375
10031,-118.745,34.475,0.0888,0.033,0.0711,0.0375,0.3407,0.1794,0.6889,0.352,0.1248,0.0462,0.0398,0.0345,0.2535,0.1229,0.3364,0.1377
10032,-118.735,34.475,0.0868,0.0318,0.0693,0.0361,0.3506,0.1806,0.7058,0.3577,0.1242,0.0457,0.0401,0.0343,0.2465,0.1182,0.3421,0.1399
10033,-118.725,34.475,0.0867,0.0315,0.0696,0.0361,0.3707,0.188,0.7343,0.3758,0.1265,0.0466,0.0416,0.0353,0.2447,0.1174,0.3505,0.144
10034,-118.715,34.475,0.0875,0.0316,0.0702,0.0363,0.3932,0.1968,0.7652,0.3965,0.1301,0.0483,0.0433,0.0366,0.244,0.1174,0.3612,0.1498
10035,-118.705,34.475,0.0882,0.0316,0.0712,0.0368,0.4173,0.206,0.7962,0.4181,0.1338,0.05,0.0451,0.038,0.2432,0.1173,0.3724,0.156
10036,-118.695,34.475,0.0877,0.0311,0.0697,0.0357,0.4365,0.2109,0.821,0.4317,0.1361,0.051,0.0461,0.0385,0.2389,0.1147,0.3795,0.159
10037,-118.685,34.475,0.0815,0.0281,0.066,0.0331,0.4508,0.2114,0.8394,0.4372,0.13,0.0477,0.0461,0.038,0.2312,0.1097,0.3832,0.1595
10038,-118.675,34.475,0.0829,0.0285,0.0683,0.0344,0.4716,0.2169,0.862,0.4517,0.1352,0.0502,0.047,0.0385,0.2274,0.1077,0.3861,0.1592
10039,-118.665,34.475,0.0854,0.0293,0.0709,0.0359,0.4926,0.2224,0.8841,0.4655,0.1422,0.0536,0.0477,0.0389,0.2239,0.1057,0.3982,0.1659
10040,-118.655,34.475,0.0815,0.0273,0.0682,0.034,0.5084,0.2224,0.8997,0.467,0.1394,0.052,0.0471,0.0379,0.2172,0.1014,0.4056,0.169
10041,-118.645,34.475,0.08,0.0265,0.0672,0.0332,0.5297,0.2268,0.9171,0.4758,0.1404,0.0523,0.0471,0.0378,0.2135,0.0993,0.4142,0.1731
10042,-118.635,34.475,0.0799,0.0262,0.0678,0.0334,0.5566,0.2356,0.9363,0.492,0.1435,0.0537,0.0479,0.0383,0.2128,0.0993,0.4256,0.1794
10043,-118.625,34.475,0.0795,0.0258,0.0716,0.0357,0.5998,0.258,0.9606,0.5289,0.1454,0.0546,0.0508,0.0409,0.2195,0.1044,0.4407,0.1888
10044,-118.615,34.475,0.0894,0.0297,0.0749,0.0377,0.6412,0.2787,0.9798,0.5598,0.1638,0.0643,0.0533,0.0431,0.2247,0.1086,0.4691,0.2105
10045,-118.605,34.475,0.0897,0.0294,0.072,0.0357,0.6578,0.2775,0.9688,0.5399,0.1654,0.065,0.0517,0.041,0.2154,0.1025,0.4755,0.2131
10046,-118.595,34.475,0.0844,0.0267,0.0709,0.0348,0.6806,0.2813,0.9593,0.5232,0.157,0.0601,0.0511,0.0398,0.209,0.0985,0.4699,0.2052
10047,-118.585,34.475,0.086,0.027,0.0715,0.0351,0.7097,0.29,0.9514,0.5098,0.1596,0.0613,0.0514,0.0396,0.2056,0.0966,0.4723,0.2048
10048,-118.575,34.475,0.0883,0.0275,0.0719,0.0352,0.7423,0.3015,0.9434,0.4955,0.1628,0.0627,0.0525,0.0398,0.2038,0.0958,0.479,0.2083
10049,-118.565,34.475,0.0887,0.0273,0.0732,0.0359,0.7807,0.3196,0.9387,0.4879,0.1623,0.0621,0.0547,0.0411,0.2049,0.0972,0.488,0.2137
10050,-118.555,34.475,0.0944,0.0292,0.0791,0.0395,0.8435,0.367,0.9494,0.5144,0.1698,0.0658,0.0615,0.0468,0.219,0.1077,0.503,0.225
10051,-118.545,34.475,0.1048,0.0329,0.0814,0.0408,0.8892,0.3929,0.9461,0.5107,0.1842,0.0735,0.0646,0.0489,0.2225,0.1105,0.525,0.2433
10052,-118.535,34.475,0.1034,0.0318,0.0801,0.0398,0.9178,0.3972,0.9288,0.4768,0.1794,0.0703,0.0642,0.0476,0.2154,0.1058,0.5242,0.2397
10053,-118.525,34.475,0.1043,0.0316,0.0812,0.0404,0.9525,0.4086,0.911,0.453,0.178,0.0691,0.0646,0.0469,0.2104,0.1027,0.5261,0.2388
10054,-118.515,34.475,0.111,0.0337,0.0813,0.0404,0.9904,0.4221,0.8911,0.4311,0.185,0.0726,0.0651,0.0463,0.2054,0.0997,0.5266,0.2364
10055,-118.505,34.475,0.1093,0.0325,0.0741,0.0358,1.0378,0.4387,0.8617,0.4089,0.1794,0.0694,0.0646,0.0449,0.1978,0.0951,0.5227,0.2302
10056,-118.495,34.475,0.0959,0.0268,0.0699,0.0331,1.0966,0.4635,0.8402,0.3946,0.1569,0.057,0.0652,0.0445,0.1932,0.0925,0.5096,0.2177
10057,-118.485,34.475,0.0967,0.0265,0.0686,0.0323,1.1666,0.4965,0.8267,0.3882,0.1557,0.0562,0.0669,0.045,0.1918,0.0919,0.5107,0.2164
10058,-118.475,34.475,0.098,0.0263,0.0732,0.0351,1.2465,0.549,0.8239,0.3962,0.1556,0.0559,0.0712,0.0474,0.196,0.0952,0.524,0.224
10059,-118.465,34.475,0.1131,0.0309,0.0769,0.0373,1.3153,0.5882,0.8133,0.3966,0.1756,0.0658,0.0742,0.0488,0.1974,0.0965,0.54,0.2335
10060,-118.455,34.475,0.1076,0.0282,0.0708,0.0335,1.3198,0.5433,0.7536,0.3453,0.166,0.0606,0.0688,0.043,0.1791,0.0846,0.5326,0.2253
10061,-118.445,34.475,0.1022,0.0256,0.0676,0.0315,1.3242,0.5224,0.7128,0.3158,0.1566,0.0557,0.0668,0.04,0.1691,0.0782,0.5289,0.2209
10062,-118.435,34.475,0.1035,0.0253,0.0673,0.0314,1.3287,0.5254,0.6909,0.308,0.1569,0.0557,0.0683,0.04,0.1674,0.0774,0.5326,0.2216
10063,-118.425,34.475,0.1047,0.0249,0.067,0.0311,1.3032,0.5162,0.6678,0.2996,0.1575,0.0559,0.0692,0.0398,0.1654,0.0765,0.541,0.2256
10064,-118.415,34.475,0.1058,0.0245,0.0659,0.0305,1.2583,0.4969,0.6375,0.2869,0.1584,0.0563,0.0691,0.0388,0.1614,0.0744,0.5491,0.2294
10065,-118.405,34.475,0.1023,0.0227,0.0612,0.0277,1.148,0.4404,0.5734,0.2537,0.1531,0.0539,0.0637,0.0347,0.147,0.0663,0.5246,0.2124
10066,-118.395,34.475,0.1029,0.0221,0.0607,0.0274,1.0969,0.4163,0.5444,0.2413,0.154,0.0544,0.0629,0.0334,0.1428,0.0641,0.5254,0.2113
10067,-118.385,34.475,0.1086,0.0229,0.0644,0.0296,1.105,0.4246,0.5506,0.2497,0.162,0.0583,0.0668,0.0351,0.1487,0.0675,0.5439,0.2214
10068,-118.375,34.475,0.1094,0.0223,0.0626,0.0285,1.0568,0.4023,0.5275,0.2408,0.1638,0.0592,0.0665,0.0342,0.1455,0.0658,0.567,0.2343
10069,-118.365,34.475,0.1015,0.0194,0.0603,0.0272,1.0023,0.3768,0.5015,0.2305,0.1532,0.0542,0.0659,0.033,0.1413,0.0636,0.5502,0.2226
10070,-118.355,34.475,0.0992,0.0181,0.0607,0.0274,0.9734,0.3662,0.4913,0.2301,0.1507,0.0531,0.0677,0.0332,0.1418,0.0642,0.565,0.23
10071,-118.345,34.475,0.1102,0.02,0.0616,0.028,0.9495,0.3586,0.4845,0.232,0.1674,0.061,0.0702,0.0338,0.1436,0.0654,0.5936,0.2463
10072,-118.335,34.475,0.1135,0.02,0.063,0.0288,0.9306,0.3539,0.4812,0.2361,0.173,0.0638,0.0734,0.0347,0.1465,0.0674,0.6235,0.264
10073,-118.325,34.475,0.1133,0.0194,0.0624,0.0285,0.8995,0.3409,0.4695,0.2328,0.1732,0.0639,0.0749,0.0345,0.146,0.0673,0.6389,0.2723
10074,-118.315,34.475,0.1141,0.0193,0.0616,0.028,0.8656,0.3258,0.4558,0.2276,0.1747,0.0646,0.076,0.0341,0.1446,0.0667,0.6493,0.2769
10075,-118.305,34.475,0.1149,0.0196,0.0612,0.0278,0.8304,0.3093,0.4405,0.2201,0.176,0.0653,0.0765,0.0333,0.1423,0.0656,0.6597,0.2814
10076,-118.295,34.475,0.1157,0.0201,0.0608,0.0276,0.7977,0.2942,0.4266,0.2134,0.1769,0.0657,0.0773,0.0326,0.1403,0.0646,0.6713,0.2868
10077,-118.285,34.475,0.1164,0.0207,0.0603,0.0274,0.7675,0.2805,0.4139,0.2073,0.1774,0.066,0.0783,0.032,0.1387,0.0639,0.6836,0.2924
10078,-118.275,34.475,0.117,0.0212,0.0599,0.0272,0.7439,0.2705,0.405,0.2036,0.1776,0.066,0.0803,0.0317,0.1385,0.0641,0.6984,0.2996
10079,-118.265,34.475,0.1178,0.0218,0.0599,0.0273,0.7132,0.257,0.3915,0.1968,0.1778,0.0661,0.0812,0.0309,0.1365,0.0632,0.7008,0.2982
10080,-118.255,34.475,0.1222,0.0234,0.0621,0.0286,0.6409,0.2226,0.3519,0.1721,0.1829,0.0686,0.0757,0.0271,0.1239,0.0562,0.6942,0.2909
10081,-118.245,34.475,0.1205,0.0233,0.0578,0.0263,0.5862,0.1968,0.3228,0.1545,0.1793,0.0667,0.0726,0.0245,0.1155,0.0515,0.6904,0.2867
10082,-118.235,34.475,0.0971,0.0181,0.0469,0.0203,0.5493,0.1796,0.3042,0.1438,0.1443,0.0504,0.0721,0.023,0.1112,0.0491,0.6671,0.2718
10083,-118.225,34.475,0.1146,0.0227,0.0546,0.0247,0.5196,0.1671,0.2891,0.1356,0.1687,0.0614,0.0724,0.0218,0.108,0.0475,0.6875,0.282
10084,-118.215,34.475,0.1294,0.0271,0.0645,0.0303,0.5128,0.167,0.2885,0.1375,0.1887,0.0713,0.0771,0.0224,0.1108,0.0496,0.7448,0.3157
10085,-118.205,34.475,0.128,0.0273,0.067,0.0319,0.6108,0.2226,0.3551,0.1856,0.1864,0.0701,0.103,0.0311,0.1421,0.069,0.8242,0.3674
10086,-118.195,34.475,0.1466,0.0331,0.0684,0.0327,0.6237,0.2307,0.3645,0.1925,0.2134,0.0837,0.1085,0.0331,0.148,0.0727,0.9066,0.4288
10087,-118.185,34.475,0.1443,0.0328,0.0688,0.0329,0.5515,0.1914,0.3165,0.1582,0.2123,0.0826,0.0936,0.0283,0.1283,0.0606,0.8912,0.4087
10088,-118.175,34.475,0.121,0.0263,0.07,0.0336,0.547,0.1905,0.315,0.1576,0.1817,0.0664,0.0948,0.0297,0.1296,0.0615,0.8798,0.3918
10089,-118.165,34.475,0.1469,0.0343,0.0697,0.0333,0.5455,0.1925,0.3166,0.1598,0.2205,0.086,0.0973,0.0314,0.1325,0.0634,0.9348,0.4308
10090,-118.155,34.475,0.1366,0.0316,0.0614,0.0284,0.4912,0.1708,0.2875,0.1428,0.2076,0.0791,0.0899,0.029,0.1217,0.0575,0.9333,0.4284
10091,-118.145,34.475,0.1174,0.0261,0.0562,0.0253,0.46,0.16,0.2735,0.1356,0.182,0.0654,0.0868,0.0278,0.1172,0.0553,0.9352,0.4254
10092,-118.135,34.475,0.111,0.0246,0.0541,0.024,0.4519,0.1602,0.2748,0.1382,0.1741,0.0613,0.0881,0.0279,0.119,0.0567,0.9235,0.4116
10093,-118.125,34.475,0.0832,0.0174,0.0543,0.0241,0.4478,0.1586,0.2783,0.1402,0.1323,0.0432,0.0885,0.0274,0.1203,0.0574,0.9041,0.3919
10094,-118.115,34.475,0.1063,0.0239,0.0535,0.0237,0.4304,0.1507,0.273,0.1365,0.1713,0.0596,0.0856,0.0259,0.1176,0.0557,0.9298,0.4037
10095,-118.105,34.475,0.0862,0.0186,0.0452,0.0192,0.3446,0.1138,0.2226,0.1058,0.143,0.0474,0.0674,0.0201,0.0953,0.0429,0.8718,0.3682
10096,-118.095,34.475,0.0816,0.0176,0.0411,0.017,0.2944,0.093,0.1954,0.0898,0.1393,0.046,0.0571,0.0171,0.0833,0.0362,0.8489,0.3522
10097,-118.085,34.475,0.0809,0.0176,0.0412,0.0171,0.28,0.0884,0.1913,0.0885,0.1419,0.0471,0.0545,0.0169,0.0816,0.0354,0.859,0.355
10098,-118.075,34.475,0.0798,0.0175,0.0412,0.0171,0.2694,0.085,0.1892,0.0884,0.1438,0.048,0.0528,0.0169,0.0807,0.035,0.8371,0.3412
10099,-118.065,34.475,0.079,0.0175,0.0412,0.0171,0.2598,0.082,0.1875,0.0888,0.1459,0.0489,0.0512,0.017,0.0799,0.0348,0.8502,0.3457
10100,-118.055,34.475,0.0781,0.0175,0.0412,0.0171,0.2517,0.0794,0.1862,0.0896,0.1476,0.0497,0.0499,0.0171,0.0793,0.0346,0.8672,0.3523
10101,-118.045,34.475,0.0771,0.0174,0.0412,0.0171,0.2438,0.0769,0.185,0.0906,0.1488,0.0502,0.0488,0.0173,0.0786,0.0343,0.885,0.3593
10102,-118.035,34.475,0.076,0.0173,0.0412,0.0171,0.2361,0.0743,0.1837,0.0918,0.1496,0.0505,0.0477,0.0174,0.078,0.0341,0.9033,0.3667
10103,-118.025,34.475,0.075,0.0172,0.0412,0.0171,0.2287,0.0718,0.1823,0.0933,0.1498,0.0506,0.0467,0.0176,0.0773,0.0339,0.9217,0.3742
10104,-118.015,34.475,0.0738,0.0171,0.0411,0.0171,0.2214,0.0694,0.1809,0.0949,0.1494,0.0503,0.0458,0.0178,0.0765,0.0336,0.9381,0.3807
10105,-118.005,34.475,0.0727,0.017,0.0411,0.0171,0.2143,0.067,0.1791,0.0966,0.1485,0.0498,0.0449,0.018,0.0758,0.0333,0.9542,0.3867
10106,-117.995,34.475,0.0715,0.0168,0.0415,0.0174,0.2085,0.065,0.178,0.0988,0.1473,0.0492,0.0443,0.0182,0.0754,0.0333,0.9751,0.3951
10107,-117.985,34.475,0.0725,0.0173,0.0424,0.0179,0.2038,0.0635,0.1774,0.1013,0.1503,0.0503,0.0439,0.0184,0.0755,0.0334,1.057,0.4343
10108,-117.975,34.475,0.114,0.0311,0.0514,0.0229,0.2339,0.0769,0.2065,0.1226,0.2342,0.0894,0.0514,0.0231,0.0893,0.0418,1.231,0.533
10109,-117.965,34.475,0.0958,0.0252,0.0605,0.028,0.2681,0.0923,0.239,0.1455,0.2002,0.0724,0.0601,0.0284,0.105,0.0514,1.3661,0.6121
10110,-117.955,34.475,0.0875,0.0228,0.062,0.0291,0.2883,0.1019,0.2588,0.1576,0.1855,0.0659,0.0664,0.0323,0.1163,0.0586,1.4199,0.6501
10111,-117.945,34.475,0.1061,0.0294,0.0649,0.0309,0.2942,0.105,0.2653,0.1593,0.2263,0.0855,0.0692,0.034,0.1214,0.062,1.5238,0.7494
10112,-117.935,34.475,0.1099,0.0311,0.0692,0.0336,0.286,0.1017,0.2585,0.1504,0.2378,0.0918,0.0685,0.0335,0.1204,0.0616,1.5272,0.758
10113,-117.925,34.475,0.1153,0.0336,0.0701,0.0343,0.2561,0.0893,0.2314,0.1289,0.253,0.1007,0.0621,0.0296,0.1091,0.055,1.4613,0.6987
10114,-117.915,34.475,0.1052,0.0301,0.0681,0.0333,0.2277,0.0775,0.2054,0.1087,0.2372,0.0923,0.0559,0.0258,0.0984,0.0487,1.357,0.6067
10115,-117.905,34.475,0.0859,0.0235,0.055,0.0256,0.2281,0.0779,0.2054,0.1066,0.1993,0.0737,0.0571,0.0261,0.1,0.0497,1.2771,0.563
10116,-117.895,34.475,0.0661,0.0171,0.0464,0.0207,0.2351,0.0814,0.2111,0.1087,0.157,0.0545,0.0602,0.0274,0.1048,0.0527,1.2508,0.5483
10117,-117.885,34.475,0.0614,0.0157,0.0422,0.0185,0.2487,0.0882,0.2227,0.1149,0.1481,0.0509,0.0651,0.0297,0.1126,0.0578,1.1973,0.5149
10118,-117.875,34.475,0.0611,0.0157,0.0414,0.0182,0.2144,0.0736,0.1908,0.094,0.1493,0.0517,0.0566,0.0247,0.0975,0.0485,1.1384,0.4789
10119,-117.865,34.475,0.07,0.0191,0.0447,0.0203,0.1832,0.0604,0.1617,0.075,0.1715,0.0634,0.0491,0.0203,0.0839,0.0401,1.1251,0.475
10120,-117.855,34.475,0.1079,0.033,0.0645,0.0323,0.2153,0.0758,0.1899,0.0924,0.2612,0.1092,0.0596,0.0256,0.1003,0.0507,1.2398,0.5901
10121,-117.845,34.475,0.1079,0.0332,0.0746,0.0386,0.2376,0.0869,0.2096,0.1046,0.2615,0.1101,0.0676,0.0297,0.1122,0.0586,1.2765,0.6371
10122,-117.835,34.475,0.1085,0.0337,0.0751,0.039,0.2502,0.0939,0.2208,0.1118,0.2621,0.1111,0.0733,0.0327,0.1194,0.0636,1.264,0.636
10123,-117.825,34.475,0.1007,0.0308,0.0736,0.0381,0.2435,0.0911,0.2149,0.1077,0.2442,0.1007,0.0731,0.0324,0.117,0.0621,1.2394,0.6154
10124,-117.815,34.475,0.1054,0.0329,0.072,0.0371,0.235,0.0874,0.2074,0.1026,0.2522,0.1062,0.0726,0.032,0.1136,0.06,1.229,0.6227
10125,-117.805,34.475,0.1063,0.0335,0.0718,0.037,0.237,0.0892,0.2097,0.1045,0.252,0.1067,0.0759,0.0338,0.1159,0.0619,1.2145,0.6273
10126,-117.795,34.475,0.1043,0.0329,0.0721,0.0372,0.2372,0.09,0.2107,0.1054,0.2459,0.1035,0.0786,0.0354,0.1173,0.0631,1.1964,0.6279
10127,-117.785,34.475,0.1072,0.0344,0.0728,0.0378,0.2358,0.0899,0.2102,0.1052,0.2499,0.1067,0.0809,0.0367,0.1177,0.0637,1.1756,0.6252
10128,-117.775,34.475,0.1098,0.0357,0.0733,0.0382,0.2381,0.0918,0.2133,0.1075,0.253,0.1093,0.085,0.0392,0.1201,0.0657,1.1569,0.629
10129,-117.765,34.475,0.1098,0.036,0.0736,0.0386,0.2403,0.0936,0.2163,0.1098,0.2511,0.1088,0.0891,0.0416,0.1225,0.0678,1.136,0.6229
10130,-117.755,34.475,0.1096,0.0362,0.0734,0.0385,0.2379,0.0929,0.2152,0.1091,0.2489,0.1082,0.0914,0.0431,0.1225,0.068,1.115,0.6147
10131,-117.745,34.475,0.1092,0.0363,0.0731,0.0384,0.2355,0.0922,0.214,0.1083,0.2466,0.1073,0.0937,0.0447,0.1224,0.0683,1.0945,0.6066
10132,-117.735,34.475,0.1086,0.0364,0.0728,0.0383,0.2331,0.0914,0.2129,0.1074,0.244,0.1064,0.096,0.0463,0.1223,0.0685,1.0742,0.5977
10133,-117.725,34.475,0.1078,0.0363,0.0723,0.0382,0.2302,0.0904,0.2115,0.1063,0.2411,0.1052,0.0981,0.0479,0.122,0.0685,1.0542,0.5875
10134,-117.715,34.475,0.1068,0.0362,0.0718,0.038,0.2273,0.0894,0.2099,0.1051,0.2379,0.1039,0.1,0.0494,0.1216,0.0685,1.0348,0.5769
10135,-117.705,34.475,0.1056,0.036,0.0712,0.0378,0.2241,0.0882,0.208,0.1037,0.2345,0.1024,0.1016,0.0508,0.121,0.0683,1.0158,0.5658
10136,-117.695,34.475,0.1043,0.0357,0.0705,0.0375,0.2208,0.087,0.2059,0.1023,0.231,0.1009,0.103,0.0522,0.1204,0.0681,0.9965,0.5538
10137,-117.685,34.475,0.1028,0.0354,0.0698,0.0372,0.2173,0.0857,0.2036,0.1007,0.2273,0.0992,0.1041,0.0535,0.1196,0.0678,0.9781,0.5414
10138,-117.675,34.475,0.1012,0.035,0.0691,0.0368,0.2137,0.0843,0.2011,0.0992,0.2235,0.0975,0.1048,0.0546,0.1187,0.0674,0.9601,0.5289
10139,-117.665,34.475,0.0996,0.0345,0.0683,0.0365,0.2101,0.083,0.1985,0.0978,0.2197,0.0957,0.1053,0.0557,0.1178,0.067,0.9424,0.5166
10140,-117.655,34.475,0.098,0.0341,0.0676,0.0361,0.2066,0.0817,0.1958,0.0965,0.2159,0.094,0.1057,0.0566,0.1169,0.0666,0.9251,0.5046
10141,-118.945,34.485,0.0553,0.0217,0.053,0.0279,0.1973,0.0827,0.3518,0.1629,0.0905,0.0343,0.0213,0.0224,0.2368,0.1042,0.2351,0.095
10142,-118.935,34.485,0.0561,0.0219,0.053,0.0278,0.2009,0.0844,0.3606,0.167,0.091,0.0344,0.0214,0.0224,0.2358,0.1038,0.2366,0.0952
10143,-118.925,34.485,0.057,0.0221,0.053,0.0277,0.2046,0.0861,0.3697,0.1711,0.0915,0.0345,0.0215,0.0224,0.2347,0.1033,0.2381,0.0952
10144,-118.915,34.485,0.0578,0.0223,0.0535,0.0279,0.2083,0.0879,0.3789,0.1753,0.092,0.0345,0.0217,0.0224,0.2336,0.1028,0.2448,0.0982
10145,-118.905,34.485,0.0586,0.0225,0.0566,0.0299,0.2121,0.0897,0.3882,0.1794,0.0927,0.0347,0.0219,0.0223,0.2324,0.1023,0.2547,0.1032
10146,-118.895,34.485,0.0649,0.0254,0.0594,0.0316,0.2288,0.0997,0.4184,0.1994,0.1015,0.0389,0.0237,0.0243,0.2442,0.1104,0.269,0.1111
10147,-118.885,34.485,0.0722,0.0288,0.0619,0.0332,0.2586,0.1178,0.4696,0.2353,0.1116,0.0438,0.0272,0.0284,0.269,0.1272,0.2869,0.1213
10148,-118.875,34.485,0.0755,0.0302,0.0639,0.0345,0.2679,0.1235,0.4885,0.2466,0.1156,0.0456,0.0282,0.0292,0.2726,0.1299,0.298,0.1277
10149,-118.865,34.485,0.0764,0.0303,0.0655,0.0355,0.2729,0.1266,0.5006,0.2527,0.1161,0.0455,0.0287,0.0293,0.2717,0.1296,0.3034,0.1301
10150,-118.855,34.485,0.0772,0.0305,0.0655,0.0353,0.2772,0.1293,0.512,0.258,0.1164,0.0454,0.0292,0.0294,0.2701,0.1289,0.3069,0.1311
10151,-118.845,34.485,0.0781,0.0306,0.0655,0.0352,0.2815,0.1321,0.5237,0.2634,0.1167,0.0453,0.0297,0.0295,0.2685,0.1281,0.3099,0.1317
10152,-118.835,34.485,0.0789,0.0307,0.0655,0.0351,0.2858,0.135,0.5356,0.2688,0.1168,0.045,0.0303,0.0296,0.2668,0.1273,0.3125,0.1322
10153,-118.825,34.485,0.0796,0.0308,0.0655,0.035,0.29,0.1381,0.5481,0.2744,0.1169,0.0448,0.0309,0.0298,0.265,0.1264,0.315,0.1325
10154,-118.815,34.485,0.0803,0.0309,0.0655,0.0349,0.2942,0.1413,0.5609,0.2802,0.1169,0.0445,0.0316,0.03,0.2632,0.1255,0.3173,0.1326
10155,-118.805,34.485,0.0809,0.0309,0.0656,0.0348,0.2984,0.1447,0.5742,0.2861,0.1168,0.0441,0.0323,0.0302,0.2614,0.1246,0.3195,0.1327
10156,-118.795,34.485,0.0815,0.0309,0.0657,0.0347,0.3028,0.1483,0.588,0.2923,0.1167,0.0438,0.033,0.0304,0.2595,0.1237,0.3215,0.1327
10157,-118.785,34.485,0.082,0.0309,0.0658,0.0347,0.3072,0.152,0.6023,0.2988,0.1166,0.0435,0.0338,0.0307,0.2575,0.1227,0.3238,0.1328
10158,-118.775,34.485,0.0825,0.0309,0.0662,0.0348,0.3127,0.1562,0.6183,0.3063,0.1166,0.0432,0.0347,0.031,0.2556,0.1218,0.3273,0.1338
10159,-118.765,34.485,0.084,0.0314,0.067,0.0352,0.3205,0.162,0.6373,0.3167,0.1184,0.0438,0.0359,0.0317,0.255,0.1219,0.3335,0.1368
10160,-118.755,34.485,0.0887,0.0333,0.0694,0.0367,0.3389,0.1749,0.669,0.3405,0.1247,0.0468,0.0385,0.0339,0.2607,0.1267,0.3439,0.1428
10161,-118.745,34.485,0.0862,0.0319,0.0699,0.0368,0.3512,0.181,0.6913,0.3529,0.1223,0.0454,0.0397,0.0346,0.2593,0.1261,0.3463,0.1426
10162,-118.735,34.485,0.0848,0.0309,0.0684,0.0357,0.3574,0.1805,0.7044,0.3539,0.122,0.045,0.0396,0.0339,0.2507,0.1202,0.3517,0.1444
10163,-118.725,34.485,0.0855,0.031,0.0688,0.0357,0.3753,0.1872,0.7312,0.3691,0.1248,0.0463,0.0408,0.0347,0.2485,0.1191,0.3598,0.1483
10164,-118.715,34.485,0.0862,0.031,0.0695,0.036,0.3961,0.1955,0.7611,0.3873,0.128,0.0477,0.0423,0.0358,0.2476,0.119,0.3702,0.1538
10165,-118.705,34.485,0.0869,0.0311,0.0703,0.0364,0.4188,0.2042,0.7917,0.4064,0.1314,0.0492,0.0439,0.037,0.2465,0.1187,0.3814,0.1599
10166,-118.695,34.485,0.0874,0.0311,0.0701,0.0361,0.4336,0.206,0.812,0.4123,0.1348,0.0508,0.0442,0.0367,0.24,0.1147,0.3894,0.1636
10167,-118.685,34.485,0.0823,0.0285,0.0689,0.0352,0.4404,0.2009,0.8221,0.4049,0.1302,0.0483,0.0431,0.0352,0.2282,0.1068,0.3945,0.1649
10168,-118.675,34.485,0.0791,0.0269,0.0682,0.0345,0.4553,0.202,0.8385,0.4081,0.1283,0.0472,0.0432,0.0348,0.2218,0.1029,0.3976,0.1646
10169,-118.665,34.485,0.0775,0.0259,0.0674,0.0339,0.4733,0.2052,0.8574,0.4149,0.1288,0.0472,0.0436,0.0348,0.2172,0.1003,0.4046,0.1671
10170,-118.655,34.485,0.0778,0.0258,0.0661,0.0329,0.4983,0.2129,0.882,0.4288,0.1322,0.0488,0.0447,0.0356,0.2166,0.1003,0.4127,0.1705
10171,-118.645,34.485,0.0783,0.0259,0.0669,0.0333,0.5254,0.2221,0.9048,0.4444,0.1363,0.0507,0.0461,0.0366,0.2171,0.1011,0.4261,0.1782
10172,-118.635,34.485,0.0805,0.0266,0.0699,0.0351,0.5546,0.233,0.9259,0.4615,0.1432,0.0541,0.0478,0.0379,0.2189,0.1028,0.4452,0.1906
10173,-118.625,34.485,0.0829,0.0274,0.0747,0.038,0.5934,0.2516,0.9475,0.4882,0.1502,0.0578,0.0507,0.0402,0.2248,0.1074,0.4685,0.2074
10174,-118.615,34.485,0.0897,0.03,0.078,0.04,0.6288,0.2673,0.9625,0.5068,0.1628,0.0644,0.053,0.0419,0.2283,0.1104,0.4862,0.2195
10175,-118.605,34.485,0.0885,0.029,0.0725,0.0363,0.6387,0.2607,0.9448,0.4764,0.1608,0.0631,0.0509,0.0393,0.2162,0.1024,0.4879,0.2179
10176,-118.595,34.485,0.0837,0.0265,0.0701,0.0345,0.6593,0.263,0.9331,0.4582,0.1528,0.0584,0.0505,0.0383,0.2097,0.0983,0.4836,0.2114
10177,-118.585,34.485,0.0852,0.0267,0.0708,0.0349,0.6908,0.2742,0.9273,0.4521,0.1548,0.0592,0.0518,0.0388,0.2086,0.0981,0.489,0.2136
10178,-118.575,34.485,0.0874,0.0272,0.0727,0.036,0.7236,0.2868,0.9196,0.4444,0.1575,0.0604,0.0534,0.0396,0.2082,0.0982,0.4972,0.2183
10179,-118.565,34.485,0.0909,0.0282,0.075,0.0373,0.7596,0.303,0.9136,0.4401,0.1618,0.0624,0.0556,0.0409,0.2094,0.0996,0.508,0.2255
10180,-118.555,34.485,0.0965,0.03,0.0782,0.0392,0.8103,0.3356,0.9176,0.4538,0.169,0.0661,0.0606,0.0447,0.2184,0.1063,0.5236,0.2377
10181,-118.545,34.485,0.1069,0.0337,0.0798,0.0401,0.8493,0.3573,0.9102,0.4517,0.183,0.0736,0.0636,0.0466,0.221,0.1087,0.5439,0.2549
10182,-118.535,34.485,0.1068,0.0331,0.0799,0.0401,0.8767,0.3682,0.8913,0.4337,0.1807,0.0719,0.0646,0.0467,0.2173,0.1066,0.543,0.2504
10183,-118.525,34.485,0.1079,0.0329,0.08,0.04,0.9135,0.3864,0.8771,0.4221,0.1798,0.071,0.0665,0.0472,0.216,0.1061,0.5443,0.2484
10184,-118.515,34.485,0.1055,0.0314,0.0787,0.0391,0.9463,0.3979,0.8545,0.4033,0.1737,0.0673,0.0672,0.0467,0.2112,0.1033,0.536,0.2385
10185,-118.505,34.485,0.0924,0.0259,0.0712,0.0344,0.9501,0.3697,0.786,0.3429,0.1516,0.0554,0.0607,0.0401,0.1873,0.0878,0.5153,0.2185
10186,-118.495,34.485,0.0933,0.0257,0.0673,0.0318,0.9825,0.368,0.7431,0.3096,0.1508,0.0547,0.0582,0.0368,0.1743,0.0796,0.4994,0.2053
10187,-118.485,34.485,0.095,0.0257,0.0668,0.0315,1.0435,0.3927,0.7257,0.3033,0.1514,0.0547,0.0596,0.037,0.1723,0.0787,0.5004,0.2042
10188,-118.475,34.485,0.0965,0.0256,0.0687,0.0326,1.1304,0.4373,0.7267,0.3111,0.1516,0.0546,0.0635,0.0389,0.1765,0.0816,0.5154,0.2129
10189,-118.465,34.485,0.1046,0.0277,0.0702,0.0335,1.2093,0.4774,0.7252,0.3172,0.1616,0.0593,0.0672,0.0407,0.18,0.0841,0.5376,0.2263
10190,-118.455,34.485,0.1053,0.0273,0.068,0.0321,1.2232,0.4757,0.6941,0.3007,0.1608,0.0588,0.067,0.0394,0.1741,0.0806,0.5486,0.2316
10191,-118.445,34.485,0.101,0.0251,0.0666,0.0312,1.2312,0.4763,0.6688,0.2896,0.1533,0.0549,0.0676,0.0387,0.1703,0.0785,0.548,0.2293
10192,-118.435,34.485,0.1022,0.0247,0.0661,0.0309,1.2332,0.4793,0.6492,0.2839,0.1536,0.0549,0.0691,0.0388,0.1687,0.0778,0.5521,0.2302
10193,-118.425,34.485,0.1034,0.0244,0.0656,0.0305,1.2051,0.4699,0.6281,0.2772,0.1542,0.0551,0.07,0.0385,0.1669,0.0769,0.5589,0.2329
10194,-118.415,34.485,0.1028,0.0235,0.0639,0.0295,1.1481,0.4449,0.5944,0.2629,0.1526,0.0544,0.0691,0.0371,0.1611,0.0738,0.5612,0.2326
10195,-118.405,34.485,0.0905,0.0194,0.0562,0.0251,0.9797,0.3565,0.5004,0.212,0.1344,0.0462,0.0594,0.0303,0.137,0.0602,0.5214,0.2068
10196,-118.395,34.485,0.0785,0.0156,0.0528,0.0232,0.9148,0.3246,0.4651,0.1958,0.1167,0.0385,0.0574,0.0283,0.13,0.0562,0.5084,0.1981
10197,-118.385,34.485,0.0904,0.0179,0.0538,0.0238,0.9534,0.3492,0.4886,0.2141,0.1338,0.046,0.0631,0.0313,0.14,0.0619,0.5172,0.2028
10198,-118.375,34.485,0.0987,0.0193,0.0534,0.0236,0.9075,0.3299,0.4671,0.2065,0.1461,0.0516,0.0626,0.0304,0.1366,0.0602,0.5375,0.2139
10199,-118.365,34.485,0.0902,0.0165,0.0528,0.0232,0.8513,0.3052,0.4405,0.1962,0.1344,0.0462,0.0615,0.0291,0.1317,0.0576,0.5293,0.2073
10200,-118.355,34.485,0.0902,0.0158,0.0522,0.0229,0.8299,0.2986,0.4339,0.1979,0.1348,0.0464,0.0634,0.0296,0.1329,0.0585,0.5444,0.2146
10201,-118.345,34.485,0.0995,0.0171,0.0545,0.0242,0.8241,0.3013,0.4372,0.2066,0.1488,0.0529,0.0673,0.0311,0.1377,0.0615,0.5819,0.2352
10202,-118.335,34.485,0.1087,0.0182,0.0596,0.027,0.8339,0.3135,0.4504,0.2223,0.1625,0.0593,0.0731,0.0337,0.1461,0.0667,0.6371,0.2669
10203,-118.325,34.485,0.1204,0.0199,0.0605,0.0275,0.8206,0.3116,0.4486,0.2265,0.1792,0.0678,0.0764,0.0347,0.1492,0.0688,0.6818,0.2962
10204,-118.315,34.485,0.1137,0.0183,0.0606,0.0276,0.7978,0.3037,0.4404,0.2256,0.1702,0.0631,0.0784,0.035,0.1497,0.0695,0.6827,0.2931
10205,-118.305,34.485,0.1144,0.0188,0.0608,0.0278,0.7522,0.2802,0.4155,0.2107,0.1709,0.0634,0.0765,0.0329,0.143,0.0657,0.677,0.2858
10206,-118.295,34.485,0.113,0.019,0.0605,0.0276,0.7168,0.2629,0.3973,0.2007,0.1686,0.0623,0.0759,0.0316,0.1388,0.0634,0.6793,0.2845
10207,-118.285,34.485,0.1146,0.0198,0.0595,0.0271,0.6915,0.2517,0.3857,0.1954,0.1704,0.0631,0.0769,0.0311,0.1373,0.0628,0.6969,0.2934
10208,-118.275,34.485,0.118,0.021,0.0623,0.0288,0.6837,0.25,0.3851,0.1976,0.1744,0.0651,0.0806,0.0318,0.1401,0.0647,0.7352,0.3172
10209,-118.265,34.485,0.1196,0.0218,0.0643,0.03,0.6615,0.2411,0.3756,0.1937,0.1757,0.0659,0.0822,0.0315,0.1393,0.0645,0.738,0.3156
10210,-118.255,34.485,0.0972,0.0171,0.0584,0.0266,0.5518,0.1883,0.3121,0.1532,0.1429,0.0502,0.0704,0.025,0.1168,0.0518,0.7129,0.2951
10211,-118.245,34.485,0.0966,0.0173,0.0527,0.0235,0.5018,0.1641,0.2842,0.1357,0.1411,0.0494,0.0671,0.0224,0.1081,0.0469,0.695,0.2833
10212,-118.235,34.485,0.1006,0.0185,0.0472,0.0204,0.5116,0.1687,0.2919,0.1414,0.1463,0.0516,0.0724,0.0235,0.113,0.0498,0.6954,0.282
10213,-118.225,34.485,0.1006,0.0189,0.0532,0.0239,0.5082,0.168,0.2913,0.1423,0.1456,0.0513,0.0762,0.0241,0.1153,0.0513,0.7451,0.3091
10214,-118.215,34.485,0.1123,0.0222,0.061,0.0284,0.5136,0.1726,0.2964,0.1475,0.1613,0.0587,0.0821,0.0255,0.1204,0.0546,0.8225,0.3554
10215,-118.205,34.485,0.1391,0.0297,0.0659,0.0313,0.5745,0.2081,0.3374,0.1784,0.1985,0.0771,0.0999,0.0318,0.1415,0.0679,0.898,0.4077
10216,-118.195,34.485,0.1438,0.0316,0.0666,0.0317,0.5605,0.2029,0.3293,0.174,0.2068,0.081,0.1003,0.0319,0.14,0.0672,0.9408,0.4381
10217,-118.185,34.485,0.1138,0.0238,0.0629,0.0295,0.4715,0.157,0.2722,0.134,0.1669,0.0608,0.0834,0.0256,0.116,0.0527,0.9135,0.41
10218,-118.175,34.485,0.0943,0.0189,0.0628,0.0294,0.4953,0.171,0.289,0.146,0.1405,0.0483,0.0914,0.0293,0.1252,0.0585,0.9101,0.3999
10219,-118.165,34.485,0.1334,0.0298,0.0624,0.0292,0.5328,0.1925,0.3151,0.1646,0.1991,0.0757,0.1024,0.0341,0.1386,0.0668,0.9864,0.4532
10220,-118.155,34.485,0.1366,0.0311,0.0569,0.0259,0.5239,0.1911,0.3133,0.1641,0.2056,0.0787,0.1039,0.035,0.1391,0.0675,1.0117,0.4662
10221,-118.145,34.485,0.1358,0.0313,0.055,0.0247,0.5203,0.1931,0.3161,0.1674,0.2065,0.0787,0.1065,0.0358,0.1417,0.0695,1.0396,0.4806
10222,-118.135,34.485,0.1405,0.0332,0.0568,0.0257,0.5219,0.1984,0.3238,0.1744,0.2148,0.0827,0.1103,0.0364,0.1464,0.0729,1.0561,0.4871
10223,-118.125,34.485,0.1259,0.0291,0.0562,0.0253,0.4996,0.188,0.3152,0.1687,0.1956,0.0721,0.1069,0.0339,0.1425,0.0705,1.0563,0.4821
10224,-118.115,34.485,0.121,0.0281,0.0549,0.0246,0.4592,0.1685,0.2944,0.1548,0.1903,0.0697,0.0987,0.0299,0.1327,0.0646,1.0437,0.4652
10225,-118.105,34.485,0.0884,0.0191,0.0523,0.0232,0.3537,0.1204,0.2295,0.113,0.145,0.0489,0.0739,0.0219,0.1025,0.0469,0.994,0.4318
10226,-118.095,34.485,0.1069,0.0246,0.0494,0.0216,0.2941,0.0941,0.1952,0.0916,0.18,0.0649,0.0602,0.0179,0.0867,0.0378,0.9823,0.4211
10227,-118.085,34.485,0.0897,0.02,0.0463,0.0199,0.2806,0.0898,0.1915,0.0904,0.1557,0.054,0.0576,0.0177,0.085,0.037,0.9949,0.4247
10228,-118.075,34.485,0.0811,0.0178,0.045,0.0192,0.2716,0.0872,0.1907,0.0912,0.1452,0.0493,0.0561,0.0178,0.0845,0.037,0.9625,0.4034
10229,-118.065,34.485,0.0795,0.0176,0.0439,0.0186,0.2637,0.085,0.1906,0.0925,0.1464,0.0498,0.0548,0.018,0.0843,0.037,0.9675,0.4031
10230,-118.055,34.485,0.0773,0.0172,0.0418,0.0175,0.257,0.083,0.1908,0.0943,0.146,0.0497,0.0538,0.0183,0.0842,0.0372,0.9728,0.4032
10231,-118.045,34.485,0.0755,0.0169,0.0407,0.0169,0.2487,0.0802,0.1895,0.0952,0.1459,0.0497,0.0524,0.0184,0.0833,0.0368,0.9822,0.4058
10232,-118.035,34.485,0.0745,0.0168,0.0406,0.0169,0.2389,0.0765,0.1868,0.0954,0.1468,0.0501,0.0507,0.0183,0.0816,0.036,1.0054,0.4162
10233,-118.025,34.485,0.079,0.0184,0.0406,0.0169,0.2281,0.0725,0.1829,0.0953,0.1583,0.0552,0.0489,0.0181,0.0795,0.0349,1.0435,0.4355
10234,-118.015,34.485,0.0723,0.0166,0.0407,0.017,0.2183,0.0689,0.1798,0.096,0.1469,0.05,0.0474,0.0181,0.0778,0.0341,1.0405,0.4321
10235,-118.005,34.485,0.0717,0.0167,0.042,0.0177,0.2144,0.0677,0.1811,0.1002,0.1474,0.0501,0.0473,0.0188,0.0781,0.0344,1.0403,0.43
10236,-117.995,34.485,0.0709,0.0167,0.0458,0.0199,0.2114,0.0669,0.1827,0.1051,0.147,0.0498,0.0474,0.0194,0.0788,0.0349,1.0824,0.4507
10237,-117.985,34.485,0.0758,0.0184,0.0521,0.0234,0.2093,0.0663,0.1846,0.1105,0.1583,0.0549,0.0476,0.0201,0.0797,0.0356,1.1918,0.5081
10238,-117.975,34.485,0.0839,0.0211,0.0601,0.0281,0.215,0.0688,0.1915,0.1144,0.1767,0.0625,0.0496,0.0215,0.0838,0.038,1.3194,0.5832
10239,-117.965,34.485,0.0884,0.023,0.0667,0.032,0.229,0.075,0.2053,0.1225,0.1871,0.0682,0.0537,0.0241,0.0915,0.0428,1.4168,0.6511
10240,-117.955,34.485,0.1029,0.0281,0.0643,0.0306,0.2751,0.0965,0.2485,0.1527,0.2195,0.0835,0.0666,0.0319,0.1138,0.0569,1.4639,0.6982
10241,-117.945,34.485,0.1076,0.0302,0.0621,0.0294,0.2937,0.1053,0.2661,0.1625,0.2315,0.0902,0.0724,0.0353,0.1242,0.0635,1.4841,0.7185
10242,-117.935,34.485,0.1037,0.0291,0.06,0.0283,0.2847,0.1014,0.2581,0.152,0.2276,0.0882,0.0711,0.0344,0.1227,0.0628,1.4148,0.6744
10243,-117.925,34.485,0.0862,0.0233,0.0555,0.0259,0.2263,0.0763,0.2045,0.112,0.1946,0.0719,0.0566,0.026,0.0983,0.048,1.292,0.5879
10244,-117.915,34.485,0.0636,0.0161,0.0521,0.0242,0.1717,0.0529,0.1544,0.075,0.1474,0.0505,0.0431,0.0181,0.0754,0.0341,1.1752,0.5025
10245,-117.905,34.485,0.07,0.0183,0.0566,0.0268,0.1856,0.059,0.1666,0.0813,0.1645,0.0586,0.0475,0.0202,0.0829,0.0386,1.2033,0.5228
10246,-117.895,34.485,0.0908,0.0258,0.0591,0.0284,0.21,0.0703,0.1881,0.094,0.2143,0.0831,0.055,0.024,0.0956,0.0466,1.2289,0.5583
10247,-117.885,34.485,0.1004,0.0294,0.0594,0.0288,0.2449,0.0867,0.219,0.1133,0.2381,0.0956,0.0657,0.0296,0.1133,0.0579,1.2237,0.5687
10248,-117.875,34.485,0.1003,0.0296,0.0596,0.0292,0.2265,0.079,0.2014,0.101,0.2397,0.097,0.0613,0.0268,0.1054,0.053,1.2016,0.5611
10249,-117.865,34.485,0.0884,0.0255,0.0612,0.0302,0.2078,0.0713,0.1834,0.0887,0.2139,0.0842,0.057,0.0241,0.0974,0.0482,1.1911,0.555
10250,-117.855,34.485,0.1067,0.0326,0.0691,0.0351,0.2407,0.0881,0.2126,0.1076,0.2558,0.1075,0.0683,0.0301,0.1149,0.0599,1.2523,0.6356
10251,-117.845,34.485,0.1065,0.0328,0.073,0.0376,0.2555,0.0961,0.2255,0.1158,0.2556,0.1079,0.0744,0.0331,0.1234,0.0657,1.2562,0.6572
10252,-117.835,34.485,0.1063,0.033,0.073,0.0377,0.2521,0.0952,0.2221,0.1133,0.2549,0.108,0.0751,0.0333,0.1227,0.0655,1.2278,0.6393
10253,-117.825,34.485,0.1027,0.0317,0.0709,0.0364,0.2417,0.0905,0.2127,0.1068,0.2463,0.1034,0.0736,0.0323,0.1184,0.0627,1.1966,0.6078
10254,-117.815,34.485,0.1004,0.031,0.0691,0.0353,0.233,0.0867,0.205,0.1015,0.2398,0.1,0.0728,0.0317,0.1149,0.0605,1.1737,0.5996
10255,-117.805,34.485,0.1057,0.0335,0.0705,0.0363,0.2394,0.091,0.2113,0.1061,0.2494,0.1065,0.0776,0.0344,0.1195,0.0641,1.1556,0.6014
10256,-117.795,34.485,0.1068,0.0342,0.0713,0.0369,0.2418,0.093,0.214,0.1082,0.2499,0.1074,0.0811,0.0363,0.1219,0.066,1.1381,0.6032
10257,-117.785,34.485,0.1071,0.0346,0.0717,0.0373,0.2399,0.0927,0.2131,0.1077,0.2488,0.1073,0.0833,0.0375,0.1221,0.0665,1.1189,0.5999
10258,-117.775,34.485,0.1073,0.0349,0.0719,0.0375,0.2381,0.0924,0.2123,0.1073,0.2474,0.1071,0.0856,0.0389,0.1223,0.0669,1.0998,0.5966
10259,-117.765,34.485,0.1073,0.0352,0.072,0.0377,0.2363,0.092,0.2116,0.1069,0.2458,0.1067,0.088,0.0404,0.1226,0.0674,1.0809,0.5909
10260,-117.755,34.485,0.1072,0.0354,0.0718,0.0377,0.2346,0.0917,0.211,0.1066,0.2439,0.1061,0.0905,0.042,0.1228,0.0678,1.0621,0.5837
10261,-117.745,34.485,0.1068,0.0355,0.0716,0.0377,0.2325,0.0912,0.2101,0.1061,0.2417,0.1054,0.0929,0.0436,0.1229,0.0682,1.0434,0.5756
10262,-117.735,34.485,0.1063,0.0356,0.0713,0.0376,0.2301,0.0905,0.209,0.1053,0.2392,0.1045,0.0952,0.0451,0.1227,0.0683,1.0247,0.5666
10263,-117.725,34.485,0.1056,0.0356,0.0709,0.0375,0.2274,0.0896,0.2075,0.1044,0.2365,0.1034,0.0972,0.0467,0.1225,0.0684,1.0064,0.5568
10264,-117.715,34.485,0.1047,0.0355,0.0705,0.0373,0.2246,0.0887,0.206,0.1033,0.2336,0.1022,0.0991,0.0482,0.1221,0.0684,0.9885,0.5466
10265,-117.705,34.485,0.1036,0.0353,0.07,0.0371,0.2216,0.0877,0.2042,0.1022,0.2304,0.1008,0.1007,0.0496,0.1216,0.0683,0.9709,0.5361
10266,-117.695,34.485,0.1025,0.0351,0.0694,0.0369,0.2185,0.0866,0.2023,0.1011,0.2271,0.0994,0.1021,0.051,0.121,0.0682,0.9534,0.5254
10267,-117.685,34.485,0.1012,0.0348,0.0688,0.0366,0.2153,0.0854,0.2003,0.0998,0.2237,0.0978,0.1034,0.0523,0.1204,0.0679,0.9364,0.5144
10268,-117.675,34.485,0.0998,0.0345,0.0681,0.0363,0.212,0.0843,0.198,0.0986,0.2202,0.0963,0.1042,0.0535,0.1196,0.0676,0.9197,0.5034
10269,-117.665,34.485,0.0984,0.0342,0.0675,0.0361,0.2087,0.0831,0.1957,0.0974,0.2166,0.0946,0.105,0.0546,0.1187,0.0673,0.9035,0.4925
10270,-117.655,34.485,0.097,0.0338,0.0668,0.0358,0.2056,0.082,0.1933,0.0964,0.2132,0.0931,0.1056,0.0557,0.1179,0.067,0.8876,0.4819
10271,-118.945,34.495,0.0544,0.0213,0.0522,0.0276,0.1958,0.0816,0.3455,0.1596,0.089,0.0338,0.0214,0.0221,0.2413,0.106,0.2369,0.0955
10272,-118.935,34.495,0.0552,0.0215,0.0522,0.0274,0.1993,0.0832,0.354,0.1636,0.0895,0.0338,0.0216,0.0221,0.2403,0.1056,0.2387,0.0957
10273,-118.925,34.495,0.056,0.0217,0.0522,0.0273,0.2029,0.0849,0.3629,0.1675,0.09,0.0339,0.0217,0.0221,0.2391,0.1051,0.2405,0.096
10274,-118.915,34.495,0.0568,0.0219,0.0522,0.0273,0.2066,0.0866,0.3718,0.1715,0.0905,0.034,0.0219,0.0221,0.238,0.1045,0.2431,0.0966
10275,-118.905,34.495,0.0576,0.0221,0.0525,0.0274,0.2104,0.0884,0.381,0.1755,0.0911,0.0341,0.0221,0.0221,0.2368,0.104,0.2485,0.0988
10276,-118.895,34.495,0.0588,0.0225,0.055,0.0289,0.227,0.0982,0.4107,0.195,0.0924,0.0345,0.0239,0.0241,0.2486,0.1122,0.2615,0.1056
10277,-118.885,34.495,0.0674,0.0264,0.0595,0.0318,0.2564,0.1159,0.461,0.23,0.1044,0.0403,0.0274,0.028,0.2734,0.1291,0.2832,0.1178
10278,-118.875,34.495,0.0742,0.0296,0.0625,0.0337,0.266,0.1217,0.48,0.2414,0.1134,0.0447,0.0284,0.0289,0.2772,0.1319,0.2991,0.1273
10279,-118.865,34.495,0.0751,0.0298,0.0647,0.0351,0.2713,0.1249,0.4925,0.2477,0.1139,0.0447,0.0289,0.0291,0.2765,0.1318,0.306,0.1307
10280,-118.855,34.495,0.0759,0.0299,0.0647,0.035,0.2758,0.1276,0.504,0.2531,0.1142,0.0446,0.0293,0.0292,0.2748,0.131,0.3099,0.132
10281,-118.845,34.495,0.0767,0.03,0.0647,0.0349,0.2803,0.1305,0.5159,0.2586,0.1145,0.0444,0.0298,0.0293,0.2731,0.1302,0.3132,0.1328
10282,-118.835,34.495,0.0775,0.0302,0.0648,0.0348,0.2849,0.1334,0.5281,0.2642,0.1147,0.0443,0.0303,0.0294,0.2714,0.1294,0.3162,0.1335
10283,-118.825,34.495,0.0783,0.0303,0.0648,0.0347,0.2896,0.1366,0.5409,0.27,0.1149,0.0441,0.0309,0.0296,0.2696,0.1285,0.3192,0.134
10284,-118.815,34.495,0.079,0.0303,0.0649,0.0346,0.2944,0.1399,0.5541,0.2759,0.115,0.0438,0.0315,0.0297,0.2677,0.1276,0.3221,0.1345
10285,-118.805,34.495,0.0796,0.0304,0.065,0.0346,0.2994,0.1434,0.5681,0.2822,0.115,0.0436,0.0322,0.03,0.2659,0.1267,0.3249,0.1349
10286,-118.795,34.495,0.0802,0.0304,0.0651,0.0345,0.3047,0.1472,0.5826,0.2888,0.1151,0.0434,0.0329,0.0302,0.264,0.1258,0.3278,0.1354
10287,-118.785,34.495,0.0808,0.0304,0.0653,0.0345,0.3103,0.1511,0.5979,0.2957,0.1153,0.0432,0.0336,0.0305,0.262,0.1249,0.331,0.1361
10288,-118.775,34.495,0.0813,0.0304,0.0656,0.0345,0.3172,0.1556,0.6147,0.3037,0.1156,0.0431,0.0345,0.0308,0.2601,0.124,0.3351,0.1374
10289,-118.765,34.495,0.0821,0.0305,0.0661,0.0348,0.3259,0.1611,0.6338,0.3136,0.1166,0.0433,0.0355,0.0314,0.259,0.1237,0.3414,0.1403
10290,-118.755,34.495,0.0844,0.0314,0.0681,0.036,0.3418,0.1713,0.662,0.3322,0.1199,0.0448,0.0374,0.0329,0.2619,0.1263,0.3509,0.1455
10291,-118.745,34.495,0.0843,0.031,0.0686,0.0361,0.3544,0.1775,0.6849,0.3442,0.1205,0.0449,0.0385,0.0336,0.2604,0.1257,0.3545,0.1461
10292,-118.735,34.495,0.0837,0.0305,0.0676,0.0353,0.3637,0.1797,0.7025,0.3495,0.1208,0.0449,0.0388,0.0334,0.2544,0.1219,0.3607,0.1486
10293,-118.725,34.495,0.0844,0.0306,0.068,0.0354,0.3812,0.1867,0.7294,0.3637,0.1233,0.0459,0.04,0.0342,0.2524,0.121,0.3693,0.1527
10294,-118.715,34.495,0.0851,0.0306,0.0687,0.0357,0.4008,0.1947,0.7584,0.3799,0.1261,0.0471,0.0414,0.0351,0.2512,0.1206,0.3795,0.1581
10295,-118.705,34.495,0.0857,0.0306,0.0694,0.036,0.4225,0.2032,0.7883,0.3967,0.129,0.0485,0.0428,0.0361,0.25,0.1203,0.3907,0.1641
10296,-118.695,34.495,0.0862,0.0306,0.07,0.0363,0.442,0.2093,0.8147,0.4087,0.1321,0.0499,0.0438,0.0366,0.2469,0.1186,0.4015,0.1698
10297,-118.685,34.495,0.0865,0.0304,0.0706,0.0365,0.4594,0.213,0.8375,0.416,0.135,0.0512,0.0444,0.0367,0.242,0.1157,0.4101,0.1737
10298,-118.675,34.495,0.0851,0.0296,0.0684,0.0349,0.4779,0.2169,0.8587,0.4224,0.1358,0.0515,0.045,0.0368,0.2377,0.1131,0.416,0.1753
10299,-118.665,34.495,0.0806,0.0273,0.0662,0.0333,0.4955,0.2198,0.8776,0.4266,0.1318,0.0492,0.0454,0.0367,0.2329,0.1103,0.4189,0.1745
10300,-118.655,34.495,0.0775,0.0258,0.066,0.033,0.5083,0.2181,0.8876,0.421,0.1299,0.0481,0.0451,0.0359,0.2255,0.1056,0.4277,0.1783
10301,-118.645,34.495,0.0795,0.0264,0.0679,0.0341,0.5346,0.2271,0.9075,0.4324,0.136,0.0511,0.0467,0.037,0.2261,0.1065,0.445,0.1891
10302,-118.635,34.495,0.0854,0.0287,0.0719,0.0366,0.5744,0.2466,0.9375,0.4607,0.1484,0.0575,0.0502,0.0401,0.2344,0.1129,0.4698,0.2064
10303,-118.625,34.495,0.0939,0.0322,0.0764,0.0394,0.609,0.2621,0.9536,0.4782,0.165,0.0665,0.0531,0.0421,0.2389,0.1168,0.4981,0.2279
10304,-118.615,34.495,0.0932,0.0315,0.0793,0.0411,0.6377,0.2725,0.961,0.4851,0.1652,0.0663,0.0549,0.043,0.2397,0.1179,0.5068,0.2322
10305,-118.605,34.495,0.0863,0.0281,0.0731,0.037,0.6436,0.2624,0.9398,0.4505,0.154,0.0599,0.0527,0.0401,0.226,0.1086,0.5061,0.2283
10306,-118.595,34.495,0.0873,0.028,0.0705,0.0351,0.6644,0.265,0.9277,0.4338,0.1551,0.0602,0.0529,0.0395,0.2205,0.1051,0.5043,0.2237
10307,-118.585,34.495,0.0895,0.0285,0.0712,0.0354,0.7,0.2805,0.9248,0.4349,0.1579,0.0615,0.0555,0.0412,0.2231,0.1075,0.5118,0.2279
10308,-118.575,34.495,0.0911,0.0287,0.0736,0.0368,0.7292,0.2912,0.9138,0.4266,0.1594,0.062,0.0573,0.042,0.2225,0.1075,0.5205,0.2331
10309,-118.565,34.495,0.0967,0.0305,0.076,0.0382,0.7577,0.302,0.9018,0.4176,0.167,0.066,0.0592,0.0429,0.2218,0.1075,0.5318,0.2408
10310,-118.555,34.495,0.1,0.0314,0.0772,0.0389,0.7903,0.3186,0.8924,0.4149,0.1705,0.0676,0.0621,0.0445,0.2237,0.1094,0.5447,0.2505
10311,-118.545,34.495,0.1063,0.0334,0.0776,0.0391,0.8026,0.3185,0.8628,0.3919,0.1782,0.0717,0.0618,0.0434,0.2163,0.1049,0.5572,0.2602
10312,-118.535,34.495,0.0999,0.0304,0.0774,0.0388,0.7947,0.3018,0.813,0.3486,0.1665,0.065,0.0585,0.0396,0.1994,0.094,0.5509,0.2504
10313,-118.525,34.495,0.105,0.0317,0.0759,0.0378,0.8371,0.3233,0.807,0.3468,0.1723,0.0676,0.0615,0.0409,0.2013,0.0954,0.5475,0.2445
10314,-118.515,34.495,0.0999,0.0292,0.0731,0.036,0.8744,0.3409,0.7927,0.3414,0.1625,0.0621,0.0637,0.0417,0.201,0.0957,0.5307,0.2291
10315,-118.505,34.495,0.0874,0.0241,0.0655,0.0312,0.8356,0.3011,0.6937,0.2769,0.1418,0.0513,0.0554,0.0342,0.1712,0.0776,0.4976,0.2023
10316,-118.495,34.495,0.0837,0.0224,0.0618,0.0289,0.8308,0.2862,0.6287,0.2389,0.134,0.0475,0.0512,0.03,0.1535,0.0671,0.4794,0.1902
10317,-118.485,34.495,0.0843,0.0221,0.0618,0.0289,0.8599,0.2963,0.5978,0.2274,0.1331,0.047,0.0512,0.0292,0.1478,0.0643,0.4794,0.189
10318,-118.475,34.495,0.0851,0.0219,0.0619,0.0288,0.9299,0.3274,0.5973,0.2323,0.1327,0.0466,0.0542,0.0305,0.1507,0.0661,0.4919,0.1952
10319,-118.465,34.495,0.0912,0.0232,0.062,0.0288,1.0081,0.3638,0.6053,0.2418,0.1403,0.0499,0.0583,0.0324,0.1561,0.0695,0.5139,0.2074
10320,-118.455,34.495,0.1002,0.0255,0.0626,0.0292,1.0863,0.4051,0.6254,0.258,0.152,0.0552,0.0643,0.0355,0.1658,0.0753,0.5422,0.2236
10321,-118.445,34.495,0.0996,0.0246,0.0633,0.0295,1.1269,0.4287,0.6282,0.2651,0.1497,0.0539,0.0683,0.0372,0.1705,0.0782,0.5527,0.2281
10322,-118.435,34.495,0.1009,0.0243,0.064,0.0298,1.13,0.4347,0.6136,0.2631,0.1502,0.0541,0.0702,0.0376,0.1702,0.0782,0.5655,0.2344
10323,-118.425,34.495,0.1021,0.0239,0.064,0.0298,1.1057,0.4278,0.5952,0.2586,0.1509,0.0543,0.0713,0.0375,0.1687,0.0776,0.578,0.2407
10324,-118.415,34.495,0.101,0.0229,0.0625,0.029,1.0672,0.4135,0.5719,0.2511,0.1485,0.0532,0.0715,0.037,0.1656,0.076,0.5804,0.2403
10325,-118.405,34.495,0.0927,0.0199,0.0547,0.0245,0.9868,0.3753,0.5286,0.2314,0.136,0.0475,0.0687,0.0346,0.1564,0.0709,0.5472,0.2191
10326,-118.395,34.495,0.086,0.0174,0.0503,0.022,0.9033,0.3348,0.4824,0.2094,0.1259,0.0431,0.0647,0.0316,0.145,0.0645,0.5253,0.2053
10327,-118.385,34.495,0.08,0.0153,0.0492,0.0214,0.8166,0.2921,0.4334,0.1852,0.117,0.0391,0.0595,0.028,0.1315,0.0569,0.5149,0.1986
10328,-118.375,34.495,0.0788,0.0144,0.0486,0.021,0.7625,0.2688,0.4063,0.1746,0.1153,0.0384,0.0578,0.0266,0.1257,0.0538,0.5141,0.1969
10329,-118.365,34.495,0.0817,0.0145,0.048,0.0207,0.7185,0.2511,0.3857,0.1679,0.1199,0.0404,0.0572,0.0258,0.1221,0.0521,0.5213,0.1998
10330,-118.355,34.495,0.0821,0.0139,0.0473,0.0203,0.6923,0.2419,0.3753,0.1671,0.1206,0.0407,0.0581,0.0258,0.1216,0.052,0.5364,0.2068
10331,-118.345,34.495,0.0909,0.0152,0.0496,0.0216,0.6957,0.2472,0.383,0.1774,0.1332,0.0466,0.0623,0.0276,0.1276,0.0555,0.5745,0.2266
10332,-118.335,34.495,0.1026,0.0168,0.0548,0.0245,0.7288,0.2671,0.4088,0.1991,0.1504,0.0542,0.0699,0.0312,0.14,0.0627,0.6415,0.2636
10333,-118.325,34.495,0.1373,0.0234,0.0589,0.0269,0.7627,0.2965,0.4377,0.2277,0.1982,0.0788,0.0803,0.0363,0.1561,0.0729,0.7178,0.3144
10334,-118.315,34.495,0.1174,0.0189,0.0619,0.0286,0.7709,0.311,0.4493,0.2436,0.171,0.0645,0.0869,0.0394,0.1652,0.079,0.7166,0.3091
10335,-118.305,34.495,0.1051,0.0167,0.0601,0.0275,0.6529,0.2428,0.3731,0.1906,0.1537,0.056,0.0726,0.0308,0.1365,0.062,0.6938,0.2898
10336,-118.295,34.495,0.0983,0.0157,0.059,0.0269,0.5825,0.2039,0.3292,0.1615,0.1436,0.0512,0.0655,0.0263,0.1212,0.053,0.6777,0.2762
10337,-118.285,34.495,0.1012,0.0167,0.0587,0.0268,0.5598,0.1945,0.3175,0.1564,0.1472,0.0528,0.0658,0.0257,0.1191,0.0521,0.7014,0.2884
10338,-118.275,34.495,0.1196,0.021,0.0613,0.0284,0.5918,0.2118,0.3398,0.1741,0.1723,0.0648,0.0745,0.0291,0.1311,0.0592,0.7585,0.3248
10339,-118.265,34.495,0.1256,0.0228,0.0625,0.0292,0.6147,0.2244,0.3564,0.1876,0.1796,0.0685,0.0818,0.0317,0.1406,0.0648,0.7666,0.3267
10340,-118.255,34.495,0.1094,0.0195,0.0537,0.0242,0.5379,0.1868,0.3112,0.1584,0.1564,0.057,0.0738,0.027,0.1242,0.0555,0.7366,0.3029
10341,-118.245,34.495,0.1014,0.018,0.0497,0.0219,0.4865,0.1625,0.2816,0.1398,0.1447,0.0514,0.0694,0.0241,0.114,0.0498,0.7196,0.2914
10342,-118.235,34.495,0.0955,0.017,0.0506,0.0225,0.4606,0.1515,0.2675,0.1319,0.1358,0.0474,0.0688,0.023,0.1098,0.0477,0.7452,0.3047
10343,-118.225,34.495,0.1119,0.0212,0.0538,0.0243,0.4941,0.1692,0.2897,0.1491,0.1577,0.0578,0.0794,0.0267,0.1226,0.0554,0.8009,0.3356
10344,-118.215,34.495,0.1215,0.024,0.0576,0.0265,0.529,0.1874,0.3125,0.1664,0.1708,0.064,0.0901,0.0306,0.1355,0.0632,0.8627,0.372
10345,-118.205,34.495,0.1224,0.0249,0.0619,0.0291,0.5107,0.1798,0.3009,0.1589,0.1728,0.0653,0.0901,0.0299,0.1321,0.0615,0.9033,0.4
10346,-118.195,34.495,0.1256,0.0261,0.0627,0.0296,0.4946,0.1729,0.2908,0.1523,0.1792,0.0679,0.0901,0.0297,0.1294,0.0601,0.9521,0.4293
10347,-118.185,34.495,0.1214,0.0252,0.06,0.0279,0.4806,0.1665,0.282,0.1468,0.1756,0.0654,0.0901,0.03,0.1276,0.0592,0.9532,0.4231
10348,-118.175,34.495,0.1106,0.0227,0.0578,0.0266,0.4676,0.1618,0.2752,0.1422,0.1624,0.0588,0.0899,0.0301,0.1254,0.0581,0.9509,0.4154
10349,-118.165,34.495,0.1149,0.0242,0.0554,0.0252,0.4541,0.1572,0.2685,0.1377,0.1708,0.0625,0.0896,0.0301,0.123,0.057,0.9745,0.4285
10350,-118.155,34.495,0.1122,0.0239,0.0516,0.023,0.4366,0.1513,0.2606,0.1328,0.1687,0.0615,0.0884,0.0297,0.1201,0.0556,0.9896,0.4359
10351,-118.145,34.495,0.1101,0.0238,0.0517,0.0231,0.4306,0.1508,0.2608,0.1335,0.1674,0.0608,0.0897,0.0299,0.121,0.0564,1.0374,0.4649
10352,-118.135,34.495,0.1147,0.0253,0.0557,0.0253,0.4362,0.1558,0.2692,0.1396,0.1764,0.0643,0.0933,0.0307,0.1256,0.0594,1.0902,0.4985
10353,-118.125,34.495,0.1193,0.0271,0.0553,0.025,0.4425,0.1608,0.2792,0.147,0.185,0.0685,0.0967,0.0314,0.1308,0.0627,1.1316,0.5236
10354,-118.115,34.495,0.1129,0.0254,0.0546,0.0245,0.4333,0.1582,0.2788,0.1475,0.1792,0.0651,0.0959,0.0307,0.1309,0.063,1.138,0.5138
10355,-118.105,34.495,0.1011,0.0224,0.0558,0.0252,0.347,0.1188,0.2258,0.1127,0.1651,0.0585,0.0752,0.0232,0.1052,0.048,1.1232,0.4984
10356,-118.095,34.495,0.1039,0.0235,0.054,0.0242,0.3072,0.1011,0.2043,0.099,0.1745,0.0628,0.0657,0.0202,0.0947,0.0419,1.126,0.4953
10357,-118.085,34.495,0.0983,0.0222,0.049,0.0214,0.3138,0.1052,0.2144,0.1061,0.1702,0.0608,0.0675,0.0215,0.0993,0.0448,1.1415,0.5006
10358,-118.075,34.495,0.0963,0.0219,0.0488,0.0214,0.3169,0.108,0.223,0.113,0.1717,0.0617,0.0687,0.0227,0.1031,0.0472,1.1391,0.4962
10359,-118.065,34.495,0.095,0.0219,0.0491,0.0216,0.3189,0.1103,0.231,0.1198,0.1742,0.0631,0.0698,0.0239,0.1065,0.0495,1.1581,0.5105
10360,-118.055,34.495,0.0911,0.0211,0.0467,0.0204,0.3186,0.1117,0.2377,0.1266,0.1717,0.0624,0.0705,0.0251,0.1093,0.0514,1.1665,0.5171
10361,-118.045,34.495,0.0879,0.0205,0.0455,0.0198,0.3058,0.1066,0.2341,0.126,0.1698,0.0617,0.0681,0.0248,0.1069,0.0502,1.1744,0.5211
10362,-118.035,34.495,0.0834,0.0194,0.0456,0.0199,0.2805,0.0952,0.2203,0.1182,0.1649,0.0592,0.0625,0.0231,0.0996,0.0459,1.2,0.5326
10363,-118.025,34.495,0.1083,0.0273,0.0451,0.0196,0.2481,0.0817,0.1997,0.1067,0.2164,0.0839,0.0556,0.0208,0.0894,0.0402,1.2449,0.5532
10364,-118.015,34.495,0.0727,0.0168,0.0449,0.0195,0.2223,0.0712,0.1842,0.099,0.1488,0.0517,0.0505,0.0193,0.0817,0.036,1.2114,0.5284
10365,-118.005,34.495,0.0772,0.0183,0.0464,0.0203,0.2357,0.0772,0.201,0.114,0.1596,0.0564,0.0548,0.0223,0.0887,0.0401,1.1895,0.5144
10366,-117.995,34.495,0.0803,0.0195,0.0509,0.0228,0.2426,0.0805,0.2116,0.1248,0.1674,0.0599,0.0576,0.0245,0.0933,0.0429,1.2523,0.5553
10367,-117.985,34.495,0.0939,0.0241,0.0583,0.027,0.243,0.081,0.2161,0.1314,0.1968,0.0735,0.0587,0.0259,0.0955,0.0444,1.3424,0.6036
10368,-117.975,34.495,0.0806,0.0201,0.0655,0.0314,0.2442,0.0818,0.2189,0.1329,0.1713,0.0611,0.0597,0.0269,0.0981,0.0461,1.4111,0.652
10369,-117.965,34.495,0.1089,0.0299,0.0708,0.0347,0.2511,0.0852,0.2263,0.1371,0.2303,0.0908,0.0623,0.0287,0.1033,0.0495,1.4691,0.7139
10370,-117.955,34.495,0.1115,0.0312,0.0668,0.0323,0.2849,0.1019,0.2581,0.1596,0.2383,0.095,0.0726,0.035,0.1212,0.0612,1.5044,0.7721
10371,-117.945,34.495,0.0959,0.0262,0.0619,0.0295,0.2941,0.1064,0.2668,0.1632,0.2095,0.0807,0.0759,0.0369,0.1277,0.0656,1.4168,0.6901
10372,-117.935,34.495,0.0899,0.0244,0.0563,0.0262,0.2786,0.0988,0.2524,0.1476,0.2009,0.076,0.0722,0.0346,0.123,0.0626,1.2861,0.5894
10373,-117.925,34.495,0.0602,0.0149,0.0495,0.0225,0.2214,0.0742,0.2001,0.1088,0.1385,0.0472,0.0574,0.026,0.0985,0.0479,1.1466,0.4976
10374,-117.915,34.495,0.0656,0.0169,0.0459,0.0207,0.1733,0.0537,0.156,0.0761,0.1534,0.0543,0.045,0.0188,0.0782,0.0356,1.0706,0.4572
10375,-117.905,34.495,0.0915,0.0258,0.0594,0.0286,0.2112,0.0705,0.1899,0.0969,0.2152,0.0838,0.0562,0.0246,0.0975,0.0474,1.2332,0.5664
10376,-117.895,34.495,0.1003,0.0293,0.0676,0.0336,0.2383,0.0832,0.2138,0.1114,0.2363,0.0955,0.0646,0.0289,0.1118,0.0564,1.2916,0.6354
10377,-117.885,34.495,0.1039,0.0309,0.0705,0.0356,0.2546,0.0918,0.2275,0.1197,0.2454,0.1011,0.0701,0.0316,0.121,0.0626,1.2991,0.6618
10378,-117.875,34.495,0.1047,0.0315,0.0713,0.0362,0.248,0.0898,0.2203,0.1142,0.2483,0.1033,0.0692,0.0308,0.1188,0.0615,1.2755,0.6553
10379,-117.865,34.495,0.1049,0.0318,0.0717,0.0366,0.2401,0.0871,0.212,0.1081,0.2493,0.1044,0.0679,0.0297,0.116,0.06,1.2415,0.6328
10380,-117.855,34.495,0.1048,0.032,0.0716,0.0367,0.249,0.0923,0.2193,0.1125,0.2496,0.1052,0.0719,0.0316,0.1215,0.0638,1.2193,0.6348
10381,-117.845,34.495,0.1046,0.0322,0.0712,0.0366,0.2509,0.0941,0.2205,0.1129,0.2492,0.1055,0.0739,0.0324,0.1234,0.0653,1.1943,0.6249
10382,-117.835,34.495,0.1037,0.0321,0.0706,0.0363,0.2459,0.0923,0.2156,0.1092,0.247,0.1046,0.0738,0.0321,0.1218,0.0645,1.1648,0.6024
10383,-117.825,34.495,0.098,0.03,0.0682,0.0348,0.2369,0.0884,0.2074,0.1037,0.2341,0.0974,0.0727,0.0313,0.1181,0.0621,1.1306,0.569
10384,-117.815,34.495,0.098,0.0302,0.0663,0.0336,0.2294,0.0853,0.2008,0.0992,0.233,0.0973,0.0722,0.0309,0.1152,0.0603,1.1075,0.5572
10385,-117.805,34.495,0.1008,0.0316,0.0683,0.0351,0.2331,0.088,0.2046,0.1019,0.2377,0.1006,0.0759,0.0329,0.1183,0.0628,1.0928,0.5612
10386,-117.795,34.495,0.1036,0.033,0.0696,0.036,0.234,0.0893,0.206,0.103,0.2423,0.104,0.0788,0.0344,0.1199,0.0642,1.0793,0.5665
10387,-117.785,34.495,0.1036,0.0333,0.0699,0.0363,0.2321,0.089,0.2049,0.1024,0.2408,0.1036,0.0808,0.0355,0.12,0.0645,1.0631,0.5651
10388,-117.775,34.495,0.1041,0.0337,0.0702,0.0366,0.2309,0.089,0.2046,0.1024,0.2402,0.1038,0.0833,0.037,0.1205,0.0652,1.0454,0.5604
10389,-117.765,34.495,0.1042,0.0341,0.0704,0.0368,0.2301,0.0892,0.2047,0.1026,0.2391,0.1037,0.0861,0.0386,0.1212,0.066,1.0292,0.5568
10390,-117.755,34.495,0.105,0.0347,0.0703,0.0369,0.2305,0.0901,0.2061,0.1038,0.2392,0.1043,0.0895,0.0407,0.1227,0.0673,1.0128,0.5519
10391,-117.745,34.495,0.1047,0.0348,0.0701,0.0369,0.2296,0.0903,0.2063,0.104,0.2372,0.1036,0.0924,0.0425,0.1234,0.0681,0.9958,0.545
10392,-117.735,34.495,0.1043,0.0349,0.0699,0.0369,0.2273,0.0897,0.2053,0.1034,0.2349,0.1028,0.0947,0.0441,0.1233,0.0683,0.979,0.537
10393,-117.725,34.495,0.1036,0.0349,0.0696,0.0368,0.2248,0.0889,0.204,0.1027,0.2323,0.1018,0.0967,0.0456,0.1231,0.0684,0.9622,0.5283
10394,-117.715,34.495,0.1028,0.0349,0.0692,0.0367,0.2222,0.0881,0.2026,0.1018,0.2295,0.1006,0.0987,0.0471,0.1228,0.0685,0.9457,0.5192
10395,-117.705,34.495,0.1019,0.0347,0.0688,0.0365,0.2194,0.0872,0.201,0.1009,0.2266,0.0994,0.1004,0.0486,0.1223,0.0684,0.9295,0.5098
10396,-117.695,34.495,0.1008,0.0345,0.0683,0.0363,0.2165,0.0862,0.1992,0.0999,0.2235,0.098,0.1018,0.05,0.1218,0.0683,0.9135,0.5002
10397,-117.685,34.495,0.0997,0.0343,0.0677,0.0361,0.2135,0.0852,0.1974,0.0989,0.2202,0.0966,0.1031,0.0513,0.1212,0.0681,0.8979,0.4903
10398,-117.675,34.495,0.0985,0.0341,0.0672,0.0359,0.2104,0.0842,0.1953,0.0979,0.217,0.0951,0.1041,0.0525,0.1205,0.0679,0.8825,0.4805
10399,-117.665,34.495,0.0972,0.0338,0.0666,0.0356,0.2074,0.0831,0.1931,0.0969,0.2137,0.0936,0.105,0.0537,0.1197,0.0676,0.8675,0.4708
10400,-117.655,34.495,0.096,0.0335,0.066,0.0354,0.2044,0.0821,0.191,0.096,0.2104,0.0922,0.1057,0.0549,0.1189,0.0673,0.8529,0.4612
10401,-118.945,34.505,0.0536,0.0209,0.0514,0.0272,0.1941,0.0804,0.3395,0.1566,0.0876,0.0333,0.0216,0.0218,0.2459,0.1078,0.2393,0.0962
10402,-118.935,34.505,0.0544,0.0211,0.0514,0.0271,0.1977,0.082,0.3477,0.1603,0.0881,0.0333,0.0217,0.0218,0.2448,0.1074,0.2414,0.0966
10403,-118.925,34.505,0.0551,0.0213,0.0514,0.027,0.2013,0.0837,0.3563,0.1642,0.0886,0.0334,0.0219,0.0218,0.2437,0.1069,0.2437,0.0971
10404,-118.915,34.505,0.0559,0.0215,0.0516,0.027,0.2055,0.0857,0.3661,0.1687,0.0891,0.0335,0.0221,0.0219,0.2432,0.1068,0.2466,0.0979
10405,-118.905,34.505,0.0573,0.022,0.0528,0.0277,0.213,0.0896,0.3811,0.1768,0.0906,0.034,0.0228,0.0225,0.2461,0.1089,0.2555,0.102
10406,-118.895,34.505,0.0634,0.0248,0.0562,0.0299,0.2297,0.0993,0.4107,0.196,0.0989,0.038,0.0246,0.0245,0.2582,0.1173,0.2722,0.1113
10407,-118.885,34.505,0.0708,0.0282,0.0618,0.0335,0.2555,0.1148,0.4547,0.2265,0.1092,0.043,0.0277,0.0279,0.2794,0.132,0.2954,0.125
10408,-118.875,34.505,0.0729,0.029,0.0633,0.0344,0.2644,0.1201,0.4724,0.2369,0.1114,0.0439,0.0286,0.0287,0.2823,0.1343,0.3047,0.1301
10409,-118.865,34.505,0.0738,0.0292,0.0639,0.0347,0.2697,0.1232,0.4845,0.243,0.1119,0.0439,0.029,0.0289,0.2813,0.134,0.3096,0.1321
10410,-118.855,34.505,0.0746,0.0294,0.0639,0.0346,0.2744,0.1259,0.4962,0.2485,0.1123,0.0438,0.0294,0.0289,0.2796,0.1332,0.3133,0.1332
10411,-118.845,34.505,0.0754,0.0295,0.064,0.0345,0.2792,0.1288,0.5082,0.254,0.1126,0.0437,0.0299,0.0291,0.2779,0.1324,0.3168,0.1341
10412,-118.835,34.505,0.0762,0.0296,0.064,0.0344,0.2841,0.1318,0.5206,0.2597,0.1128,0.0436,0.0304,0.0292,0.2761,0.1316,0.3203,0.135
10413,-118.825,34.505,0.077,0.0297,0.0641,0.0344,0.2893,0.135,0.5338,0.2657,0.113,0.0434,0.0309,0.0293,0.2742,0.1306,0.3237,0.1357
10414,-118.815,34.505,0.0778,0.0298,0.0642,0.0343,0.2946,0.1384,0.5473,0.2718,0.1131,0.0432,0.0314,0.0295,0.2724,0.1297,0.3271,0.1365
10415,-118.805,34.505,0.0784,0.0299,0.0644,0.0343,0.3003,0.1421,0.5616,0.2783,0.1133,0.0431,0.032,0.0297,0.2705,0.1288,0.3305,0.1374
10416,-118.795,34.505,0.079,0.0299,0.0646,0.0343,0.3065,0.1459,0.5768,0.2852,0.1136,0.0429,0.0327,0.03,0.2685,0.1279,0.3341,0.1383
10417,-118.785,34.505,0.0796,0.03,0.0648,0.0343,0.3131,0.15,0.5928,0.2925,0.1139,0.0429,0.0334,0.0303,0.2666,0.127,0.3381,0.1394
10418,-118.775,34.505,0.0802,0.03,0.065,0.0344,0.3212,0.1548,0.6106,0.3008,0.1144,0.0429,0.0342,0.0306,0.2647,0.1262,0.3432,0.1413
10419,-118.765,34.505,0.0814,0.0303,0.0655,0.0345,0.3306,0.1602,0.63,0.3104,0.1159,0.0434,0.0351,0.0311,0.2633,0.1257,0.3499,0.1443
10420,-118.755,34.505,0.0837,0.0311,0.0666,0.0352,0.3449,0.1684,0.6557,0.3253,0.1191,0.0448,0.0365,0.0322,0.2641,0.1268,0.3589,0.149
10421,-118.745,34.505,0.0827,0.0304,0.0671,0.0353,0.3576,0.1745,0.6785,0.3365,0.1184,0.0443,0.0374,0.0327,0.2623,0.126,0.3628,0.1498
10422,-118.735,34.505,0.0827,0.0301,0.0668,0.035,0.3687,0.1784,0.6987,0.3439,0.1195,0.0446,0.038,0.0328,0.2578,0.1233,0.3698,0.1528
10423,-118.725,34.505,0.0834,0.0301,0.0673,0.0351,0.3862,0.1859,0.7261,0.3577,0.1216,0.0455,0.0391,0.0336,0.2562,0.1226,0.3788,0.1572
10424,-118.715,34.505,0.084,0.0302,0.0679,0.0354,0.4055,0.1941,0.7551,0.3727,0.124,0.0465,0.0404,0.0344,0.255,0.1223,0.389,0.1623
10425,-118.705,34.505,0.0846,0.0302,0.0685,0.0357,0.4266,0.2024,0.7849,0.3877,0.1267,0.0477,0.0418,0.0353,0.2536,0.1218,0.4001,0.1682
10426,-118.695,34.505,0.0851,0.0302,0.0691,0.0359,0.4484,0.2107,0.8146,0.4021,0.1295,0.049,0.0431,0.0361,0.2521,0.1213,0.4117,0.1745
10427,-118.685,34.505,0.0856,0.0301,0.0697,0.0362,0.4711,0.219,0.8443,0.416,0.1323,0.0503,0.0444,0.0369,0.2506,0.1208,0.4237,0.181
10428,-118.675,34.505,0.0861,0.0301,0.0697,0.036,0.4902,0.2235,0.8673,0.4219,0.1353,0.0517,0.0451,0.0371,0.2466,0.1185,0.4353,0.1871
10429,-118.665,34.505,0.0852,0.0294,0.0696,0.0358,0.5078,0.2263,0.8871,0.4241,0.1366,0.0522,0.0456,0.037,0.2417,0.1155,0.4439,0.1906
10430,-118.655,34.505,0.0833,0.0283,0.0699,0.0359,0.5213,0.2253,0.898,0.4171,0.1363,0.0519,0.0456,0.0363,0.235,0.1114,0.4548,0.196
10431,-118.645,34.505,0.0855,0.029,0.0713,0.0366,0.5469,0.2337,0.917,0.4247,0.1423,0.0549,0.0474,0.0375,0.2354,0.1123,0.472,0.2071
10432,-118.635,34.505,0.0889,0.0302,0.0736,0.0379,0.5847,0.2515,0.9441,0.447,0.1501,0.0589,0.0509,0.0404,0.243,0.1181,0.4933,0.222
10433,-118.625,34.505,0.09,0.0304,0.0755,0.0391,0.6136,0.2621,0.9532,0.4533,0.1542,0.061,0.0533,0.0418,0.2451,0.1203,0.5107,0.234
10434,-118.615,34.505,0.0932,0.0314,0.0767,0.0397,0.6377,0.2685,0.9543,0.4508,0.1604,0.0642,0.0549,0.0423,0.2441,0.1202,0.5253,0.2444
10435,-118.605,34.505,0.0932,0.031,0.0743,0.038,0.6473,0.2614,0.9344,0.4218,0.1605,0.0641,0.0538,0.0404,0.2335,0.1131,0.53,0.245
10436,-118.595,34.505,0.0911,0.0296,0.0734,0.0372,0.6684,0.2645,0.9206,0.4066,0.157,0.0619,0.0546,0.0402,0.2294,0.1106,0.5312,0.2423
10437,-118.585,34.505,0.0935,0.0302,0.0738,0.0374,0.7008,0.2777,0.9131,0.4054,0.1602,0.0634,0.0574,0.0419,0.2316,0.1127,0.5392,0.2471
10438,-118.575,34.505,0.0954,0.0305,0.0747,0.0378,0.7225,0.2831,0.8948,0.3924,0.1622,0.0642,0.0587,0.0421,0.2289,0.1112,0.5462,0.2507
10439,-118.565,34.505,0.0973,0.0308,0.0756,0.0383,0.7403,0.2861,0.8727,0.3765,0.164,0.0649,0.0597,0.042,0.2246,0.1088,0.5517,0.2527
10440,-118.555,34.505,0.0992,0.031,0.0762,0.0385,0.7496,0.2858,0.8433,0.3576,0.1655,0.0655,0.06,0.0413,0.2182,0.105,0.5572,0.2546
10441,-118.545,34.505,0.1021,0.0317,0.0743,0.0372,0.7491,0.2766,0.8052,0.3291,0.1684,0.0668,0.0588,0.0392,0.2073,0.0982,0.5624,0.2564
10442,-118.535,34.505,0.091,0.0268,0.0699,0.0343,0.7387,0.2585,0.7584,0.2909,0.15,0.0567,0.0559,0.0356,0.1919,0.0882,0.5433,0.2352
10443,-118.525,34.505,0.0921,0.0268,0.066,0.0319,0.7535,0.2663,0.7296,0.2805,0.15,0.0565,0.0566,0.0353,0.1868,0.0856,0.529,0.2219
10444,-118.515,34.505,0.0861,0.0241,0.0616,0.0292,0.7641,0.2722,0.6939,0.2685,0.1391,0.0508,0.0568,0.0346,0.1802,0.0824,0.5028,0.2034
10445,-118.505,34.505,0.0746,0.0197,0.054,0.0247,0.7287,0.2427,0.6066,0.2199,0.1198,0.0416,0.0505,0.0289,0.156,0.0682,0.4608,0.1766
10446,-118.495,34.505,0.0682,0.0172,0.0503,0.0225,0.7205,0.2309,0.5479,0.1906,0.1083,0.0364,0.0474,0.0256,0.1412,0.0597,0.4297,0.1603
10447,-118.485,34.505,0.0685,0.0169,0.0503,0.0225,0.7396,0.2368,0.5179,0.1804,0.1074,0.0358,0.0473,0.0248,0.1356,0.0569,0.4268,0.1582
10448,-118.475,34.505,0.0694,0.0168,0.0504,0.0225,0.7911,0.2575,0.5133,0.1825,0.1075,0.0358,0.0496,0.0255,0.1368,0.0577,0.4375,0.1628
10449,-118.465,34.505,0.0739,0.0177,0.0506,0.0225,0.8529,0.2848,0.5186,0.1902,0.1131,0.0381,0.053,0.027,0.141,0.0602,0.4588,0.1727
10450,-118.455,34.505,0.0813,0.0195,0.0519,0.0232,0.9323,0.3305,0.5469,0.2126,0.1228,0.0424,0.0597,0.0307,0.1529,0.0674,0.4943,0.1899
10451,-118.445,34.505,0.0864,0.0205,0.055,0.0249,0.9726,0.3562,0.5551,0.2237,0.1291,0.045,0.064,0.0328,0.1588,0.0711,0.5257,0.2065
10452,-118.435,34.505,0.0951,0.0225,0.0601,0.0278,0.974,0.362,0.5433,0.2234,0.1404,0.0501,0.0658,0.0332,0.1587,0.0713,0.5627,0.2277
10453,-118.425,34.505,0.1009,0.0235,0.062,0.0288,0.9816,0.3722,0.5449,0.2303,0.1475,0.0534,0.0696,0.0348,0.1635,0.0742,0.5975,0.2484
10454,-118.415,34.505,0.102,0.0231,0.0627,0.0292,0.9832,0.3797,0.5458,0.2368,0.1482,0.0537,0.0733,0.0363,0.1681,0.077,0.615,0.2581
10455,-118.405,34.505,0.103,0.0226,0.0605,0.028,0.9504,0.3687,0.5297,0.2339,0.1488,0.054,0.0741,0.0363,0.1668,0.0764,0.6232,0.2613
10456,-118.395,34.505,0.1013,0.0214,0.0586,0.0269,0.877,0.3347,0.4895,0.2162,0.1456,0.0525,0.0708,0.0339,0.1569,0.071,0.6142,0.253
10457,-118.385,34.505,0.0936,0.0187,0.0568,0.0258,0.7632,0.2777,0.4251,0.1836,0.1344,0.0474,0.0635,0.029,0.1387,0.0607,0.5905,0.2364
10458,-118.375,34.505,0.0853,0.0159,0.0525,0.0233,0.7124,0.2558,0.3989,0.1738,0.1228,0.0421,0.0618,0.0277,0.133,0.0577,0.5569,0.2159
10459,-118.365,34.505,0.0828,0.0147,0.0486,0.0212,0.6742,0.2406,0.3802,0.1684,0.1194,0.0406,0.0613,0.027,0.1296,0.056,0.554,0.2137
10460,-118.355,34.505,0.0855,0.0147,0.0496,0.0217,0.6349,0.2233,0.3602,0.1612,0.1233,0.0423,0.06,0.026,0.1251,0.0536,0.5732,0.2227
10461,-118.345,34.505,0.0939,0.0159,0.0491,0.0214,0.6327,0.2247,0.3631,0.1684,0.1351,0.0479,0.0632,0.0273,0.1292,0.056,0.6024,0.237
10462,-118.335,34.505,0.0904,0.0146,0.0472,0.0204,0.6676,0.2446,0.389,0.19,0.1302,0.0455,0.0708,0.031,0.1419,0.0633,0.6389,0.2561
10463,-118.325,34.505,0.11,0.0181,0.0581,0.0267,0.7107,0.2793,0.4225,0.2226,0.1571,0.0586,0.0823,0.0369,0.1601,0.0748,0.7158,0.3032
10464,-118.315,34.505,0.1295,0.022,0.0677,0.0323,0.7295,0.3001,0.4396,0.2434,0.1831,0.0715,0.0902,0.0408,0.1718,0.0825,0.7435,0.3184
10465,-118.305,34.505,0.1058,0.0171,0.0585,0.0269,0.6219,0.2387,0.3692,0.1959,0.1503,0.0551,0.0774,0.0332,0.1458,0.0673,0.7232,0.3028
10466,-118.295,34.505,0.0952,0.015,0.0552,0.0249,0.541,0.1939,0.3168,0.1612,0.1355,0.0478,0.0679,0.0276,0.1264,0.056,0.6813,0.273
10467,-118.285,34.505,0.1012,0.0165,0.0579,0.0265,0.4867,0.1659,0.2823,0.1392,0.1431,0.0514,0.0619,0.0239,0.1134,0.0486,0.7085,0.2863
10468,-118.275,34.505,0.1141,0.0195,0.0535,0.0241,0.5322,0.1892,0.3116,0.1619,0.1604,0.0594,0.0721,0.0282,0.1285,0.0573,0.7422,0.3034
10469,-118.265,34.505,0.0994,0.0168,0.0484,0.0213,0.5751,0.2115,0.3394,0.1837,0.1396,0.05,0.0819,0.0323,0.1429,0.0657,0.7492,0.3055
10470,-118.255,34.505,0.0996,0.0171,0.0473,0.0206,0.5053,0.1771,0.2969,0.1555,0.1393,0.0499,0.0737,0.0276,0.1261,0.0562,0.7449,0.3011
10471,-118.245,34.505,0.0999,0.0173,0.0513,0.023,0.469,0.1609,0.2762,0.1437,0.1393,0.0494,0.0716,0.026,0.1197,0.0529,0.7722,0.3145
10472,-118.235,34.505,0.1137,0.0209,0.0604,0.0283,0.4664,0.1631,0.2771,0.1484,0.1568,0.0581,0.0758,0.0275,0.1237,0.0558,0.8438,0.356
10473,-118.225,34.505,0.1181,0.0223,0.0585,0.0271,0.4828,0.1712,0.2878,0.1563,0.163,0.0607,0.0823,0.0295,0.1303,0.0598,0.8866,0.3797
10474,-118.215,34.505,0.1141,0.0217,0.0545,0.0248,0.4907,0.1748,0.2925,0.1595,0.1577,0.0581,0.0867,0.0306,0.1338,0.0618,0.8864,0.3767
10475,-118.205,34.505,0.0992,0.0184,0.052,0.0234,0.4384,0.1496,0.2589,0.1362,0.1389,0.0491,0.0789,0.027,0.1196,0.0538,0.8358,0.3427
10476,-118.195,34.505,0.1134,0.0224,0.0548,0.0251,0.4264,0.1443,0.2511,0.131,0.1598,0.0591,0.0796,0.0271,0.1177,0.0529,0.9433,0.4069
10477,-118.185,34.505,0.1284,0.0265,0.0629,0.0298,0.4548,0.1589,0.269,0.1438,0.1825,0.0698,0.0886,0.031,0.1282,0.0591,1.019,0.4559
10478,-118.175,34.505,0.1259,0.0263,0.0568,0.0262,0.4214,0.1445,0.2492,0.1303,0.182,0.0691,0.0838,0.0291,0.1194,0.0543,1.0196,0.4544
10479,-118.165,34.505,0.0975,0.0193,0.0487,0.0215,0.3839,0.1282,0.2272,0.1151,0.1441,0.0507,0.0782,0.0268,0.1094,0.0487,0.9305,0.3893
10480,-118.155,34.505,0.0877,0.0172,0.0449,0.0194,0.3882,0.1316,0.2323,0.1186,0.1316,0.0452,0.0819,0.0285,0.113,0.0509,0.9048,0.3738
10481,-118.145,34.505,0.0944,0.0192,0.0443,0.0191,0.3831,0.1305,0.2321,0.1183,0.1436,0.0503,0.0826,0.0285,0.1133,0.0512,0.9569,0.4015
10482,-118.135,34.505,0.0965,0.02,0.0468,0.0204,0.3684,0.1252,0.2266,0.1142,0.1489,0.0524,0.0805,0.0269,0.1102,0.0497,1.0105,0.43
10483,-118.125,34.505,0.0917,0.019,0.0489,0.0216,0.374,0.1305,0.2355,0.121,0.1439,0.0499,0.0833,0.0275,0.1146,0.0528,1.0566,0.4552
10484,-118.115,34.505,0.1099,0.0244,0.0509,0.0226,0.3764,0.1341,0.2422,0.1262,0.175,0.0642,0.0849,0.0278,0.1179,0.0552,1.1859,0.5304
10485,-118.105,34.505,0.1074,0.024,0.0522,0.0234,0.3419,0.1183,0.2232,0.1133,0.175,0.0641,0.0764,0.0246,0.1086,0.0497,1.1955,0.5314
10486,-118.095,34.505,0.0971,0.0214,0.0508,0.0226,0.3318,0.1143,0.2216,0.1122,0.1632,0.0584,0.074,0.024,0.1076,0.0491,1.1953,0.5265
10487,-118.085,34.505,0.0931,0.0206,0.0465,0.0202,0.3462,0.1221,0.2373,0.123,0.1611,0.0575,0.0778,0.0259,0.1149,0.0536,1.2257,0.5416
10488,-118.075,34.505,0.1026,0.0236,0.0525,0.0236,0.3529,0.1266,0.2489,0.1319,0.1825,0.0675,0.08,0.0274,0.12,0.0569,1.3269,0.6028
10489,-118.065,34.505,0.1141,0.0275,0.0593,0.0276,0.3571,0.13,0.2592,0.1402,0.208,0.0807,0.0818,0.0287,0.1244,0.0598,1.4256,0.6844
10490,-118.055,34.505,0.1173,0.029,0.0606,0.0284,0.3577,0.1317,0.2675,0.148,0.2196,0.087,0.0827,0.03,0.1277,0.0621,1.4912,0.7388
10491,-118.045,34.505,0.1176,0.0295,0.0615,0.0289,0.3447,0.1264,0.2646,0.1478,0.2261,0.0906,0.0801,0.0296,0.1254,0.061,1.5275,0.7655
10492,-118.035,34.505,0.1126,0.0283,0.0619,0.0293,0.318,0.1141,0.2507,0.1398,0.2222,0.0887,0.074,0.0278,0.1176,0.0564,1.5444,0.7707
10493,-118.025,34.505,0.1249,0.0328,0.0602,0.0283,0.2701,0.0929,0.2179,0.1191,0.249,0.1034,0.0631,0.0238,0.1009,0.0468,1.539,0.7522
10494,-118.015,34.505,0.0959,0.0239,0.0583,0.0271,0.2322,0.0764,0.1933,0.1046,0.1964,0.0757,0.055,0.0212,0.0882,0.0395,1.4782,0.6945
10495,-118.005,34.505,0.0967,0.0244,0.0579,0.0269,0.2644,0.0915,0.2278,0.1329,0.2003,0.0769,0.0652,0.0277,0.1034,0.0487,1.446,0.6727
10496,-117.995,34.505,0.1041,0.0271,0.0576,0.0268,0.2799,0.0989,0.2467,0.1496,0.2163,0.085,0.0708,0.0317,0.1118,0.0539,1.5006,0.7369
10497,-117.985,34.505,0.0966,0.0249,0.0576,0.0267,0.2786,0.0986,0.25,0.1545,0.2034,0.0779,0.0717,0.0333,0.1135,0.0551,1.4531,0.7038
10498,-117.975,34.505,0.0995,0.0265,0.0643,0.0309,0.276,0.0977,0.2488,0.1533,0.2102,0.0824,0.0718,0.0338,0.1148,0.0561,1.4485,0.7142
10499,-117.965,34.505,0.1078,0.0296,0.0708,0.0349,0.2765,0.0983,0.2496,0.153,0.2293,0.0919,0.0726,0.0346,0.1176,0.0582,1.4621,0.7528
10500,-117.955,34.505,0.1134,0.032,0.0696,0.0342,0.2933,0.1069,0.2652,0.1634,0.2434,0.0995,0.0782,0.038,0.1281,0.0653,1.4737,0.7981
10501,-117.945,34.505,0.1109,0.0315,0.0673,0.0329,0.2932,0.1069,0.265,0.1605,0.2418,0.0987,0.0787,0.0382,0.1306,0.0671,1.4378,0.7719
10502,-117.935,34.505,0.1035,0.0292,0.0639,0.031,0.2762,0.0983,0.2491,0.1443,0.2308,0.0926,0.0742,0.0353,0.125,0.0635,1.3396,0.6685
10503,-117.925,34.505,0.0825,0.0224,0.0609,0.0293,0.2337,0.0799,0.2102,0.115,0.1892,0.0722,0.0629,0.0287,0.1071,0.0528,1.2384,0.5752
10504,-117.915,34.505,0.0843,0.0233,0.0593,0.0285,0.2,0.0656,0.1795,0.0917,0.1972,0.0762,0.0542,0.0235,0.0933,0.0446,1.1821,0.5385
10505,-117.905,34.505,0.0961,0.0277,0.0643,0.0316,0.235,0.0815,0.2108,0.1109,0.2266,0.0911,0.0646,0.0288,0.1115,0.0559,1.26,0.6251
10506,-117.895,34.505,0.1,0.0294,0.0676,0.0337,0.2547,0.0911,0.2277,0.1209,0.2359,0.0966,0.0708,0.0319,0.1223,0.0628,1.2601,0.6433
10507,-117.885,34.505,0.1024,0.0305,0.0693,0.0349,0.2588,0.0944,0.2301,0.1218,0.2414,0.1002,0.0728,0.0327,0.1257,0.0654,1.2408,0.6432
10508,-117.875,34.505,0.103,0.031,0.0698,0.0354,0.2575,0.0948,0.2277,0.1195,0.2432,0.1018,0.0732,0.0325,0.1261,0.0659,1.2139,0.6339
10509,-117.865,34.505,0.1032,0.0313,0.07,0.0356,0.255,0.0947,0.2243,0.1165,0.2441,0.1028,0.0734,0.0323,0.1259,0.0661,1.1864,0.6203
10510,-117.855,34.505,0.1032,0.0316,0.0698,0.0357,0.2518,0.094,0.2206,0.1137,0.2443,0.1034,0.0736,0.032,0.1253,0.0659,1.1604,0.6066
10511,-117.845,34.505,0.1029,0.0317,0.069,0.0353,0.2473,0.0926,0.216,0.1102,0.2437,0.1035,0.0735,0.0317,0.1239,0.0652,1.134,0.5893
10512,-117.835,34.505,0.1004,0.0309,0.0676,0.0344,0.2414,0.0904,0.2103,0.1061,0.2381,0.1005,0.073,0.0312,0.1218,0.064,1.1033,0.5649
10513,-117.825,34.505,0.0958,0.0293,0.0656,0.0332,0.2326,0.0867,0.2024,0.1007,0.2276,0.0949,0.0718,0.0304,0.1181,0.0617,1.0657,0.5316
10514,-117.815,34.505,0.0954,0.0294,0.0639,0.0323,0.2249,0.0835,0.1957,0.0962,0.226,0.0944,0.0712,0.0299,0.115,0.0599,1.042,0.5187
10515,-117.805,34.505,0.0964,0.03,0.0646,0.0328,0.2266,0.0851,0.1976,0.0976,0.2271,0.0955,0.0741,0.0313,0.117,0.0615,1.0284,0.5164
10516,-117.795,34.505,0.0978,0.0308,0.0657,0.0336,0.2277,0.0864,0.1992,0.0987,0.2292,0.0972,0.0769,0.0328,0.1187,0.0629,1.0181,0.5192
10517,-117.785,34.505,0.0995,0.0318,0.067,0.0345,0.2283,0.0874,0.2002,0.0997,0.2315,0.0991,0.0798,0.0343,0.1202,0.0642,1.0071,0.5233
10518,-117.775,34.505,0.1008,0.0326,0.0681,0.0353,0.2277,0.0878,0.2005,0.1,0.233,0.1005,0.0826,0.0359,0.121,0.0651,0.994,0.5247
10519,-117.765,34.505,0.1023,0.0335,0.0689,0.036,0.2271,0.0882,0.2009,0.1005,0.2346,0.102,0.0855,0.0375,0.1218,0.066,0.9813,0.5259
10520,-117.755,34.505,0.1031,0.0341,0.0689,0.0361,0.2277,0.0893,0.2024,0.1017,0.2349,0.1028,0.089,0.0397,0.1233,0.0674,0.9675,0.5239
10521,-117.745,34.505,0.1029,0.0342,0.0688,0.0362,0.227,0.0895,0.2027,0.1021,0.233,0.1021,0.092,0.0415,0.1241,0.0682,0.9524,0.5183
10522,-117.735,34.505,0.1024,0.0343,0.0686,0.0362,0.2248,0.089,0.2018,0.1017,0.2308,0.1013,0.0944,0.0431,0.124,0.0684,0.937,0.5112
10523,-117.725,34.505,0.1019,0.0343,0.0683,0.0361,0.2224,0.0883,0.2006,0.101,0.2284,0.1003,0.0965,0.0447,0.1238,0.0686,0.9217,0.5034
10524,-117.715,34.505,0.1011,0.0343,0.068,0.036,0.22,0.0876,0.1994,0.1004,0.2258,0.0992,0.0986,0.0462,0.1235,0.0686,0.9066,0.4951
10525,-117.705,34.505,0.1003,0.0342,0.0676,0.0359,0.2174,0.0868,0.1979,0.0996,0.2229,0.098,0.1003,0.0477,0.1231,0.0686,0.8916,0.4866
10526,-117.695,34.505,0.0993,0.0341,0.0672,0.0358,0.2146,0.0859,0.1963,0.0988,0.22,0.0967,0.1018,0.0491,0.1226,0.0685,0.8769,0.4779
10527,-117.685,34.505,0.0983,0.0339,0.0667,0.0356,0.2118,0.085,0.1946,0.098,0.217,0.0954,0.1031,0.0505,0.122,0.0684,0.8624,0.4689
10528,-117.675,34.505,0.0972,0.0337,0.0662,0.0354,0.2089,0.0841,0.1927,0.0972,0.2138,0.094,0.1042,0.0517,0.1214,0.0682,0.8483,0.4599
10529,-117.665,34.505,0.0961,0.0335,0.0657,0.0352,0.2061,0.0831,0.1907,0.0964,0.2107,0.0926,0.1052,0.053,0.1207,0.0679,0.8344,0.4511
10530,-117.655,34.505,0.095,0.0332,0.0652,0.035,0.2032,0.0822,0.1888,0.0956,0.2076,0.0912,0.106,0.0541,0.12,0.0677,0.8209,0.4424
10531,-118.945,34.515,0.0528,0.0206,0.0505,0.0268,0.1925,0.0793,0.3337,0.1536,0.0863,0.0328,0.0217,0.0215,0.2507,0.1098,0.2419,0.0972
10532,-118.935,34.515,0.0535,0.0208,0.0505,0.0267,0.196,0.0808,0.3417,0.1573,0.0868,0.0329,0.0218,0.0215,0.2496,0.1093,0.2443,0.0977
10533,-118.925,34.515,0.0543,0.021,0.0506,0.0266,0.1996,0.0824,0.3501,0.161,0.0873,0.0329,0.022,0.0215,0.2484,0.1088,0.2468,0.0983
10534,-118.915,34.515,0.055,0.0211,0.0511,0.0268,0.2051,0.0852,0.3617,0.1669,0.0878,0.033,0.0224,0.0218,0.2493,0.1096,0.2503,0.0993
10535,-118.905,34.515,0.0579,0.0224,0.0538,0.0286,0.22,0.0932,0.3886,0.1831,0.0915,0.0347,0.024,0.0235,0.2605,0.1169,0.2648,0.1069
10536,-118.895,34.515,0.0668,0.0266,0.0575,0.0309,0.2369,0.103,0.4183,0.2024,0.104,0.0408,0.0259,0.0256,0.273,0.1256,0.2846,0.1182
10537,-118.885,34.515,0.0709,0.0283,0.0621,0.0339,0.256,0.1145,0.4507,0.225,0.1091,0.0432,0.0281,0.028,0.2869,0.1359,0.3041,0.13
10538,-118.875,34.515,0.0717,0.0285,0.063,0.0344,0.2632,0.1187,0.4656,0.2333,0.1096,0.0432,0.0288,0.0285,0.2879,0.137,0.3092,0.1321
10539,-118.865,34.515,0.0726,0.0287,0.063,0.0343,0.2681,0.1214,0.4769,0.2387,0.11,0.0432,0.0291,0.0286,0.2863,0.1363,0.3133,0.1335
10540,-118.855,34.515,0.0734,0.0289,0.0631,0.0342,0.273,0.1241,0.4886,0.2441,0.1103,0.0431,0.0295,0.0287,0.2846,0.1354,0.3171,0.1346
10541,-118.845,34.515,0.0742,0.029,0.0632,0.0342,0.2781,0.127,0.5006,0.2497,0.1107,0.043,0.0299,0.0288,0.2827,0.1346,0.3209,0.1357
10542,-118.835,34.515,0.075,0.0291,0.0633,0.0341,0.2834,0.1301,0.5131,0.2554,0.111,0.0429,0.0303,0.0289,0.2809,0.1338,0.3247,0.1367
10543,-118.825,34.515,0.0758,0.0292,0.0634,0.0341,0.289,0.1334,0.5266,0.2616,0.1112,0.0428,0.0308,0.0291,0.279,0.1328,0.3284,0.1377
10544,-118.815,34.515,0.0766,0.0293,0.0636,0.0341,0.2949,0.1368,0.5403,0.2678,0.1114,0.0427,0.0313,0.0293,0.2772,0.1319,0.3323,0.1387
10545,-118.805,34.515,0.0773,0.0294,0.0637,0.034,0.3012,0.1406,0.5549,0.2744,0.1117,0.0426,0.0319,0.0295,0.2752,0.131,0.3362,0.1398
10546,-118.795,34.515,0.0779,0.0295,0.0639,0.0341,0.3081,0.1446,0.5705,0.2815,0.112,0.0425,0.0324,0.0298,0.2732,0.1301,0.3403,0.141
10547,-118.785,34.515,0.0786,0.0295,0.0641,0.0341,0.3156,0.1488,0.5871,0.289,0.1125,0.0425,0.0331,0.03,0.2712,0.1292,0.345,0.1425
10548,-118.775,34.515,0.0792,0.0296,0.0637,0.0337,0.3247,0.1538,0.6059,0.2977,0.113,0.0425,0.0338,0.0304,0.2694,0.1284,0.3493,0.1437
10549,-118.765,34.515,0.0803,0.0299,0.0632,0.0332,0.3348,0.1592,0.6258,0.3072,0.1145,0.0431,0.0346,0.0309,0.2678,0.1278,0.3535,0.1448
10550,-118.755,34.515,0.0822,0.0305,0.0623,0.0325,0.3482,0.1664,0.6498,0.3198,0.1171,0.0442,0.0357,0.0316,0.2674,0.1281,0.3582,0.1461
10551,-118.745,34.515,0.0804,0.0293,0.0623,0.0324,0.3607,0.1721,0.6721,0.3297,0.1152,0.043,0.0365,0.032,0.265,0.1269,0.3602,0.1455
10552,-118.735,34.515,0.0809,0.0293,0.0632,0.0328,0.3723,0.1765,0.6928,0.337,0.1167,0.0436,0.037,0.0321,0.2608,0.1243,0.3713,0.1513
10553,-118.725,34.515,0.0824,0.0298,0.0651,0.0339,0.3905,0.1847,0.7212,0.3509,0.1197,0.0449,0.0382,0.0329,0.2597,0.1241,0.3853,0.1592
10554,-118.715,34.515,0.083,0.0298,0.067,0.035,0.4103,0.1935,0.7513,0.3659,0.1219,0.0459,0.0395,0.0338,0.2589,0.1241,0.3978,0.1661
10555,-118.705,34.515,0.0836,0.0298,0.0676,0.0353,0.4311,0.202,0.7813,0.3795,0.1242,0.0469,0.0407,0.0345,0.2573,0.1235,0.409,0.172
10556,-118.695,34.515,0.0842,0.0298,0.0682,0.0355,0.4528,0.2104,0.8117,0.3925,0.1267,0.048,0.042,0.0352,0.2557,0.1229,0.4207,0.1783
10557,-118.685,34.515,0.0847,0.0298,0.0688,0.0358,0.4753,0.2189,0.8423,0.4049,0.1294,0.0493,0.0433,0.0359,0.254,0.1223,0.4317,0.1837
10558,-118.675,34.515,0.0852,0.0297,0.0658,0.0337,0.4923,0.2217,0.8643,0.4064,0.1321,0.0505,0.0437,0.0357,0.2486,0.119,0.441,0.1877
10559,-118.665,34.515,0.0836,0.0287,0.0634,0.0321,0.51,0.2247,0.8858,0.4074,0.132,0.0503,0.0443,0.0356,0.2436,0.116,0.4467,0.1887
10560,-118.655,34.515,0.0861,0.0296,0.0683,0.0351,0.5372,0.2343,0.9132,0.417,0.1377,0.0532,0.0464,0.037,0.245,0.1176,0.4663,0.2015
10561,-118.645,34.515,0.0865,0.0295,0.0713,0.0369,0.5624,0.2419,0.9331,0.4214,0.1406,0.0545,0.0482,0.038,0.2453,0.1184,0.4853,0.2139
10562,-118.635,34.515,0.0874,0.0295,0.0725,0.0375,0.5855,0.2475,0.9458,0.4205,0.1439,0.0561,0.0498,0.0388,0.2447,0.1184,0.5008,0.2235
10563,-118.625,34.515,0.0877,0.0293,0.0733,0.0379,0.6074,0.2515,0.9464,0.4135,0.1461,0.0571,0.0514,0.0394,0.2432,0.1179,0.5148,0.232
10564,-118.615,34.515,0.0901,0.03,0.0739,0.0382,0.6289,0.2551,0.9424,0.4042,0.1508,0.0595,0.0529,0.0398,0.2413,0.1172,0.5306,0.2433
10565,-118.605,34.515,0.0928,0.0308,0.0741,0.0381,0.6499,0.2579,0.9285,0.3902,0.1554,0.0618,0.0543,0.0401,0.2387,0.1159,0.5399,0.2482
10566,-118.595,34.515,0.0914,0.0297,0.074,0.0379,0.6713,0.2615,0.9118,0.3767,0.1534,0.0604,0.0558,0.0404,0.2363,0.1147,0.5451,0.2492
10567,-118.585,34.515,0.0928,0.0299,0.0737,0.0376,0.6932,0.2658,0.8923,0.3636,0.155,0.0611,0.0574,0.0408,0.2342,0.1138,0.5514,0.2517
10568,-118.575,34.515,0.0945,0.0301,0.0739,0.0376,0.7037,0.2624,0.8624,0.342,0.157,0.0619,0.0576,0.0399,0.2272,0.1093,0.5572,0.2536
10569,-118.565,34.515,0.0898,0.0278,0.0735,0.0372,0.7073,0.2552,0.8262,0.3167,0.1491,0.0574,0.057,0.0384,0.2178,0.1033,0.5486,0.2427
10570,-118.555,34.515,0.0837,0.025,0.069,0.0344,0.6883,0.2371,0.7703,0.282,0.1386,0.0519,0.0545,0.0352,0.2018,0.0933,0.5349,0.2286
10571,-118.545,34.515,0.0849,0.025,0.0649,0.0317,0.6887,0.2315,0.7374,0.2632,0.1392,0.052,0.0544,0.034,0.1941,0.0887,0.5242,0.2197
10572,-118.535,34.515,0.0869,0.0253,0.0611,0.0293,0.7087,0.2383,0.7275,0.2603,0.141,0.0526,0.0569,0.0348,0.1947,0.0893,0.5205,0.2139
10573,-118.525,34.515,0.0823,0.0231,0.0569,0.0266,0.6626,0.2154,0.6448,0.2232,0.1325,0.0482,0.052,0.0304,0.1724,0.0767,0.4937,0.1963
10574,-118.515,34.515,0.0684,0.018,0.0525,0.024,0.6154,0.1918,0.5581,0.1844,0.1096,0.0376,0.0466,0.0255,0.1488,0.0633,0.4634,0.1778
10575,-118.505,34.515,0.0658,0.0167,0.048,0.0214,0.6294,0.1947,0.5249,0.172,0.1041,0.0351,0.0462,0.0243,0.1417,0.0596,0.4411,0.1647
10576,-118.495,34.515,0.0662,0.0165,0.0458,0.0201,0.6518,0.2021,0.5008,0.1647,0.1036,0.0347,0.0466,0.0238,0.1374,0.0574,0.436,0.1615
10577,-118.485,34.515,0.0674,0.0166,0.0459,0.0202,0.6825,0.2142,0.4859,0.1623,0.1043,0.0349,0.048,0.0238,0.1357,0.0567,0.4407,0.1631
10578,-118.475,34.515,0.0686,0.0165,0.046,0.0201,0.7142,0.2275,0.4748,0.1619,0.1049,0.0351,0.0495,0.024,0.1349,0.0564,0.4493,0.1667
10579,-118.465,34.515,0.0697,0.0165,0.0462,0.0202,0.7436,0.2406,0.4651,0.1623,0.1054,0.0352,0.0512,0.0244,0.1345,0.0564,0.4608,0.1716
10580,-118.455,34.515,0.071,0.0164,0.0471,0.0206,0.7611,0.252,0.4587,0.1647,0.1063,0.0355,0.0532,0.025,0.1352,0.0571,0.4768,0.1789
10581,-118.445,34.515,0.0729,0.0165,0.0494,0.0219,0.7683,0.2589,0.4497,0.1655,0.1082,0.0362,0.0548,0.0254,0.1352,0.0573,0.4944,0.1873
10582,-118.435,34.515,0.0765,0.0171,0.0532,0.0241,0.7653,0.2613,0.4381,0.1648,0.1124,0.0381,0.056,0.0256,0.1344,0.057,0.5282,0.2045
10583,-118.425,34.515,0.0947,0.0217,0.0553,0.0252,0.8327,0.3031,0.4771,0.1923,0.1372,0.0491,0.0651,0.0303,0.1515,0.0669,0.5719,0.2274
10584,-118.415,34.515,0.0998,0.0225,0.0569,0.0261,0.8961,0.3434,0.5159,0.2198,0.1435,0.0521,0.0743,0.0351,0.1686,0.0768,0.6106,0.249
10585,-118.405,34.515,0.1019,0.0224,0.0581,0.0268,0.8703,0.3367,0.5037,0.2197,0.1454,0.053,0.0756,0.0354,0.1682,0.0768,0.6337,0.2618
10586,-118.395,34.515,0.103,0.0219,0.0589,0.0272,0.836,0.3243,0.4862,0.2161,0.146,0.0533,0.0758,0.0352,0.1659,0.0757,0.6503,0.2706
10587,-118.385,34.515,0.1032,0.0212,0.0593,0.0274,0.7931,0.3061,0.4635,0.2091,0.1458,0.0532,0.075,0.0344,0.1616,0.0734,0.658,0.2736
10588,-118.375,34.515,0.1016,0.02,0.0562,0.0256,0.7572,0.291,0.4448,0.2041,0.1435,0.0521,0.0746,0.0338,0.1584,0.0717,0.6545,0.2695
10589,-118.365,34.515,0.1001,0.0189,0.0527,0.0236,0.7184,0.2737,0.424,0.1974,0.1412,0.051,0.0736,0.0329,0.154,0.0694,0.653,0.266
10590,-118.355,34.515,0.0971,0.0175,0.0513,0.0228,0.6578,0.2429,0.3884,0.1803,0.1371,0.049,0.0693,0.0302,0.1433,0.0633,0.6518,0.2621
10591,-118.345,34.515,0.0992,0.0173,0.0494,0.0218,0.6352,0.2337,0.3774,0.1794,0.1397,0.0503,0.0701,0.0303,0.1425,0.0631,0.6596,0.2637
10592,-118.335,34.515,0.1024,0.0174,0.0469,0.0204,0.6505,0.2461,0.3908,0.1949,0.1437,0.0522,0.076,0.0332,0.1518,0.0686,0.6803,0.2737
10593,-118.325,34.515,0.0856,0.0135,0.0541,0.0246,0.6645,0.2598,0.403,0.2111,0.1207,0.0415,0.0825,0.0364,0.1612,0.0747,0.7056,0.2877
10594,-118.315,34.515,0.1258,0.0217,0.0608,0.0285,0.6735,0.2709,0.4115,0.2249,0.1743,0.0673,0.0884,0.0392,0.1693,0.0801,0.7722,0.3307
10595,-118.305,34.515,0.1312,0.0229,0.0555,0.0253,0.6592,0.268,0.4037,0.2268,0.1805,0.0707,0.0909,0.0401,0.1708,0.0816,0.807,0.3514
10596,-118.295,34.515,0.1211,0.0206,0.0554,0.0252,0.5922,0.233,0.3599,0.1997,0.1666,0.0634,0.0831,0.0356,0.1544,0.0723,0.7963,0.3396
10597,-118.285,34.515,0.0978,0.0158,0.0607,0.0283,0.4723,0.1658,0.2801,0.1437,0.1352,0.0483,0.065,0.0257,0.1203,0.0522,0.7782,0.3208
10598,-118.275,34.515,0.0963,0.0157,0.0553,0.0253,0.5049,0.1822,0.3004,0.1611,0.1326,0.0469,0.0733,0.0292,0.1324,0.0592,0.8026,0.3325
10599,-118.265,34.515,0.1113,0.019,0.0489,0.0217,0.5427,0.2026,0.3247,0.1818,0.1517,0.056,0.0826,0.0333,0.1463,0.0674,0.8084,0.3332
10600,-118.255,34.515,0.0993,0.0167,0.049,0.0217,0.4539,0.1591,0.2693,0.1443,0.1353,0.0482,0.0701,0.0267,0.1224,0.0539,0.8095,0.3307
10601,-118.245,34.515,0.1088,0.0191,0.0529,0.024,0.4493,0.1593,0.268,0.1473,0.1472,0.0539,0.0737,0.028,0.1252,0.0562,0.8552,0.3553
10602,-118.235,34.515,0.1341,0.0252,0.0606,0.0284,0.529,0.2032,0.3209,0.1909,0.1797,0.0699,0.0936,0.0372,0.1548,0.074,0.9468,0.4193
10603,-118.225,34.515,0.1242,0.0232,0.0564,0.026,0.4742,0.1742,0.2854,0.164,0.167,0.0633,0.0849,0.0324,0.1384,0.0643,0.9549,0.4178
10604,-118.215,34.515,0.1011,0.0181,0.0501,0.0224,0.3988,0.1348,0.2366,0.1269,0.1374,0.0489,0.0718,0.0257,0.115,0.0505,0.9121,0.3809
10605,-118.205,34.515,0.1002,0.0183,0.0457,0.02,0.3575,0.1173,0.2114,0.1104,0.1375,0.049,0.0663,0.0231,0.104,0.0447,0.8705,0.3545
10606,-118.195,34.515,0.1149,0.0224,0.0474,0.021,0.3559,0.1172,0.2102,0.1098,0.1592,0.0597,0.0686,0.0241,0.1049,0.0454,0.9882,0.4228
10607,-118.185,34.515,0.1143,0.0224,0.0553,0.0255,0.394,0.1342,0.2331,0.125,0.1608,0.0597,0.0788,0.0286,0.1177,0.0526,0.9891,0.4225
10608,-118.175,34.515,0.0905,0.0172,0.0502,0.0226,0.3565,0.119,0.211,0.1102,0.1301,0.0457,0.0731,0.0261,0.1071,0.047,0.9349,0.3894
10609,-118.165,34.515,0.0828,0.0155,0.0434,0.0187,0.3222,0.1054,0.1913,0.0969,0.1212,0.0413,0.0683,0.0241,0.0976,0.0421,0.8846,0.3579
10610,-118.155,34.515,0.0909,0.0178,0.0419,0.0179,0.3789,0.1319,0.2285,0.1214,0.1354,0.0478,0.0841,0.0314,0.1176,0.0535,0.9537,0.393
10611,-118.145,34.515,0.1122,0.0235,0.0416,0.0177,0.3776,0.1322,0.2301,0.1219,0.1695,0.0631,0.0853,0.0318,0.1185,0.0541,1.0318,0.4349
10612,-118.135,34.515,0.0912,0.0184,0.0425,0.0182,0.3184,0.1063,0.1959,0.0984,0.1403,0.0495,0.072,0.0251,0.1003,0.0439,1.0418,0.4395
10613,-118.125,34.515,0.0792,0.0157,0.0436,0.0188,0.2942,0.0972,0.1842,0.0907,0.1243,0.0422,0.0666,0.0222,0.0939,0.0407,0.9943,0.4122
10614,-118.115,34.515,0.0824,0.0168,0.0455,0.0198,0.2885,0.0962,0.1845,0.091,0.1317,0.0454,0.0656,0.0213,0.0938,0.041,1.0627,0.4488
10615,-118.105,34.515,0.0976,0.0212,0.0503,0.0225,0.3382,0.1191,0.2216,0.1147,0.1593,0.0578,0.0776,0.0261,0.1128,0.0518,1.2079,0.5296
10616,-118.095,34.515,0.0999,0.0221,0.0529,0.0239,0.368,0.1339,0.2469,0.1314,0.167,0.0611,0.0853,0.0293,0.1254,0.0593,1.3192,0.5967
10617,-118.085,34.515,0.1095,0.0253,0.0531,0.0241,0.378,0.1406,0.2602,0.1412,0.1878,0.0717,0.0887,0.0308,0.1318,0.0635,1.3948,0.6516
10618,-118.075,34.515,0.1154,0.0274,0.0583,0.0271,0.3794,0.1429,0.2685,0.1478,0.2035,0.0794,0.09,0.0318,0.1353,0.066,1.4861,0.7264
10619,-118.065,34.515,0.1225,0.0301,0.0636,0.0302,0.3785,0.1439,0.2753,0.1536,0.2221,0.0895,0.0908,0.0325,0.1379,0.068,1.5534,0.7887
10620,-118.055,34.515,0.1235,0.0308,0.0642,0.0305,0.3745,0.1432,0.2802,0.1586,0.2308,0.0944,0.0904,0.033,0.1394,0.0692,1.5926,0.8153
10621,-118.045,34.515,0.1261,0.0322,0.0628,0.0298,0.3655,0.1397,0.2811,0.1607,0.2425,0.1014,0.0886,0.033,0.1387,0.069,1.5959,0.8057
10622,-118.035,34.515,0.1218,0.0312,0.0597,0.028,0.3515,0.1333,0.2779,0.1601,0.2415,0.1008,0.0853,0.0324,0.1357,0.0674,1.5545,0.7632
10623,-118.025,34.515,0.1234,0.0323,0.0587,0.0274,0.2942,0.106,0.2375,0.1326,0.249,0.1052,0.0714,0.0271,0.1141,0.0545,1.488,0.7076
10624,-118.015,34.515,0.0849,0.0204,0.0589,0.0276,0.2481,0.0843,0.2069,0.1127,0.1761,0.0663,0.061,0.0238,0.0973,0.0445,1.4118,0.6545
10625,-118.005,34.515,0.0924,0.0232,0.0627,0.0299,0.3005,0.1105,0.2614,0.157,0.1919,0.0749,0.0784,0.0349,0.1222,0.0601,1.4056,0.6777
10626,-117.995,34.515,0.1169,0.0315,0.0637,0.0306,0.3231,0.1221,0.2879,0.1793,0.2419,0.1003,0.087,0.0411,0.1344,0.0678,1.5166,0.8181
10627,-117.985,34.515,0.1125,0.0304,0.0621,0.0296,0.3159,0.119,0.2865,0.1797,0.235,0.0963,0.0868,0.0425,0.1337,0.0677,1.4787,0.794
10628,-117.975,34.515,0.1154,0.0318,0.066,0.0321,0.3104,0.1165,0.2812,0.1755,0.2423,0.1004,0.0858,0.0423,0.1339,0.0681,1.451,0.7859
10629,-117.965,34.515,0.1138,0.0317,0.0701,0.0347,0.3052,0.1141,0.2753,0.1701,0.2419,0.1001,0.0847,0.0418,0.1343,0.0687,1.4274,0.7807
10630,-117.955,34.515,0.1116,0.0314,0.0698,0.0346,0.3003,0.1116,0.2698,0.1639,0.2404,0.0993,0.0834,0.0409,0.1346,0.0691,1.403,0.7694
10631,-117.945,34.515,0.1092,0.031,0.0688,0.0341,0.2911,0.1069,0.2608,0.1545,0.2388,0.0984,0.0808,0.0391,0.1327,0.0681,1.3664,0.7386
10632,-117.935,34.515,0.104,0.0295,0.067,0.0331,0.2776,0.1,0.248,0.1421,0.2318,0.0945,0.077,0.0365,0.1287,0.0656,1.3105,0.6815
10633,-117.925,34.515,0.0976,0.0276,0.0658,0.0324,0.2631,0.0935,0.235,0.1306,0.2223,0.0894,0.0732,0.034,0.124,0.0629,1.2563,0.6333
10634,-117.915,34.515,0.0983,0.0282,0.0651,0.0321,0.2518,0.0887,0.2249,0.1216,0.2272,0.0924,0.0705,0.0321,0.1208,0.0611,1.2184,0.6094
10635,-117.905,34.515,0.1001,0.0292,0.0664,0.033,0.2572,0.0921,0.2292,0.1231,0.2335,0.0963,0.0725,0.0328,0.125,0.0641,1.2223,0.627
10636,-117.895,34.515,0.1009,0.0298,0.0675,0.0338,0.2591,0.094,0.2299,0.1225,0.2361,0.0981,0.0735,0.033,0.1273,0.0658,1.203,0.6234
10637,-117.885,34.515,0.1015,0.0303,0.0683,0.0345,0.2575,0.0944,0.227,0.1197,0.2379,0.0996,0.0735,0.0326,0.1276,0.0663,1.1789,0.6146
10638,-117.875,34.515,0.1019,0.0307,0.0685,0.0347,0.2551,0.0942,0.2236,0.1168,0.2392,0.1008,0.0734,0.0322,0.1274,0.0664,1.1537,0.6035
10639,-117.865,34.515,0.1021,0.031,0.0686,0.0349,0.2524,0.0939,0.2202,0.114,0.2399,0.1017,0.0733,0.0318,0.127,0.0664,1.1291,0.5909
10640,-117.855,34.515,0.102,0.0312,0.0684,0.0349,0.249,0.0932,0.2165,0.1111,0.2399,0.1021,0.0734,0.0315,0.1263,0.0662,1.1048,0.5781
10641,-117.845,34.515,0.1017,0.0313,0.0677,0.0345,0.2445,0.0917,0.212,0.1078,0.2392,0.1021,0.0731,0.031,0.1249,0.0655,1.0809,0.5629
10642,-117.835,34.515,0.0997,0.0308,0.0664,0.0338,0.2387,0.0896,0.2065,0.1038,0.2349,0.0999,0.0726,0.0305,0.1228,0.0643,1.0526,0.541
10643,-117.825,34.515,0.0943,0.0289,0.0646,0.0328,0.2287,0.0852,0.1976,0.0979,0.2228,0.0933,0.0709,0.0294,0.1183,0.0615,1.0167,0.5095
10644,-117.815,34.515,0.0932,0.0287,0.0631,0.0319,0.2196,0.0813,0.1897,0.0926,0.2198,0.092,0.0697,0.0286,0.1143,0.059,0.9932,0.4956
10645,-117.805,34.515,0.0939,0.0292,0.0636,0.0323,0.22,0.0822,0.1905,0.0932,0.2208,0.093,0.072,0.0297,0.1156,0.0601,0.9818,0.4943
10646,-117.795,34.515,0.0974,0.0308,0.0646,0.033,0.2229,0.0845,0.1936,0.0954,0.2273,0.0973,0.0756,0.0315,0.1183,0.0623,0.9751,0.5004
10647,-117.785,34.515,0.1003,0.0323,0.0659,0.034,0.2283,0.0881,0.1991,0.0994,0.2323,0.1008,0.0803,0.034,0.1225,0.0655,0.968,0.5092
10648,-117.775,34.515,0.101,0.0328,0.0668,0.0347,0.2284,0.0889,0.2,0.1002,0.2325,0.1015,0.0835,0.0357,0.1237,0.0666,0.9551,0.5084
10649,-117.765,34.515,0.1015,0.0333,0.0676,0.0353,0.2274,0.0891,0.2,0.1004,0.2324,0.1019,0.0862,0.0373,0.1242,0.0673,0.9421,0.5064
10650,-117.755,34.515,0.1014,0.0335,0.0676,0.0354,0.2261,0.089,0.1998,0.1005,0.2311,0.1015,0.0891,0.039,0.1247,0.0679,0.9285,0.5025
10651,-117.745,34.515,0.1012,0.0337,0.0675,0.0355,0.2245,0.0888,0.1994,0.1003,0.2293,0.1008,0.0918,0.0406,0.1249,0.0683,0.9144,0.4966
10652,-117.735,34.515,0.1008,0.0338,0.0674,0.0356,0.2224,0.0884,0.1985,0.1,0.2272,0.1,0.0943,0.0422,0.1249,0.0686,0.9002,0.4901
10653,-117.725,34.515,0.1002,0.0338,0.0672,0.0355,0.2202,0.0878,0.1974,0.0995,0.2248,0.0991,0.0966,0.0439,0.1247,0.0687,0.8861,0.4828
10654,-117.715,34.515,0.0995,0.0338,0.0669,0.0355,0.2178,0.0872,0.1963,0.099,0.2222,0.098,0.0987,0.0454,0.1244,0.0688,0.872,0.4751
10655,-117.705,34.515,0.0988,0.0337,0.0666,0.0354,0.2154,0.0864,0.195,0.0984,0.2195,0.0968,0.1005,0.0469,0.124,0.0688,0.8581,0.4671
10656,-117.695,34.515,0.0979,0.0336,0.0662,0.0353,0.2128,0.0856,0.1935,0.0978,0.2167,0.0956,0.1021,0.0484,0.1235,0.0687,0.8444,0.459
10657,-117.685,34.515,0.097,0.0335,0.0658,0.0351,0.2101,0.0848,0.1919,0.0971,0.2138,0.0943,0.1035,0.0497,0.1229,0.0686,0.8309,0.4506
10658,-117.675,34.515,0.096,0.0333,0.0653,0.035,0.2074,0.084,0.1902,0.0964,0.2108,0.093,0.1046,0.051,0.1223,0.0685,0.8177,0.4423
10659,-117.665,34.515,0.095,0.0331,0.0649,0.0348,0.2048,0.0831,0.1885,0.0958,0.2079,0.0916,0.1056,0.0523,0.1217,0.0683,0.8048,0.434
10660,-117.655,34.515,0.094,0.0329,0.0644,0.0346,0.202,0.0823,0.1867,0.0951,0.2049,0.0903,0.1064,0.0535,0.121,0.0681,0.7921,0.4259
10661,-118.945,34.525,0.052,0.0203,0.0497,0.0264,0.1908,0.0781,0.3281,0.151,0.085,0.0324,0.0218,0.0212,0.2558,0.1118,0.2446,0.0982
10662,-118.935,34.525,0.0527,0.0205,0.0497,0.0263,0.1943,0.0796,0.3359,0.1545,0.0855,0.0324,0.0219,0.0212,0.2546,0.1114,0.2472,0.0988
10663,-118.925,34.525,0.0535,0.0206,0.0498,0.0262,0.1979,0.0812,0.3441,0.1582,0.086,0.0325,0.0221,0.0213,0.2533,0.1108,0.25,0.0995
10664,-118.915,34.525,0.0542,0.0208,0.0506,0.0267,0.2048,0.0847,0.3575,0.1655,0.0865,0.0325,0.0227,0.0218,0.2557,0.1127,0.255,0.1014
10665,-118.905,34.525,0.0582,0.0226,0.0552,0.0297,0.2274,0.0975,0.3959,0.1906,0.0919,0.0351,0.0253,0.0247,0.2757,0.1262,0.274,0.1119
10666,-118.895,34.525,0.067,0.0267,0.0589,0.032,0.2444,0.1072,0.4253,0.2097,0.1042,0.0411,0.0272,0.0268,0.2884,0.1352,0.2949,0.124
10667,-118.885,34.525,0.0698,0.0279,0.0616,0.0337,0.2557,0.1137,0.4456,0.2227,0.1074,0.0426,0.0284,0.0279,0.2939,0.1395,0.3094,0.1327
10668,-118.875,34.525,0.0706,0.0281,0.0621,0.034,0.2616,0.117,0.4582,0.2293,0.1078,0.0426,0.0288,0.0282,0.2934,0.1396,0.3133,0.1338
10669,-118.865,34.525,0.0714,0.0282,0.0622,0.0339,0.2665,0.1195,0.4693,0.2345,0.1082,0.0425,0.0291,0.0283,0.2916,0.1387,0.3172,0.135
10670,-118.855,34.525,0.0723,0.0284,0.0623,0.0339,0.2716,0.1223,0.4809,0.24,0.1085,0.0425,0.0295,0.0284,0.2897,0.1378,0.3211,0.1362
10671,-118.845,34.525,0.0731,0.0285,0.0624,0.0338,0.277,0.1252,0.4929,0.2456,0.1089,0.0424,0.0299,0.0285,0.2879,0.137,0.3251,0.1373
10672,-118.835,34.525,0.0739,0.0286,0.0625,0.0338,0.2825,0.1282,0.5053,0.2513,0.1092,0.0423,0.0302,0.0287,0.286,0.1361,0.3291,0.1385
10673,-118.825,34.525,0.0746,0.0288,0.0627,0.0338,0.2884,0.1315,0.5189,0.2574,0.1094,0.0422,0.0307,0.0288,0.284,0.1351,0.3332,0.1396
10674,-118.815,34.525,0.0754,0.0289,0.0629,0.0338,0.2947,0.135,0.5328,0.2637,0.1097,0.0421,0.0311,0.029,0.2821,0.1342,0.3374,0.1409
10675,-118.805,34.525,0.0762,0.029,0.0631,0.0338,0.3016,0.1388,0.5476,0.2704,0.11,0.042,0.0316,0.0292,0.2801,0.1333,0.3415,0.142
10676,-118.795,34.525,0.0769,0.029,0.0633,0.0338,0.3088,0.1427,0.5632,0.2773,0.1104,0.042,0.0321,0.0294,0.2779,0.1322,0.345,0.1426
10677,-118.785,34.525,0.0775,0.0291,0.0635,0.0338,0.3165,0.1468,0.5795,0.2844,0.1108,0.042,0.0326,0.0296,0.2755,0.131,0.3484,0.1431
10678,-118.775,34.525,0.0782,0.0292,0.0621,0.0328,0.3132,0.1434,0.5785,0.2771,0.1115,0.0421,0.0317,0.0283,0.2629,0.1231,0.3467,0.1401
10679,-118.765,34.525,0.0736,0.0268,0.0601,0.0313,0.3105,0.1402,0.5783,0.2702,0.1053,0.0388,0.0308,0.027,0.2504,0.1152,0.3432,0.1361
10680,-118.755,34.525,0.0689,0.0244,0.0566,0.0289,0.3221,0.1457,0.5993,0.2795,0.099,0.0356,0.0316,0.0274,0.2488,0.1147,0.3423,0.134
10681,-118.745,34.525,0.0662,0.023,0.056,0.0284,0.3342,0.1509,0.6208,0.2882,0.0956,0.0338,0.0322,0.0278,0.2465,0.1136,0.3454,0.1342
10682,-118.735,34.525,0.0711,0.0249,0.0582,0.0297,0.3467,0.1559,0.6427,0.2961,0.1028,0.0371,0.0328,0.028,0.2436,0.112,0.3583,0.1406
10683,-118.725,34.525,0.0814,0.0294,0.0623,0.0323,0.3694,0.1666,0.6788,0.3141,0.1175,0.0442,0.0344,0.0292,0.246,0.1139,0.3762,0.1505
10684,-118.715,34.525,0.0819,0.0294,0.0661,0.0346,0.3956,0.1795,0.7194,0.3355,0.1193,0.045,0.0363,0.0307,0.25,0.117,0.3954,0.1614
10685,-118.705,34.525,0.0827,0.0295,0.0667,0.0349,0.4291,0.1972,0.7674,0.3641,0.1217,0.046,0.039,0.033,0.2568,0.1223,0.4148,0.1734
10686,-118.695,34.525,0.0833,0.0295,0.0673,0.0352,0.4502,0.2053,0.7981,0.3753,0.124,0.0471,0.0401,0.0335,0.2549,0.1215,0.4248,0.178
10687,-118.685,34.525,0.0839,0.0295,0.0678,0.0354,0.4587,0.2037,0.8115,0.3691,0.1264,0.0482,0.0396,0.0324,0.2443,0.1147,0.4252,0.1758
10688,-118.675,34.525,0.0842,0.0293,0.0593,0.0298,0.4838,0.2124,0.8465,0.3796,0.1286,0.0491,0.041,0.0331,0.2432,0.1144,0.4223,0.1715
10689,-118.665,34.525,0.0673,0.0219,0.0526,0.0255,0.5128,0.2236,0.8855,0.3935,0.1056,0.0378,0.0429,0.0342,0.2447,0.1158,0.446,0.1843
10690,-118.655,34.525,0.0855,0.0293,0.0639,0.0325,0.5444,0.2363,0.9222,0.4076,0.1341,0.0517,0.0456,0.0361,0.2486,0.1192,0.4747,0.2042
10691,-118.645,34.525,0.0861,0.0293,0.0698,0.0361,0.5698,0.2437,0.9459,0.4105,0.1367,0.0529,0.0477,0.0373,0.2494,0.1204,0.496,0.2183
10692,-118.635,34.525,0.0867,0.0292,0.0702,0.0362,0.589,0.2458,0.9568,0.4022,0.1392,0.0541,0.0491,0.0377,0.2473,0.1194,0.5097,0.2262
10693,-118.625,34.525,0.0874,0.0292,0.0705,0.0363,0.6109,0.2492,0.9547,0.3914,0.1417,0.0552,0.051,0.0385,0.2466,0.1196,0.5234,0.2342
10694,-118.615,34.525,0.0893,0.0296,0.0711,0.0366,0.6325,0.2523,0.9467,0.3789,0.1454,0.057,0.0529,0.0392,0.2457,0.1196,0.5389,0.2449
10695,-118.605,34.525,0.0936,0.0311,0.0731,0.0378,0.6498,0.2518,0.9224,0.3595,0.1523,0.0606,0.0541,0.0392,0.242,0.1174,0.5505,0.2517
10696,-118.595,34.525,0.0922,0.0301,0.0735,0.0379,0.6685,0.2525,0.8968,0.3417,0.1505,0.0594,0.0556,0.0394,0.239,0.1158,0.5586,0.2554
10697,-118.585,34.525,0.0922,0.0296,0.0722,0.0369,0.6884,0.2546,0.8699,0.3257,0.1503,0.059,0.0574,0.0398,0.2366,0.1146,0.5656,0.258
10698,-118.575,34.525,0.0937,0.0298,0.0721,0.0367,0.7011,0.2529,0.8386,0.307,0.152,0.0598,0.0584,0.0394,0.2316,0.1116,0.5719,0.26
10699,-118.565,34.525,0.0924,0.0288,0.0704,0.0355,0.7025,0.2453,0.7977,0.2832,0.1494,0.0582,0.0581,0.038,0.2225,0.1059,0.5619,0.2467
10700,-118.555,34.525,0.0785,0.023,0.0589,0.0283,0.6551,0.213,0.7146,0.237,0.1275,0.0468,0.0525,0.0325,0.1961,0.0894,0.535,0.2229
10701,-118.545,34.525,0.0682,0.0189,0.0527,0.0244,0.641,0.201,0.6694,0.2147,0.1106,0.0387,0.0512,0.0303,0.1838,0.0818,0.4954,0.1953
10702,-118.535,34.525,0.0701,0.0192,0.0518,0.0239,0.6602,0.2095,0.6619,0.2161,0.1125,0.0394,0.0542,0.0314,0.1856,0.0832,0.4984,0.1958
10703,-118.525,34.525,0.0627,0.0164,0.048,0.0217,0.6106,0.1875,0.5838,0.1847,0.0998,0.0338,0.0496,0.0273,0.1642,0.0714,0.4726,0.1808
10704,-118.515,34.525,0.0629,0.0162,0.0445,0.0196,0.5616,0.1657,0.504,0.1526,0.0992,0.0334,0.0448,0.0229,0.1421,0.0592,0.4493,0.1675
10705,-118.505,34.525,0.0642,0.0163,0.0447,0.0197,0.5849,0.1751,0.4872,0.1499,0.1001,0.0337,0.0461,0.0229,0.1397,0.0581,0.4434,0.1638
10706,-118.495,34.525,0.0655,0.0163,0.0449,0.0198,0.6103,0.1858,0.473,0.1485,0.101,0.0339,0.0476,0.0229,0.138,0.0574,0.4497,0.1663
10707,-118.485,34.525,0.0667,0.0163,0.045,0.0198,0.6376,0.1976,0.4615,0.1483,0.1018,0.0342,0.0493,0.0231,0.1371,0.0571,0.4579,0.1696
10708,-118.475,34.525,0.0679,0.0163,0.0451,0.0198,0.6608,0.2083,0.4498,0.1481,0.1024,0.0344,0.0508,0.0233,0.1359,0.0567,0.4665,0.173
10709,-118.465,34.525,0.0689,0.0162,0.0451,0.0198,0.6801,0.2178,0.4381,0.1478,0.103,0.0345,0.0523,0.0235,0.1347,0.0562,0.4751,0.1766
10710,-118.455,34.525,0.0699,0.0161,0.0451,0.0197,0.6844,0.2228,0.4264,0.1474,0.1034,0.0347,0.0536,0.0235,0.1335,0.0558,0.4844,0.1804
10711,-118.445,34.525,0.0709,0.016,0.0451,0.0197,0.6841,0.2261,0.4149,0.147,0.1038,0.0348,0.0547,0.0236,0.1324,0.0553,0.4955,0.1851
10712,-118.435,34.525,0.0718,0.0158,0.045,0.0196,0.6791,0.2276,0.4036,0.1465,0.1042,0.0349,0.0557,0.0238,0.1313,0.0549,0.5164,0.1949
10713,-118.425,34.525,0.0727,0.0156,0.0463,0.0203,0.7116,0.2504,0.4206,0.1618,0.1047,0.0351,0.061,0.0264,0.1403,0.0602,0.545,0.2089
10714,-118.415,34.525,0.0789,0.0167,0.0482,0.0213,0.7412,0.272,0.4377,0.1771,0.1127,0.0385,0.0663,0.0291,0.1492,0.0655,0.576,0.2252
10715,-118.405,34.525,0.085,0.0178,0.0516,0.0232,0.719,0.2664,0.4263,0.1768,0.1203,0.0419,0.0671,0.0293,0.1484,0.0652,0.6009,0.2382
10716,-118.395,34.525,0.0951,0.0199,0.0553,0.0253,0.695,0.2592,0.4139,0.1757,0.1333,0.0479,0.0676,0.0294,0.1471,0.0647,0.625,0.2507
10717,-118.385,34.525,0.1021,0.021,0.0593,0.0276,0.6693,0.2503,0.4006,0.1739,0.1423,0.0521,0.0678,0.0293,0.1454,0.0639,0.6489,0.2626
10718,-118.375,34.525,0.1038,0.0207,0.0597,0.0279,0.6503,0.2435,0.3912,0.1738,0.1444,0.053,0.0687,0.0296,0.1452,0.0639,0.6722,0.2732
10719,-118.365,34.525,0.1034,0.0199,0.0585,0.0271,0.627,0.2341,0.3788,0.1718,0.1436,0.0526,0.0689,0.0295,0.1438,0.0632,0.6661,0.2678
10720,-118.355,34.525,0.0956,0.0174,0.0528,0.0239,0.5763,0.2099,0.3484,0.1584,0.1327,0.0474,0.0653,0.0274,0.1347,0.0582,0.6566,0.2602
10721,-118.345,34.525,0.0886,0.0153,0.0501,0.0223,0.5504,0.1993,0.3338,0.1551,0.1229,0.0429,0.065,0.0271,0.1321,0.057,0.6564,0.2581
10722,-118.335,34.525,0.0918,0.0155,0.0503,0.0224,0.5494,0.2023,0.3352,0.1621,0.1268,0.0447,0.068,0.0285,0.136,0.0595,0.6716,0.2648
10723,-118.325,34.525,0.0979,0.0163,0.0487,0.0215,0.5679,0.2146,0.3481,0.1766,0.1346,0.0482,0.074,0.0315,0.1455,0.0652,0.6922,0.274
10724,-118.315,34.525,0.0909,0.0146,0.0477,0.021,0.5811,0.2245,0.3573,0.1888,0.1246,0.0436,0.0793,0.034,0.1534,0.07,0.7495,0.3083
10725,-118.305,34.525,0.1008,0.0165,0.0517,0.0232,0.5484,0.2127,0.3368,0.1822,0.1372,0.0493,0.0778,0.0331,0.1479,0.0677,0.7857,0.3287
10726,-118.295,34.525,0.1034,0.0169,0.0575,0.0266,0.5097,0.1934,0.3108,0.1687,0.1399,0.0506,0.0742,0.031,0.1395,0.063,0.7963,0.3312
10727,-118.285,34.525,0.1249,0.0216,0.0654,0.0313,0.4649,0.1664,0.2792,0.1481,0.1667,0.0639,0.0685,0.0276,0.128,0.0559,0.8338,0.3471
10728,-118.275,34.525,0.1362,0.0242,0.0618,0.0291,0.46,0.165,0.2754,0.1493,0.18,0.0709,0.0701,0.028,0.1287,0.0566,0.8542,0.3555
10729,-118.265,34.525,0.1105,0.0186,0.0566,0.0261,0.4534,0.1637,0.2711,0.1501,0.1469,0.0539,0.0714,0.0284,0.1289,0.0572,0.8362,0.3422
10730,-118.255,34.525,0.1027,0.0171,0.0548,0.025,0.3979,0.1373,0.2361,0.1278,0.1363,0.0489,0.0641,0.0245,0.1144,0.0492,0.8103,0.3248
10731,-118.245,34.525,0.1081,0.0184,0.0546,0.025,0.3911,0.1358,0.2324,0.1285,0.1429,0.0519,0.0661,0.0252,0.1152,0.0501,0.8459,0.343
10732,-118.235,34.525,0.1136,0.0199,0.0561,0.0258,0.433,0.1593,0.26,0.1522,0.1496,0.0551,0.0774,0.0304,0.1315,0.0601,0.9227,0.392
10733,-118.225,34.525,0.1343,0.025,0.0509,0.023,0.404,0.1436,0.2409,0.1382,0.1756,0.0683,0.0736,0.0283,0.1237,0.0554,0.9394,0.3961
10734,-118.215,34.525,0.0954,0.0164,0.0449,0.0196,0.362,0.1215,0.2137,0.1178,0.127,0.0446,0.0671,0.0249,0.1115,0.0481,0.9125,0.3724
10735,-118.205,34.525,0.0933,0.0163,0.0412,0.0176,0.3268,0.1071,0.1928,0.1038,0.1258,0.044,0.0625,0.0227,0.1018,0.0432,0.8723,0.3487
10736,-118.195,34.525,0.1076,0.0201,0.0404,0.0172,0.3177,0.1038,0.1874,0.1,0.1468,0.0541,0.0629,0.0228,0.0999,0.0424,0.9527,0.393
10737,-118.185,34.525,0.0959,0.0176,0.0426,0.0183,0.3348,0.1116,0.1973,0.1063,0.1332,0.0473,0.0683,0.0252,0.1057,0.0458,0.9411,0.3845
10738,-118.175,34.525,0.0796,0.0142,0.0407,0.0173,0.3127,0.103,0.1844,0.0972,0.1128,0.0382,0.0656,0.0241,0.0994,0.0425,0.9035,0.3618
10739,-118.165,34.525,0.0786,0.0142,0.0387,0.0163,0.2927,0.0954,0.1733,0.0893,0.1139,0.0386,0.0635,0.0232,0.094,0.0398,0.8944,0.3562
10740,-118.155,34.525,0.0807,0.015,0.0406,0.0173,0.3223,0.1096,0.1935,0.1021,0.1194,0.041,0.0727,0.0276,0.1046,0.0459,0.9612,0.3901
10741,-118.145,34.525,0.0873,0.0169,0.0412,0.0176,0.3186,0.1088,0.1933,0.1012,0.1319,0.0464,0.0731,0.0275,0.1043,0.0459,1.021,0.4214
10742,-118.135,34.525,0.0828,0.0161,0.0404,0.0172,0.2816,0.093,0.1728,0.0866,0.1272,0.0442,0.0647,0.0231,0.0931,0.0398,1.0337,0.427
10743,-118.125,34.525,0.0751,0.0145,0.0389,0.0164,0.2672,0.0876,0.1668,0.0821,0.1172,0.0397,0.0612,0.0209,0.0896,0.038,1.0103,0.4126
10744,-118.115,34.525,0.0755,0.0149,0.0392,0.0166,0.2707,0.0903,0.1727,0.0854,0.1202,0.0409,0.062,0.0207,0.0924,0.0399,1.0649,0.4398
10745,-118.105,34.525,0.0898,0.019,0.0492,0.022,0.3384,0.1224,0.2221,0.1176,0.1461,0.0525,0.0789,0.0275,0.1187,0.0551,1.279,0.5672
10746,-118.095,34.525,0.119,0.0275,0.0575,0.0267,0.375,0.1407,0.252,0.1373,0.1968,0.0771,0.0887,0.0315,0.1342,0.0643,1.4466,0.6823
10747,-118.085,34.525,0.1253,0.0298,0.064,0.0306,0.3806,0.1452,0.2623,0.1445,0.2121,0.0851,0.0914,0.0325,0.1389,0.0676,1.5355,0.7579
10748,-118.075,34.525,0.1231,0.0296,0.0652,0.0313,0.3717,0.1416,0.2624,0.1445,0.2151,0.0868,0.0903,0.032,0.1377,0.0671,1.5741,0.787
10749,-118.065,34.525,0.1234,0.0302,0.0649,0.0311,0.358,0.1355,0.2589,0.1422,0.2225,0.091,0.0877,0.031,0.1346,0.0655,1.5899,0.8104
10750,-118.055,34.525,0.1212,0.03,0.0626,0.0298,0.3357,0.1253,0.2488,0.136,0.2259,0.0932,0.082,0.0291,0.1279,0.0617,1.5756,0.795
10751,-118.045,34.525,0.0969,0.0229,0.0571,0.0266,0.3348,0.1262,0.2558,0.1423,0.189,0.0738,0.0823,0.0301,0.1306,0.0638,1.5437,0.7607
10752,-118.035,34.525,0.0847,0.0196,0.0482,0.0215,0.3554,0.1381,0.2798,0.1613,0.1726,0.0656,0.0884,0.0338,0.1426,0.0716,1.5127,0.7392
10753,-118.025,34.525,0.0776,0.0178,0.049,0.022,0.3269,0.1248,0.2635,0.151,0.1615,0.0603,0.0822,0.0325,0.133,0.0661,1.4576,0.7036
10754,-118.015,34.525,0.0948,0.0233,0.0532,0.0244,0.2989,0.1114,0.2479,0.1416,0.197,0.0776,0.0767,0.0317,0.1235,0.0605,1.4204,0.6991
10755,-118.005,34.525,0.1147,0.0302,0.0642,0.0311,0.3221,0.1232,0.2765,0.1656,0.2363,0.0988,0.0861,0.0389,0.1358,0.0683,1.4217,0.7396
10756,-117.995,34.525,0.1178,0.0317,0.0695,0.0343,0.3295,0.1271,0.2893,0.1769,0.2432,0.1027,0.0907,0.043,0.1413,0.072,1.469,0.8247
10757,-117.985,34.525,0.1157,0.0315,0.0692,0.0341,0.3211,0.1232,0.2861,0.1754,0.2408,0.1011,0.0903,0.0442,0.14,0.0714,1.4347,0.8031
10758,-117.975,34.525,0.1142,0.0314,0.0691,0.0342,0.3142,0.1199,0.2797,0.1703,0.24,0.1005,0.0891,0.044,0.1394,0.0713,1.4001,0.7832
10759,-117.965,34.525,0.1124,0.0312,0.0691,0.0343,0.3073,0.1166,0.2724,0.1641,0.2388,0.0998,0.0876,0.0433,0.1388,0.0712,1.3652,0.7602
10760,-117.955,34.525,0.1104,0.031,0.0688,0.0342,0.2992,0.1124,0.264,0.1562,0.2374,0.099,0.0851,0.0416,0.1374,0.0705,1.3301,0.7321
10761,-117.945,34.525,0.1082,0.0306,0.0685,0.0341,0.29,0.1078,0.255,0.1477,0.236,0.0983,0.0823,0.0396,0.1353,0.0694,1.2952,0.7028
10762,-117.935,34.525,0.106,0.0302,0.068,0.0339,0.2797,0.1026,0.2455,0.1386,0.2345,0.0975,0.0792,0.0374,0.1327,0.0679,1.2584,0.6699
10763,-117.925,34.525,0.1033,0.0297,0.0675,0.0337,0.2715,0.0989,0.2383,0.1317,0.2323,0.0964,0.077,0.0357,0.1308,0.0669,1.2239,0.6421
10764,-117.915,34.525,0.1021,0.0296,0.0671,0.0335,0.2646,0.096,0.2323,0.126,0.2325,0.0967,0.0752,0.0343,0.1295,0.0663,1.1939,0.6224
10765,-117.905,34.525,0.1015,0.0297,0.0672,0.0337,0.2624,0.0958,0.23,0.1233,0.2334,0.0976,0.0749,0.0337,0.13,0.0669,1.1709,0.612
10766,-117.895,34.525,0.1012,0.0299,0.0673,0.0339,0.2598,0.0955,0.2269,0.1204,0.2343,0.0985,0.0745,0.033,0.1301,0.0672,1.1459,0.5998
10767,-117.885,34.525,0.1013,0.0302,0.0674,0.0341,0.2567,0.0949,0.2232,0.1171,0.2352,0.0994,0.0739,0.0323,0.1296,0.0672,1.1217,0.5879
10768,-117.875,34.525,0.1014,0.0306,0.0674,0.0342,0.2537,0.0944,0.2197,0.1142,0.2361,0.1003,0.0735,0.0317,0.1291,0.0672,1.0984,0.5764
10769,-117.865,34.525,0.1014,0.0309,0.0673,0.0343,0.2506,0.0938,0.2162,0.1114,0.2365,0.101,0.0732,0.0312,0.1286,0.0671,1.0759,0.5648
10770,-117.855,34.525,0.1013,0.0311,0.0671,0.0342,0.2472,0.093,0.2127,0.1087,0.2364,0.1014,0.073,0.0308,0.1278,0.0668,1.0542,0.5532
10771,-117.845,34.525,0.1009,0.0312,0.0667,0.0341,0.243,0.0917,0.2086,0.1058,0.2357,0.1014,0.0728,0.0303,0.1265,0.0662,1.0328,0.5405
10772,-117.835,34.525,0.1001,0.0311,0.0661,0.0338,0.2381,0.0899,0.2041,0.1026,0.2341,0.1009,0.0725,0.0299,0.1249,0.0653,1.009,0.5236
10773,-117.825,34.525,0.0956,0.0295,0.0645,0.0328,0.2308,0.0869,0.1977,0.0983,0.2242,0.0953,0.0717,0.0293,0.1219,0.0635,0.9809,0.5005
10774,-117.815,34.525,0.0955,0.0297,0.0631,0.032,0.224,0.0842,0.192,0.0945,0.2237,0.0954,0.0712,0.0288,0.1191,0.0619,0.9599,0.4876
10775,-117.805,34.525,0.0962,0.0303,0.064,0.0327,0.2229,0.0844,0.1915,0.0943,0.2246,0.0964,0.0731,0.0297,0.1196,0.0625,0.9476,0.4851
10776,-117.795,34.525,0.0986,0.0315,0.0648,0.0334,0.224,0.0856,0.1931,0.0955,0.229,0.0995,0.076,0.0311,0.1213,0.0639,0.939,0.4885
10777,-117.785,34.525,0.0995,0.0322,0.0657,0.034,0.2271,0.0881,0.1966,0.0981,0.2301,0.1007,0.0801,0.0332,0.1242,0.0662,0.9307,0.4938
10778,-117.775,34.525,0.1,0.0326,0.066,0.0344,0.2268,0.0886,0.1972,0.0988,0.23,0.1011,0.0832,0.0349,0.1251,0.0672,0.9182,0.4915
10779,-117.765,34.525,0.1001,0.0329,0.0663,0.0346,0.2256,0.0888,0.1972,0.0989,0.2291,0.1009,0.0861,0.0364,0.1256,0.0678,0.9056,0.488
10780,-117.755,34.525,0.0999,0.0331,0.0664,0.0348,0.2241,0.0886,0.1968,0.0989,0.2276,0.1005,0.089,0.0381,0.1258,0.0683,0.8927,0.4833
10781,-117.745,34.525,0.0997,0.0332,0.0663,0.0349,0.2223,0.0883,0.1962,0.0988,0.2258,0.0998,0.0918,0.0398,0.1259,0.0686,0.8795,0.4775
10782,-117.735,34.525,0.0993,0.0333,0.0663,0.035,0.2204,0.0879,0.1955,0.0985,0.2238,0.099,0.0946,0.0415,0.1259,0.0689,0.8665,0.4714
10783,-117.725,34.525,0.0988,0.0334,0.0661,0.035,0.2182,0.0874,0.1945,0.0982,0.2214,0.098,0.097,0.0432,0.1256,0.069,0.8533,0.4645
10784,-117.715,34.525,0.0981,0.0333,0.0658,0.0349,0.2159,0.0868,0.1935,0.0978,0.219,0.0969,0.0993,0.0448,0.1254,0.0691,0.8402,0.4573
10785,-117.705,34.525,0.0974,0.0333,0.0655,0.0349,0.2135,0.0861,0.1923,0.0973,0.2163,0.0957,0.1012,0.0464,0.125,0.0691,0.8273,0.4497
10786,-117.695,34.525,0.0966,0.0332,0.0652,0.0348,0.2111,0.0854,0.1909,0.0968,0.2135,0.0945,0.1028,0.0478,0.1245,0.0691,0.8144,0.442
10787,-117.685,34.525,0.0957,0.0331,0.0648,0.0346,0.2085,0.0846,0.1895,0.0962,0.2108,0.0932,0.1042,0.0492,0.1239,0.069,0.8017,0.4341
10788,-117.675,34.525,0.0948,0.033,0.0644,0.0345,0.206,0.0838,0.1879,0.0956,0.2079,0.0919,0.1052,0.0505,0.1233,0.0688,0.7893,0.4262
10789,-117.665,34.525,0.0939,0.0328,0.064,0.0344,0.2034,0.083,0.1863,0.0951,0.205,0.0907,0.1062,0.0517,0.1227,0.0687,0.7771,0.4184
10790,-117.655,34.525,0.093,0.0326,0.0636,0.0342,0.2008,0.0823,0.1846,0.0946,0.2022,0.0894,0.107,0.0529,0.122,0.0684,0.7652,0.4107
10791,-118.945,34.535,0.0513,0.02,0.0489,0.026,0.1892,0.0769,0.3227,0.1484,0.0839,0.032,0.0219,0.0209,0.2609,0.1139,0.2473,0.0992
10792,-118.935,34.535,0.052,0.0202,0.0489,0.0259,0.1926,0.0784,0.3303,0.1518,0.0843,0.032,0.022,0.0209,0.2597,0.1134,0.2501,0.0999
10793,-118.925,34.535,0.0527,0.0203,0.049,0.0259,0.1962,0.0799,0.3383,0.1554,0.0848,0.0321,0.0222,0.021,0.2584,0.1129,0.2531,0.1007
10794,-118.915,34.535,0.0538,0.0207,0.0501,0.0265,0.2041,0.084,0.3531,0.1639,0.0858,0.0324,0.0229,0.0217,0.2619,0.1156,0.2602,0.1038
10795,-118.905,34.535,0.0605,0.0238,0.0562,0.0305,0.2332,0.1007,0.4006,0.1963,0.0952,0.037,0.0264,0.0257,0.2892,0.1345,0.282,0.1163
10796,-118.895,34.535,0.0679,0.0273,0.0598,0.0328,0.2501,0.1102,0.4295,0.215,0.1053,0.042,0.0283,0.0277,0.3021,0.1436,0.3028,0.1284
10797,-118.885,34.535,0.0687,0.0274,0.061,0.0335,0.2549,0.1127,0.4399,0.2201,0.1058,0.042,0.0286,0.0278,0.3005,0.1429,0.3132,0.1342
10798,-118.875,34.535,0.0696,0.0276,0.0613,0.0336,0.2599,0.1151,0.4507,0.2253,0.1061,0.042,0.0289,0.0279,0.2988,0.142,0.3171,0.1354
10799,-118.865,34.535,0.0704,0.0278,0.0614,0.0335,0.2649,0.1176,0.4616,0.2305,0.1065,0.0419,0.0291,0.028,0.2969,0.1412,0.3211,0.1366
10800,-118.855,34.535,0.0712,0.0279,0.0615,0.0335,0.2702,0.1204,0.4732,0.2359,0.1068,0.0419,0.0295,0.0281,0.295,0.1403,0.3251,0.1378
10801,-118.845,34.535,0.072,0.0281,0.0616,0.0335,0.2757,0.1233,0.4852,0.2415,0.1071,0.0418,0.0298,0.0282,0.2931,0.1393,0.3293,0.139
10802,-118.835,34.535,0.0728,0.0282,0.0618,0.0335,0.2814,0.1263,0.4975,0.2472,0.1074,0.0417,0.0301,0.0284,0.2911,0.1384,0.3335,0.1403
10803,-118.825,34.535,0.0735,0.0283,0.062,0.0335,0.2876,0.1296,0.5108,0.2531,0.1077,0.0416,0.0305,0.0285,0.289,0.1374,0.3378,0.1415
10804,-118.815,34.535,0.0743,0.0284,0.0621,0.0335,0.2937,0.1327,0.5241,0.2589,0.108,0.0415,0.0308,0.0286,0.2864,0.1361,0.3417,0.1424
10805,-118.805,34.535,0.0751,0.0285,0.0623,0.0335,0.299,0.1353,0.5362,0.2632,0.1083,0.0415,0.031,0.0285,0.2826,0.1339,0.3441,0.1422
10806,-118.795,34.535,0.0746,0.0281,0.0609,0.0324,0.3051,0.1382,0.5494,0.2681,0.1071,0.0406,0.0312,0.0285,0.2789,0.1318,0.3426,0.1393
10807,-118.785,34.535,0.0742,0.0276,0.058,0.0304,0.3119,0.1414,0.5637,0.2736,0.1059,0.0399,0.0315,0.0286,0.2754,0.1299,0.3427,0.1377
10808,-118.775,34.535,0.0723,0.0265,0.0561,0.029,0.2984,0.1311,0.5464,0.2532,0.1031,0.0383,0.0292,0.0258,0.254,0.1161,0.337,0.1321
10809,-118.765,34.535,0.0632,0.0221,0.0545,0.0279,0.2855,0.1209,0.5297,0.2329,0.0907,0.0321,0.027,0.0231,0.2328,0.1024,0.3301,0.126
10810,-118.755,34.535,0.0635,0.0221,0.0533,0.027,0.2956,0.125,0.5482,0.2394,0.0911,0.0322,0.0274,0.0233,0.2302,0.1013,0.3283,0.1235
10811,-118.745,34.535,0.064,0.0221,0.0532,0.0268,0.3065,0.1294,0.5676,0.2462,0.092,0.0325,0.0279,0.0235,0.2276,0.1001,0.3333,0.125
10812,-118.735,34.535,0.0646,0.0222,0.0543,0.0274,0.3183,0.134,0.588,0.2531,0.0931,0.0329,0.0284,0.0237,0.2248,0.0988,0.3424,0.1289
10813,-118.725,34.535,0.0652,0.0222,0.0562,0.0285,0.3408,0.1448,0.6241,0.2705,0.0944,0.0333,0.03,0.0249,0.2277,0.1012,0.3565,0.1359
10814,-118.715,34.535,0.0717,0.0248,0.0587,0.03,0.3697,0.1595,0.669,0.2946,0.1042,0.0378,0.0322,0.0267,0.2341,0.1059,0.3766,0.1469
10815,-118.705,34.535,0.0809,0.0287,0.0637,0.0331,0.4193,0.1877,0.7413,0.3408,0.1177,0.0444,0.0365,0.0307,0.2516,0.1181,0.4085,0.1663
10816,-118.695,34.535,0.0813,0.0286,0.0627,0.0324,0.4445,0.1982,0.7796,0.3552,0.1194,0.0451,0.0379,0.0316,0.2524,0.1189,0.4163,0.169
10817,-118.685,34.535,0.0714,0.0241,0.0557,0.0279,0.4453,0.191,0.7839,0.338,0.107,0.0389,0.0364,0.0293,0.2365,0.1084,0.4141,0.1648
10818,-118.675,34.535,0.0584,0.0186,0.0575,0.0289,0.4793,0.2062,0.8327,0.3585,0.0889,0.0307,0.0387,0.0309,0.24,0.1113,0.4156,0.1632
10819,-118.665,34.535,0.0813,0.0278,0.0613,0.0312,0.5186,0.2249,0.888,0.3844,0.1238,0.0469,0.0418,0.0332,0.2471,0.1166,0.4548,0.1877
10820,-118.655,34.535,0.085,0.0291,0.0661,0.0341,0.5509,0.2378,0.9314,0.399,0.1306,0.0503,0.0447,0.0351,0.2514,0.1204,0.485,0.2084
10821,-118.645,34.535,0.0857,0.0291,0.0686,0.0356,0.5755,0.2443,0.9594,0.3998,0.133,0.0515,0.0469,0.0363,0.2524,0.1217,0.5058,0.222
10822,-118.635,34.535,0.0864,0.0291,0.069,0.0357,0.5927,0.2444,0.972,0.3869,0.1354,0.0525,0.0484,0.0367,0.2501,0.1206,0.5201,0.2302
10823,-118.625,34.535,0.0876,0.0293,0.0696,0.036,0.6147,0.2475,0.9667,0.3729,0.1384,0.0539,0.0508,0.0378,0.2506,0.1216,0.5354,0.2396
10824,-118.615,34.535,0.0903,0.0301,0.0703,0.0363,0.6358,0.2497,0.9529,0.3564,0.1431,0.0563,0.053,0.0388,0.2505,0.1222,0.5491,0.2479
10825,-118.605,34.535,0.0899,0.0295,0.0708,0.0365,0.6481,0.2444,0.9156,0.3291,0.1431,0.0561,0.0538,0.0383,0.2447,0.1185,0.561,0.2547
10826,-118.595,34.535,0.093,0.0304,0.071,0.0365,0.6637,0.242,0.8796,0.3065,0.1479,0.0586,0.0552,0.0382,0.2406,0.1161,0.5711,0.2599
10827,-118.585,34.535,0.0927,0.0298,0.0708,0.0363,0.6826,0.2426,0.845,0.2885,0.1475,0.0581,0.0571,0.0386,0.2382,0.1149,0.5793,0.2633
10828,-118.575,34.535,0.0928,0.0294,0.0706,0.036,0.6974,0.2426,0.8111,0.2727,0.1473,0.0578,0.0588,0.0387,0.2348,0.1131,0.5856,0.2649
10829,-118.565,34.535,0.0935,0.0293,0.0688,0.0348,0.698,0.2357,0.7661,0.2515,0.1479,0.0579,0.059,0.0376,0.2263,0.108,0.5772,0.2526
10830,-118.555,34.535,0.0846,0.0254,0.0598,0.0291,0.633,0.1957,0.6666,0.2006,0.1338,0.0506,0.0517,0.0308,0.1938,0.0876,0.5486,0.2276
10831,-118.545,34.535,0.0681,0.0189,0.0551,0.0261,0.6067,0.1786,0.6112,0.1752,0.108,0.038,0.0493,0.0277,0.1776,0.0776,0.5007,0.1947
10832,-118.535,34.535,0.0735,0.0204,0.0545,0.0257,0.6192,0.1844,0.5999,0.175,0.1155,0.0412,0.0518,0.0283,0.1777,0.078,0.5064,0.1968
10833,-118.525,34.535,0.0657,0.0174,0.05,0.023,0.5812,0.1709,0.541,0.1563,0.1026,0.0353,0.0492,0.0256,0.1619,0.0696,0.4878,0.1861
10834,-118.515,34.535,0.0631,0.0162,0.0455,0.0203,0.5438,0.1577,0.4812,0.1374,0.0977,0.033,0.0464,0.0227,0.1455,0.0608,0.4702,0.1759
10835,-118.505,34.535,0.0636,0.0161,0.0445,0.0197,0.5592,0.1646,0.4648,0.1357,0.0976,0.0329,0.0476,0.0225,0.1422,0.0592,0.4655,0.1725
10836,-118.495,34.535,0.0649,0.0162,0.0441,0.0195,0.5768,0.1731,0.4509,0.1351,0.0986,0.0332,0.049,0.0224,0.14,0.0581,0.4699,0.174
10837,-118.485,34.535,0.0661,0.0162,0.0443,0.0195,0.5969,0.183,0.4395,0.1357,0.0994,0.0335,0.0508,0.0226,0.1388,0.0577,0.4779,0.1772
10838,-118.475,34.535,0.0672,0.0162,0.0443,0.0195,0.6139,0.1921,0.4283,0.1361,0.1,0.0337,0.0525,0.0227,0.1376,0.0573,0.4869,0.1808
10839,-118.465,34.535,0.0682,0.0161,0.0443,0.0195,0.6277,0.2003,0.4171,0.1365,0.1006,0.0339,0.0541,0.0229,0.1364,0.0568,0.496,0.1846
10840,-118.455,34.535,0.0692,0.016,0.0443,0.0195,0.6291,0.2046,0.4061,0.1368,0.1011,0.034,0.0554,0.023,0.1352,0.0563,0.5053,0.1884
10841,-118.445,34.535,0.0702,0.0158,0.0443,0.0194,0.6267,0.2074,0.3951,0.1369,0.1015,0.0342,0.0565,0.0231,0.134,0.0559,0.5149,0.1923
10842,-118.435,34.535,0.0711,0.0157,0.0442,0.0193,0.6204,0.2086,0.3842,0.1368,0.1019,0.0343,0.0574,0.0232,0.1327,0.0553,0.5249,0.1965
10843,-118.425,34.535,0.0719,0.0155,0.0447,0.0196,0.6081,0.207,0.3731,0.1365,0.1023,0.0345,0.058,0.0232,0.1314,0.0548,0.5367,0.2015
10844,-118.415,34.535,0.0728,0.0152,0.0454,0.0199,0.5935,0.2045,0.3621,0.136,0.1026,0.0346,0.0585,0.0233,0.13,0.0542,0.5523,0.2084
10845,-118.405,34.535,0.0735,0.015,0.0466,0.0206,0.5742,0.1995,0.351,0.1352,0.1029,0.0347,0.0587,0.0233,0.1286,0.0536,0.5715,0.2171
10846,-118.395,34.535,0.0743,0.0147,0.048,0.0214,0.5544,0.1939,0.3399,0.1343,0.1033,0.0349,0.0589,0.0233,0.1271,0.053,0.5915,0.2263
10847,-118.385,34.535,0.075,0.0144,0.0495,0.0223,0.5342,0.1878,0.329,0.1333,0.1039,0.0351,0.0589,0.0234,0.1256,0.0524,0.6165,0.2381
10848,-118.375,34.535,0.0862,0.0166,0.0496,0.0223,0.5283,0.1877,0.3266,0.1368,0.1188,0.0416,0.0606,0.0242,0.1276,0.0536,0.649,0.2539
10849,-118.365,34.535,0.0796,0.0145,0.049,0.022,0.5198,0.1861,0.3225,0.1393,0.1094,0.0374,0.062,0.0248,0.1289,0.0544,0.6439,0.2499
10850,-118.355,34.535,0.077,0.0134,0.0465,0.0205,0.4848,0.1717,0.301,0.132,0.1054,0.0357,0.0598,0.0238,0.123,0.0515,0.6389,0.246
10851,-118.345,34.535,0.0776,0.0131,0.0452,0.0198,0.4602,0.1619,0.2859,0.128,0.1058,0.0359,0.0589,0.0233,0.1196,0.0498,0.6413,0.2459
10852,-118.335,34.535,0.0787,0.013,0.0452,0.0197,0.4463,0.1568,0.277,0.1274,0.1069,0.0363,0.0592,0.0234,0.1187,0.0495,0.6556,0.2519
10853,-118.325,34.535,0.0787,0.0127,0.0444,0.0193,0.4701,0.1693,0.2916,0.1414,0.1063,0.0361,0.0649,0.0263,0.1285,0.055,0.6829,0.2645
10854,-118.315,34.535,0.0929,0.0153,0.0448,0.0196,0.4858,0.178,0.3008,0.1519,0.1245,0.044,0.0694,0.0285,0.1357,0.0591,0.7272,0.2859
10855,-118.305,34.535,0.0882,0.0141,0.0522,0.0237,0.4246,0.1501,0.2606,0.1307,0.1173,0.0409,0.0621,0.0247,0.1203,0.0509,0.7594,0.301
10856,-118.295,34.535,0.0858,0.0135,0.0577,0.0269,0.4122,0.1449,0.2509,0.1294,0.1135,0.0393,0.0623,0.0248,0.1192,0.0505,0.7857,0.3137
10857,-118.285,34.535,0.1006,0.0163,0.0612,0.029,0.4484,0.1624,0.2718,0.1479,0.1319,0.0474,0.0701,0.0286,0.1324,0.0579,0.863,0.3565
10858,-118.275,34.535,0.1158,0.0196,0.058,0.0271,0.4131,0.1465,0.2484,0.1357,0.1503,0.0565,0.0661,0.0265,0.1236,0.0533,0.8737,0.3589
10859,-118.265,34.535,0.0877,0.0137,0.0533,0.0244,0.3683,0.1263,0.2192,0.1194,0.1139,0.0393,0.0604,0.0236,0.1119,0.0471,0.8397,0.3369
10860,-118.255,34.535,0.0819,0.0126,0.0481,0.0214,0.3483,0.1179,0.206,0.1131,0.1059,0.0358,0.0587,0.0227,0.1074,0.045,0.7974,0.3111
10861,-118.245,34.535,0.082,0.0127,0.0456,0.0201,0.3334,0.1118,0.1962,0.1087,0.1058,0.0358,0.0579,0.0222,0.1045,0.0436,0.8129,0.3174
10862,-118.235,34.535,0.082,0.0129,0.0461,0.0204,0.3237,0.1079,0.1898,0.106,0.1056,0.0357,0.0579,0.0221,0.1032,0.0431,0.8609,0.3409
10863,-118.225,34.535,0.0975,0.0162,0.0439,0.0192,0.331,0.1112,0.1939,0.11,0.1257,0.0445,0.0613,0.0236,0.1072,0.0455,0.8934,0.3562
10864,-118.215,34.535,0.0879,0.0145,0.0414,0.0178,0.335,0.1132,0.1964,0.1125,0.1144,0.0394,0.064,0.0248,0.1102,0.0472,0.9,0.358
10865,-118.205,34.535,0.081,0.0133,0.0397,0.0169,0.3066,0.1014,0.1799,0.1009,0.107,0.0362,0.0604,0.023,0.1021,0.0431,0.8741,0.3429
10866,-118.195,34.535,0.0803,0.0134,0.0392,0.0167,0.2906,0.0951,0.1704,0.094,0.1078,0.0364,0.059,0.0223,0.0977,0.0409,0.9123,0.3612
10867,-118.185,34.535,0.0795,0.0136,0.0399,0.017,0.287,0.0941,0.1679,0.0917,0.1086,0.0367,0.0597,0.0226,0.0969,0.0407,0.9214,0.365
10868,-118.175,34.535,0.0786,0.0137,0.0391,0.0166,0.2799,0.0917,0.1641,0.0883,0.1094,0.037,0.0599,0.0227,0.0949,0.0398,0.9305,0.3688
10869,-118.165,34.535,0.0792,0.0141,0.0383,0.0162,0.2735,0.0897,0.1611,0.0853,0.1125,0.0384,0.0603,0.0229,0.0932,0.0391,0.962,0.3841
10870,-118.155,34.535,0.0807,0.0148,0.0387,0.0164,0.2737,0.0908,0.1629,0.0857,0.1172,0.0405,0.0624,0.024,0.0942,0.0398,1.0217,0.4152
10871,-118.145,34.535,0.0775,0.0144,0.0405,0.0174,0.2719,0.0911,0.164,0.0856,0.1152,0.0396,0.0631,0.0241,0.0946,0.0404,1.0712,0.4412
10872,-118.135,34.535,0.0784,0.0149,0.0437,0.019,0.2682,0.0908,0.1644,0.0852,0.1185,0.0409,0.0625,0.0231,0.0945,0.0406,1.1166,0.4669
10873,-118.125,34.535,0.0811,0.0159,0.0483,0.0217,0.2681,0.0913,0.1674,0.0858,0.1246,0.0436,0.0621,0.0221,0.0955,0.0413,1.1643,0.4963
10874,-118.115,34.535,0.0869,0.0178,0.0532,0.0246,0.2791,0.0969,0.1781,0.0915,0.1359,0.0488,0.0644,0.0224,0.1006,0.0443,1.2319,0.538
10875,-118.105,34.535,0.1012,0.022,0.0582,0.0274,0.3405,0.1267,0.2237,0.1211,0.1618,0.0611,0.0802,0.0288,0.1254,0.0588,1.4071,0.6518
10876,-118.095,34.535,0.1231,0.0284,0.0592,0.0279,0.3708,0.142,0.2492,0.1376,0.2008,0.08,0.0887,0.0322,0.1388,0.0668,1.5304,0.7438
10877,-118.085,34.535,0.1186,0.0276,0.0561,0.0261,0.37,0.1429,0.2547,0.1408,0.1992,0.0793,0.09,0.0325,0.1407,0.0684,1.5744,0.7868
10878,-118.075,34.535,0.1152,0.0271,0.0576,0.027,0.3569,0.1367,0.2511,0.1374,0.1999,0.0799,0.088,0.0314,0.1375,0.0666,1.555,0.7643
10879,-118.065,34.535,0.1118,0.0265,0.06,0.0284,0.3377,0.1274,0.2428,0.1309,0.2008,0.0802,0.0842,0.0297,0.1317,0.0633,1.5569,0.7855
10880,-118.055,34.535,0.1097,0.0263,0.0622,0.0298,0.3014,0.1099,0.221,0.1158,0.2031,0.082,0.0744,0.026,0.1186,0.0556,1.5206,0.7638
10881,-118.045,34.535,0.1128,0.0278,0.0625,0.03,0.3067,0.1142,0.2323,0.125,0.216,0.0897,0.0762,0.0277,0.1238,0.0594,1.4739,0.7316
10882,-118.035,34.535,0.1253,0.0323,0.0608,0.0292,0.3538,0.1401,0.2767,0.1585,0.2459,0.1067,0.0896,0.0348,0.1473,0.0745,1.4628,0.7445
10883,-118.025,34.535,0.1241,0.0324,0.0613,0.0295,0.3548,0.1412,0.2847,0.1659,0.2486,0.1083,0.0914,0.0374,0.15,0.0765,1.4352,0.736
10884,-118.015,34.535,0.122,0.0322,0.0629,0.0305,0.3462,0.137,0.2851,0.1677,0.2465,0.1067,0.0911,0.0392,0.1485,0.0758,1.429,0.7594
10885,-118.005,34.535,0.1196,0.0319,0.0671,0.033,0.337,0.1325,0.2843,0.1685,0.2436,0.1047,0.0914,0.0415,0.1466,0.0749,1.4207,0.7853
10886,-117.995,34.535,0.1172,0.0315,0.069,0.0342,0.3281,0.1281,0.2818,0.1676,0.2406,0.1026,0.0914,0.0432,0.1448,0.074,1.3913,0.7879
10887,-117.985,34.535,0.1151,0.0313,0.0686,0.0341,0.3195,0.1239,0.2777,0.165,0.2384,0.1011,0.091,0.0442,0.1432,0.0732,1.3581,0.7662
10888,-117.975,34.535,0.1133,0.0311,0.0685,0.0341,0.3117,0.1201,0.2709,0.1596,0.2369,0.1001,0.0899,0.0441,0.142,0.0726,1.3246,0.7419
10889,-117.965,34.535,0.1115,0.0309,0.0683,0.034,0.3041,0.1163,0.2635,0.1536,0.2357,0.0994,0.0884,0.0434,0.1408,0.0721,1.2913,0.7166
10890,-117.955,34.535,0.1096,0.0307,0.0681,0.034,0.2965,0.1125,0.2559,0.1469,0.2345,0.0987,0.0859,0.0416,0.1394,0.0715,1.2584,0.6913
10891,-117.945,34.535,0.1077,0.0304,0.0677,0.0338,0.2889,0.1088,0.2487,0.1405,0.2333,0.0981,0.0835,0.0398,0.138,0.0708,1.2264,0.6663
10892,-117.935,34.535,0.1058,0.0302,0.0674,0.0337,0.2815,0.1052,0.242,0.1345,0.2323,0.0976,0.0811,0.038,0.1365,0.0701,1.1959,0.6432
10893,-117.925,34.535,0.104,0.03,0.067,0.0336,0.2749,0.1022,0.2363,0.1293,0.2314,0.0973,0.0791,0.0364,0.1352,0.0695,1.1669,0.6221
10894,-117.915,34.535,0.1028,0.0299,0.0667,0.0335,0.2687,0.0996,0.2311,0.1245,0.2313,0.0975,0.0773,0.035,0.134,0.0689,1.1395,0.6034
10895,-117.905,34.535,0.102,0.0299,0.0666,0.0336,0.2639,0.0979,0.2269,0.1208,0.2315,0.0979,0.076,0.0338,0.1331,0.0686,1.1145,0.5881
10896,-117.895,34.535,0.1015,0.0301,0.0666,0.0336,0.2597,0.0966,0.223,0.1174,0.2321,0.0986,0.075,0.0328,0.1324,0.0684,1.0907,0.5749
10897,-117.885,34.535,0.1013,0.0303,0.0666,0.0337,0.256,0.0956,0.2194,0.1144,0.2328,0.0993,0.0741,0.032,0.1317,0.0682,1.0685,0.563
10898,-117.875,34.535,0.1012,0.0306,0.0665,0.0338,0.2526,0.0948,0.2159,0.1117,0.2335,0.1001,0.0735,0.0312,0.131,0.068,1.0475,0.5521
10899,-117.865,34.535,0.101,0.0308,0.0664,0.0338,0.2491,0.0939,0.2124,0.109,0.2338,0.1008,0.073,0.0306,0.1303,0.0678,1.0271,0.5416
10900,-117.855,34.535,0.1009,0.031,0.0661,0.0338,0.2456,0.0929,0.209,0.1064,0.2339,0.1012,0.0727,0.0301,0.1294,0.0675,1.0079,0.5314
10901,-117.845,34.535,0.1005,0.0312,0.0657,0.0336,0.2418,0.0918,0.2055,0.1039,0.2334,0.1014,0.0724,0.0296,0.1284,0.0671,0.9891,0.5211
10902,-117.835,34.535,0.0999,0.0312,0.0653,0.0334,0.2379,0.0905,0.2019,0.1014,0.2322,0.1011,0.0723,0.0293,0.1273,0.0665,0.9698,0.5093
10903,-117.825,34.535,0.0991,0.0311,0.0643,0.0329,0.2334,0.089,0.1983,0.099,0.2305,0.1004,0.0725,0.0291,0.1258,0.0658,0.9499,0.4953
10904,-117.815,34.535,0.0979,0.0309,0.0635,0.0325,0.2293,0.0876,0.195,0.0968,0.2279,0.0993,0.0729,0.0291,0.1245,0.0652,0.932,0.4846
10905,-117.805,34.535,0.0973,0.0309,0.0638,0.0328,0.227,0.0871,0.1936,0.096,0.2263,0.0987,0.0744,0.0298,0.1243,0.0653,0.9182,0.4801
10906,-117.795,34.535,0.0981,0.0315,0.0642,0.0331,0.2258,0.0872,0.1932,0.0959,0.2274,0.0998,0.0767,0.0308,0.1247,0.0659,0.9066,0.4789
10907,-117.785,34.535,0.0987,0.032,0.0648,0.0336,0.2256,0.088,0.1939,0.0967,0.2278,0.1005,0.0796,0.0323,0.1257,0.0669,0.8958,0.4786
10908,-117.775,34.535,0.0989,0.0323,0.0651,0.0339,0.2247,0.0882,0.1941,0.097,0.2275,0.1007,0.0827,0.0339,0.1263,0.0676,0.8839,0.4752
10909,-117.765,34.535,0.0989,0.0326,0.0653,0.0341,0.2236,0.0883,0.1941,0.0973,0.2263,0.1004,0.0858,0.0355,0.1268,0.0682,0.872,0.4711
10910,-117.755,34.535,0.0987,0.0327,0.0653,0.0343,0.222,0.0881,0.1937,0.0973,0.2247,0.0998,0.0889,0.0373,0.1269,0.0686,0.8599,0.4663
10911,-117.745,34.535,0.0984,0.0329,0.0653,0.0344,0.2201,0.0877,0.193,0.0971,0.2228,0.099,0.0919,0.039,0.1268,0.0689,0.8474,0.4605
10912,-117.735,34.535,0.0979,0.0329,0.0652,0.0345,0.2177,0.0871,0.1919,0.0967,0.2207,0.098,0.0947,0.0407,0.1265,0.0689,0.8343,0.4529
10913,-117.725,34.535,0.0974,0.0329,0.0651,0.0345,0.2149,0.0862,0.1904,0.096,0.2183,0.097,0.097,0.0422,0.1258,0.0687,0.8205,0.4442
10914,-117.715,34.535,0.0967,0.0329,0.0649,0.0344,0.2122,0.0854,0.189,0.0954,0.2158,0.0958,0.0992,0.0438,0.1252,0.0686,0.8088,0.438
10915,-117.705,34.535,0.096,0.0329,0.0646,0.0344,0.2111,0.0855,0.1891,0.0958,0.2132,0.0946,0.1017,0.0457,0.1256,0.0692,0.7983,0.4334
10916,-117.695,34.535,0.0953,0.0328,0.0643,0.0343,0.2094,0.0851,0.1884,0.0958,0.2105,0.0934,0.1037,0.0473,0.1255,0.0694,0.7866,0.4267
10917,-117.685,34.535,0.0945,0.0327,0.064,0.0342,0.207,0.0844,0.1871,0.0953,0.2078,0.0922,0.105,0.0487,0.125,0.0693,0.7746,0.4191
10918,-117.675,34.535,0.0937,0.0326,0.0636,0.0341,0.2045,0.0837,0.1857,0.0949,0.205,0.0909,0.106,0.05,0.1244,0.0692,0.7629,0.4115
10919,-117.665,34.535,0.0928,0.0325,0.0632,0.034,0.2021,0.083,0.1842,0.0944,0.2023,0.0897,0.1069,0.0512,0.1238,0.069,0.7513,0.404
10920,-117.655,34.535,0.0919,0.0323,0.0628,0.0338,0.1996,0.0822,0.1827,0.094,0.1995,0.0885,0.1077,0.0524,0.1231,0.0688,0.74,0.3966
10921,-118.945,34.545,0.0506,0.0197,0.048,0.0256,0.1875,0.0757,0.3175,0.146,0.0827,0.0316,0.0219,0.0206,0.2664,0.1161,0.2501,0.1003
10922,-118.935,34.545,0.0513,0.0199,0.0481,0.0255,0.1909,0.0771,0.3249,0.1493,0.0832,0.0317,0.0221,0.0207,0.2651,0.1156,0.253,0.101
10923,-118.925,34.545,0.0519,0.02,0.0482,0.0255,0.1945,0.0786,0.3327,0.1528,0.0836,0.0317,0.0223,0.0207,0.2637,0.115,0.2562,0.1019
10924,-118.915,34.545,0.0533,0.0205,0.0495,0.0262,0.2022,0.0826,0.347,0.1609,0.085,0.0322,0.023,0.0214,0.2671,0.1177,0.2652,0.106
10925,-118.905,34.545,0.0603,0.0238,0.0565,0.0309,0.2302,0.0984,0.3926,0.1917,0.0948,0.037,0.0263,0.0252,0.2937,0.1361,0.2879,0.1192
10926,-118.895,34.545,0.0668,0.0268,0.0601,0.0333,0.247,0.1078,0.421,0.2102,0.1036,0.0413,0.0282,0.0272,0.3067,0.1453,0.3082,0.1312
10927,-118.885,34.545,0.0677,0.027,0.0603,0.0332,0.2528,0.1107,0.4325,0.2162,0.1042,0.0414,0.0286,0.0275,0.3061,0.1454,0.3169,0.1358
10928,-118.875,34.545,0.0685,0.0272,0.0604,0.0332,0.258,0.1132,0.4432,0.2215,0.1045,0.0414,0.0289,0.0276,0.3044,0.1446,0.321,0.137
10929,-118.865,34.545,0.0693,0.0274,0.0605,0.0332,0.263,0.1157,0.4538,0.2266,0.1048,0.0413,0.0291,0.0277,0.3024,0.1437,0.325,0.1381
10930,-118.855,34.545,0.0701,0.0275,0.0607,0.0331,0.2684,0.1184,0.4653,0.2319,0.1052,0.0413,0.0294,0.0278,0.3005,0.1427,0.3291,0.1394
10931,-118.845,34.545,0.0709,0.0277,0.0608,0.0331,0.2741,0.1213,0.4772,0.2375,0.1055,0.0412,0.0297,0.0279,0.2985,0.1418,0.3334,0.1406
10932,-118.835,34.545,0.0717,0.0278,0.061,0.0331,0.28,0.1243,0.4895,0.2431,0.1057,0.0411,0.03,0.028,0.2964,0.1408,0.3376,0.1418
10933,-118.825,34.545,0.0725,0.0279,0.0603,0.0325,0.2856,0.127,0.5015,0.248,0.1059,0.041,0.0301,0.0281,0.2934,0.1392,0.3412,0.1425
10934,-118.815,34.545,0.0728,0.0278,0.0595,0.0319,0.2891,0.1282,0.5105,0.2502,0.1057,0.0406,0.0301,0.0278,0.2882,0.136,0.3433,0.1421
10935,-118.805,34.545,0.0719,0.0271,0.0594,0.0317,0.283,0.1233,0.5047,0.2403,0.1036,0.0394,0.0287,0.026,0.2734,0.1263,0.3412,0.1387
10936,-118.795,34.545,0.0662,0.0242,0.0573,0.0302,0.2807,0.1208,0.5044,0.2349,0.0952,0.0351,0.0279,0.0249,0.2619,0.1191,0.3296,0.1288
10937,-118.785,34.545,0.0635,0.0227,0.0534,0.0275,0.2823,0.1208,0.5095,0.234,0.091,0.0329,0.0275,0.0243,0.2539,0.1145,0.3249,0.1245
10938,-118.775,34.545,0.0617,0.0217,0.0516,0.0263,0.2828,0.1194,0.5132,0.2302,0.0882,0.0314,0.0269,0.0234,0.2446,0.1088,0.3228,0.1219
10939,-118.765,34.545,0.0622,0.0218,0.0505,0.0255,0.2849,0.1187,0.5192,0.2278,0.0887,0.0314,0.0264,0.0227,0.2362,0.1037,0.3239,0.1212
10940,-118.755,34.545,0.0628,0.0218,0.0505,0.0253,0.2957,0.1232,0.5383,0.2346,0.0894,0.0316,0.0268,0.0229,0.2341,0.1029,0.3291,0.1227
10941,-118.745,34.545,0.0633,0.0219,0.05,0.0249,0.3024,0.1251,0.5502,0.2364,0.0902,0.0319,0.0268,0.0227,0.2282,0.0998,0.3339,0.1241
10942,-118.735,34.545,0.0621,0.0212,0.0491,0.0243,0.305,0.1245,0.5549,0.2332,0.0887,0.0311,0.0264,0.0219,0.2186,0.0944,0.3317,0.1216
10943,-118.725,34.545,0.059,0.0197,0.0492,0.0243,0.3014,0.1211,0.5465,0.2246,0.0847,0.0293,0.0255,0.0207,0.2044,0.0872,0.3305,0.1197
10944,-118.715,34.545,0.06,0.02,0.0507,0.0251,0.309,0.124,0.556,0.2267,0.0865,0.0301,0.0256,0.0205,0.1971,0.084,0.3388,0.1231
10945,-118.705,34.545,0.0705,0.0243,0.0578,0.0296,0.3777,0.1596,0.6657,0.2862,0.1018,0.0371,0.0311,0.0256,0.2274,0.102,0.3834,0.1467
10946,-118.695,34.545,0.0686,0.0232,0.0578,0.0295,0.4307,0.1866,0.7475,0.3286,0.1001,0.0362,0.0351,0.029,0.2454,0.1133,0.3919,0.1497
10947,-118.685,34.545,0.0658,0.0218,0.0506,0.0249,0.4682,0.2052,0.8013,0.354,0.097,0.0346,0.0376,0.0308,0.2513,0.1177,0.4091,0.1586
10948,-118.675,34.545,0.0823,0.0286,0.0581,0.0295,0.5047,0.2226,0.8535,0.376,0.1215,0.0463,0.04,0.0324,0.2547,0.1206,0.4483,0.1818
10949,-118.665,34.545,0.0839,0.029,0.0668,0.0349,0.5389,0.2379,0.9039,0.395,0.125,0.048,0.0423,0.0338,0.2571,0.1228,0.4819,0.2055
10950,-118.655,34.545,0.0846,0.029,0.0672,0.035,0.5627,0.2441,0.9481,0.4031,0.1273,0.049,0.0443,0.0348,0.257,0.1234,0.5008,0.2172
10951,-118.645,34.545,0.0853,0.029,0.0676,0.0352,0.5812,0.2456,0.9797,0.3976,0.1296,0.0501,0.0461,0.0355,0.2557,0.1231,0.5163,0.2261
10952,-118.635,34.545,0.086,0.029,0.0681,0.0354,0.5944,0.2423,0.9988,0.3785,0.1319,0.0511,0.0478,0.0359,0.2534,0.1221,0.5318,0.2351
10953,-118.625,34.545,0.09,0.0304,0.0687,0.0356,0.6101,0.2402,0.9813,0.3532,0.1385,0.0546,0.0497,0.0365,0.2518,0.1215,0.5493,0.2467
10954,-118.615,34.545,0.0883,0.0292,0.069,0.0357,0.6261,0.2379,0.9525,0.3266,0.1369,0.0535,0.0517,0.0371,0.25,0.1209,0.5597,0.2509
10955,-118.605,34.545,0.0886,0.029,0.0677,0.0348,0.6412,0.2341,0.9056,0.2999,0.138,0.0539,0.0532,0.0371,0.2463,0.1187,0.5701,0.2556
10956,-118.595,34.545,0.0897,0.0291,0.0671,0.0342,0.6556,0.23,0.8578,0.2744,0.1399,0.0547,0.0545,0.0369,0.2417,0.116,0.5803,0.2604
10957,-118.585,34.545,0.0901,0.0288,0.0669,0.0341,0.6693,0.2256,0.8089,0.2501,0.1406,0.0549,0.0556,0.0365,0.2362,0.1127,0.5887,0.2637
10958,-118.575,34.545,0.09,0.0283,0.0664,0.0337,0.6718,0.2172,0.7564,0.2262,0.1402,0.0545,0.0557,0.0352,0.2267,0.1068,0.593,0.2628
10959,-118.565,34.545,0.086,0.0263,0.065,0.0326,0.6669,0.2064,0.7014,0.202,0.1341,0.0512,0.0551,0.0334,0.2152,0.0997,0.582,0.2494
10960,-118.555,34.545,0.0786,0.0231,0.0592,0.0289,0.6367,0.1877,0.6383,0.1752,0.1226,0.0452,0.0525,0.0302,0.1975,0.0889,0.5659,0.2332
10961,-118.545,34.545,0.0782,0.0225,0.0563,0.027,0.6253,0.1811,0.6012,0.1622,0.1214,0.0445,0.0526,0.0288,0.1885,0.0836,0.5544,0.2232
10962,-118.535,34.545,0.0791,0.0225,0.0561,0.0268,0.6329,0.1866,0.59,0.1629,0.1219,0.0446,0.0552,0.0294,0.1881,0.0837,0.5634,0.2271
10963,-118.525,34.545,0.0798,0.0223,0.0523,0.0245,0.6238,0.1869,0.5639,0.1586,0.122,0.0445,0.0564,0.0288,0.1824,0.0808,0.5526,0.2186
10964,-118.515,34.545,0.0722,0.0193,0.0482,0.0221,0.6071,0.1839,0.53,0.1513,0.1096,0.0387,0.0564,0.0275,0.1736,0.0762,0.5313,0.2049
10965,-118.505,34.545,0.067,0.0173,0.0469,0.0213,0.5702,0.17,0.4734,0.1346,0.101,0.0348,0.0527,0.0242,0.1551,0.0659,0.5073,0.1912
10966,-118.495,34.545,0.0651,0.0163,0.0459,0.0207,0.5558,0.1661,0.4373,0.126,0.0974,0.033,0.0515,0.0224,0.1443,0.0601,0.4996,0.1865
10967,-118.485,34.545,0.0658,0.0161,0.0453,0.0203,0.564,0.1722,0.4218,0.1255,0.0974,0.033,0.0529,0.0222,0.1412,0.0587,0.5038,0.1877
10968,-118.475,34.545,0.0667,0.0161,0.0444,0.0198,0.5746,0.1796,0.4099,0.1262,0.0978,0.0331,0.0547,0.0223,0.1396,0.058,0.5114,0.1906
10969,-118.465,34.545,0.0676,0.016,0.0436,0.0192,0.5837,0.1865,0.399,0.1272,0.0983,0.0332,0.0564,0.0224,0.1383,0.0575,0.5199,0.1939
10970,-118.455,34.545,0.0686,0.0159,0.0436,0.0192,0.5832,0.1904,0.3886,0.128,0.0988,0.0334,0.0578,0.0225,0.1371,0.057,0.5295,0.1978
10971,-118.445,34.545,0.0695,0.0157,0.0435,0.0191,0.5797,0.193,0.3784,0.1287,0.0992,0.0336,0.0589,0.0226,0.1358,0.0565,0.5397,0.202
10972,-118.435,34.545,0.0704,0.0156,0.0434,0.0191,0.5733,0.1942,0.3682,0.1291,0.0996,0.0337,0.0598,0.0227,0.1345,0.056,0.5502,0.2064
10973,-118.425,34.545,0.0713,0.0154,0.0433,0.019,0.5623,0.1932,0.358,0.1293,0.1,0.0338,0.0602,0.0228,0.1332,0.0554,0.5609,0.2108
10974,-118.415,34.545,0.0721,0.0152,0.0432,0.0189,0.5495,0.1913,0.3477,0.1292,0.1003,0.034,0.0605,0.0229,0.1318,0.0548,0.5721,0.2155
10975,-118.405,34.545,0.0729,0.0149,0.0431,0.0188,0.533,0.1873,0.3373,0.1288,0.1006,0.0341,0.0606,0.023,0.1303,0.0542,0.5834,0.2201
10976,-118.395,34.545,0.0736,0.0147,0.0429,0.0187,0.5156,0.1825,0.3269,0.1282,0.101,0.0342,0.0605,0.023,0.1288,0.0536,0.595,0.2248
10977,-118.385,34.545,0.0744,0.0144,0.0427,0.0186,0.4975,0.1771,0.3164,0.1274,0.1015,0.0344,0.0604,0.0231,0.1273,0.0529,0.6084,0.2304
10978,-118.375,34.545,0.0751,0.0141,0.0426,0.0185,0.4845,0.1733,0.3087,0.128,0.1021,0.0347,0.0608,0.0234,0.1268,0.0529,0.6245,0.2374
10979,-118.365,34.545,0.0759,0.0138,0.0424,0.0184,0.4708,0.1691,0.3004,0.1282,0.1027,0.0349,0.0611,0.0237,0.1262,0.0527,0.6339,0.241
10980,-118.355,34.545,0.0764,0.0135,0.0421,0.0182,0.4489,0.1605,0.2862,0.1249,0.1029,0.035,0.0602,0.0233,0.1231,0.0512,0.6443,0.245
10981,-118.345,34.545,0.077,0.0132,0.0418,0.018,0.4309,0.1535,0.2743,0.1228,0.1032,0.0351,0.0598,0.0232,0.1208,0.0502,0.6559,0.2496
10982,-118.335,34.545,0.0776,0.013,0.0415,0.0179,0.4168,0.1482,0.2644,0.1217,0.1034,0.0351,0.0597,0.0233,0.1194,0.0497,0.6693,0.2549
10983,-118.325,34.545,0.0782,0.0127,0.0412,0.0178,0.4161,0.1488,0.2626,0.1255,0.1035,0.0352,0.0614,0.0242,0.1216,0.051,0.6857,0.2617
10984,-118.315,34.545,0.0819,0.0132,0.0423,0.0184,0.4131,0.1484,0.2591,0.1282,0.1076,0.037,0.0627,0.025,0.123,0.0519,0.7461,0.291
10985,-118.305,34.545,0.0966,0.0159,0.05,0.0227,0.3861,0.1364,0.2399,0.1207,0.1256,0.045,0.0602,0.0238,0.1171,0.0489,0.8045,0.3196
10986,-118.295,34.545,0.0991,0.0162,0.0541,0.025,0.3754,0.132,0.2309,0.1197,0.1278,0.046,0.0601,0.0238,0.116,0.0485,0.8436,0.3383
10987,-118.285,34.545,0.1017,0.0166,0.0547,0.0254,0.381,0.1351,0.232,0.1253,0.13,0.0472,0.0625,0.0251,0.1195,0.0506,0.8569,0.343
10988,-118.275,34.545,0.081,0.0123,0.0523,0.024,0.3735,0.132,0.225,0.1251,0.103,0.0349,0.0629,0.0253,0.1194,0.0507,0.8469,0.335
10989,-118.265,34.545,0.0961,0.0151,0.0487,0.0219,0.3607,0.1264,0.2148,0.1224,0.1213,0.0429,0.0622,0.0251,0.1174,0.0498,0.8293,0.3235
10990,-118.255,34.545,0.0816,0.0123,0.0426,0.0186,0.3341,0.1149,0.197,0.113,0.1026,0.0347,0.0588,0.0234,0.1102,0.0461,0.8143,0.3138
10991,-118.245,34.545,0.0817,0.0123,0.0395,0.0168,0.3166,0.1074,0.1848,0.1071,0.1023,0.0346,0.057,0.0226,0.1059,0.0441,0.817,0.3137
10992,-118.235,34.545,0.0817,0.0124,0.0393,0.0168,0.3079,0.1039,0.1784,0.1046,0.1022,0.0345,0.0568,0.0225,0.1045,0.0435,0.8414,0.3243
10993,-118.225,34.545,0.0815,0.0126,0.0391,0.0166,0.3052,0.1029,0.1762,0.1039,0.1022,0.0345,0.0578,0.0229,0.1049,0.0439,0.8673,0.3359
10994,-118.215,34.545,0.0811,0.0127,0.0388,0.0165,0.3015,0.1016,0.1737,0.1026,0.1031,0.0348,0.0586,0.0233,0.1049,0.0441,0.8904,0.3463
10995,-118.205,34.545,0.0805,0.0128,0.0386,0.0164,0.2875,0.0959,0.1656,0.0965,0.1039,0.0351,0.0573,0.0227,0.1012,0.0424,0.9072,0.3536
10996,-118.195,34.545,0.0798,0.013,0.0384,0.0163,0.2847,0.0951,0.164,0.0949,0.1047,0.0354,0.0583,0.0231,0.1012,0.0425,0.9339,0.366
10997,-118.185,34.545,0.0822,0.0138,0.0385,0.0164,0.2932,0.0992,0.1691,0.0978,0.1097,0.0374,0.0615,0.0246,0.1049,0.0447,0.9706,0.3836
10998,-118.175,34.545,0.0803,0.0137,0.0398,0.0171,0.2804,0.0943,0.1625,0.0917,0.1092,0.0371,0.0602,0.0237,0.1006,0.0426,1.021,0.4085
10999,-118.165,34.545,0.0854,0.0153,0.0413,0.0179,0.2728,0.0919,0.1594,0.0882,0.1185,0.0413,0.0601,0.0234,0.0984,0.0416,1.0909,0.4443
11000,-118.155,34.545,0.103,0.0198,0.0421,0.0185,0.3117,0.1109,0.185,0.1055,0.1451,0.0534,0.0708,0.0283,0.1143,0.0507,1.211,0.5114
11001,-118.145,34.545,0.101,0.0199,0.0442,0.0196,0.3396,0.126,0.2053,0.1193,0.1451,0.0537,0.0786,0.0316,0.1266,0.0582,1.295,0.5596
11002,-118.135,34.545,0.1089,0.0223,0.0478,0.0215,0.3563,0.1374,0.2202,0.1295,0.1595,0.0603,0.0835,0.0332,0.1354,0.0641,1.379,0.6128
11003,-118.125,34.545,0.1151,0.0244,0.0546,0.0254,0.3523,0.136,0.2217,0.1279,0.1721,0.0661,0.082,0.0315,0.1349,0.0639,1.4723,0.6779
11004,-118.115,34.545,0.124,0.0274,0.0611,0.0292,0.346,0.1328,0.2219,0.1249,0.1893,0.0748,0.0798,0.0295,0.1331,0.0629,1.5544,0.7457
11005,-118.105,34.545,0.122,0.0275,0.0627,0.0302,0.3487,0.1334,0.2284,0.1262,0.191,0.0758,0.0809,0.0295,0.1345,0.0636,1.5696,0.7742
11006,-118.095,34.545,0.1206,0.0275,0.06,0.0286,0.3412,0.1294,0.228,0.1237,0.1942,0.0774,0.0799,0.0288,0.1323,0.0624,1.5339,0.7506
11007,-118.085,34.545,0.1005,0.0222,0.0531,0.0245,0.3234,0.1209,0.2208,0.1173,0.1677,0.0637,0.0766,0.0272,0.1265,0.0592,1.4694,0.6951
11008,-118.075,34.545,0.0976,0.0218,0.055,0.0257,0.3419,0.1323,0.2404,0.131,0.168,0.0641,0.0835,0.0305,0.1373,0.0664,1.4205,0.6615
11009,-118.065,34.545,0.1171,0.028,0.0589,0.028,0.3608,0.1439,0.2603,0.145,0.2064,0.0845,0.0902,0.0339,0.1483,0.0737,1.4797,0.7507
11010,-118.055,34.545,0.1255,0.0311,0.0631,0.0306,0.345,0.1363,0.2541,0.1405,0.2269,0.0962,0.0862,0.033,0.1438,0.0712,1.491,0.7883
11011,-118.045,34.545,0.1244,0.0313,0.0666,0.0327,0.3428,0.1359,0.2588,0.1442,0.232,0.0993,0.086,0.0339,0.1452,0.0725,1.4643,0.791
11012,-118.035,34.545,0.1251,0.0321,0.0692,0.0344,0.3544,0.1426,0.2743,0.156,0.2393,0.1039,0.0897,0.0367,0.1526,0.0775,1.4345,0.8046
11013,-118.025,34.545,0.1233,0.0321,0.0695,0.0346,0.3498,0.1405,0.2768,0.1587,0.2411,0.1049,0.0901,0.0383,0.1527,0.0779,1.4041,0.7895
11014,-118.015,34.545,0.1212,0.0319,0.0693,0.0345,0.3417,0.1365,0.2763,0.1593,0.2405,0.1043,0.0899,0.0397,0.1512,0.0772,1.3736,0.7732
11015,-118.005,34.545,0.1189,0.0316,0.0689,0.0343,0.3331,0.1321,0.2743,0.1587,0.2389,0.1031,0.0902,0.0412,0.1493,0.0762,1.3429,0.7557
11016,-117.995,34.545,0.1166,0.0313,0.0685,0.0342,0.3246,0.1278,0.2711,0.157,0.2368,0.1017,0.0901,0.0423,0.1475,0.0754,1.3118,0.737
11017,-117.985,34.545,0.1145,0.0311,0.0681,0.034,0.3165,0.1238,0.2667,0.154,0.235,0.1005,0.0897,0.043,0.1459,0.0745,1.2814,0.7164
11018,-117.975,34.545,0.1126,0.0309,0.0679,0.0339,0.3089,0.12,0.2604,0.1491,0.2335,0.0995,0.0887,0.0427,0.1445,0.0739,1.2504,0.6948
11019,-117.965,34.545,0.1108,0.0307,0.0676,0.0338,0.3015,0.1163,0.2537,0.1438,0.2324,0.0988,0.0874,0.0421,0.1431,0.0732,1.22,0.673
11020,-117.955,34.545,0.109,0.0305,0.0673,0.0337,0.2943,0.1128,0.2468,0.138,0.2314,0.0982,0.0854,0.0407,0.1417,0.0726,1.1904,0.6512
11021,-117.945,34.545,0.1073,0.0303,0.067,0.0336,0.2873,0.1094,0.2406,0.1327,0.2304,0.0978,0.0834,0.0392,0.1403,0.0719,1.1614,0.6299
11022,-117.935,34.545,0.1056,0.0301,0.0667,0.0335,0.2805,0.1061,0.2351,0.128,0.2297,0.0975,0.0813,0.0376,0.1389,0.0713,1.1338,0.6103
11023,-117.925,34.545,0.1042,0.03,0.0665,0.0334,0.2744,0.1034,0.2304,0.1239,0.2292,0.0974,0.0794,0.0361,0.1377,0.0707,1.1077,0.5925
11024,-117.915,34.545,0.1031,0.03,0.0662,0.0334,0.2685,0.101,0.2261,0.1202,0.2292,0.0975,0.0777,0.0347,0.1365,0.0702,1.0831,0.5763
11025,-117.905,34.545,0.1022,0.03,0.0661,0.0334,0.2637,0.0992,0.2224,0.1171,0.2294,0.098,0.0763,0.0335,0.1355,0.0698,1.0604,0.5624
11026,-117.895,34.545,0.1016,0.0302,0.0659,0.0334,0.2593,0.0977,0.2188,0.1143,0.2299,0.0986,0.0751,0.0324,0.1346,0.0695,1.039,0.5505
11027,-117.885,34.545,0.1013,0.0304,0.0658,0.0334,0.2554,0.0964,0.2154,0.1116,0.2305,0.0993,0.0741,0.0315,0.1339,0.0693,1.0191,0.5398
11028,-117.875,34.545,0.1011,0.0306,0.0657,0.0334,0.2517,0.0954,0.2121,0.1091,0.2311,0.1001,0.0733,0.0306,0.1331,0.069,1.0004,0.5301
11029,-117.865,34.545,0.1008,0.0308,0.0655,0.0334,0.2481,0.0943,0.2088,0.1067,0.2316,0.1008,0.0726,0.0299,0.1323,0.0688,0.9826,0.521
11030,-117.855,34.545,0.1006,0.0311,0.0652,0.0334,0.2445,0.0933,0.2056,0.1043,0.2319,0.1014,0.0721,0.0292,0.1314,0.0684,0.9656,0.5124
11031,-117.845,34.545,0.1003,0.0312,0.0649,0.0333,0.2409,0.0921,0.2023,0.102,0.2317,0.1017,0.0717,0.0287,0.1304,0.0681,0.949,0.5039
11032,-117.835,34.545,0.0999,0.0314,0.0645,0.0331,0.2371,0.091,0.1991,0.0998,0.2311,0.1017,0.0716,0.0283,0.1294,0.0676,0.9327,0.4952
11033,-117.825,34.545,0.0993,0.0314,0.064,0.0328,0.2331,0.0896,0.196,0.0977,0.2301,0.1015,0.0718,0.0282,0.1282,0.0671,0.9167,0.4863
11034,-117.815,34.545,0.0985,0.0313,0.0635,0.0326,0.2295,0.0884,0.1932,0.0959,0.2285,0.1009,0.0723,0.0282,0.1271,0.0666,0.9012,0.4779
11035,-117.805,34.545,0.0981,0.0314,0.0635,0.0327,0.2273,0.088,0.1921,0.0953,0.2275,0.1008,0.074,0.0289,0.127,0.0668,0.8877,0.4721
11036,-117.795,34.545,0.0981,0.0317,0.0637,0.0329,0.2257,0.0879,0.1915,0.0952,0.2271,0.1009,0.0762,0.0299,0.1271,0.0672,0.8755,0.4682
11037,-117.785,34.545,0.0981,0.0319,0.0639,0.0332,0.2246,0.0881,0.1916,0.0955,0.2265,0.1009,0.0789,0.0313,0.1276,0.0678,0.8642,0.4653
11038,-117.775,34.545,0.098,0.0321,0.0641,0.0335,0.2234,0.0881,0.1915,0.0957,0.2255,0.1006,0.0822,0.0329,0.1279,0.0683,0.8526,0.461
11039,-117.765,34.545,0.0978,0.0323,0.0643,0.0337,0.222,0.0881,0.1913,0.0959,0.224,0.1,0.0855,0.0346,0.1282,0.0688,0.8413,0.4565
11040,-117.755,34.545,0.0975,0.0324,0.0643,0.0338,0.2203,0.0879,0.191,0.0959,0.2222,0.0992,0.089,0.0365,0.1282,0.0692,0.8299,0.4516
11041,-117.745,34.545,0.0971,0.0325,0.0634,0.0333,0.217,0.0867,0.1891,0.095,0.2201,0.0983,0.0917,0.038,0.1273,0.0687,0.8174,0.4446
11042,-117.735,34.545,0.0955,0.0321,0.0616,0.0323,0.212,0.0846,0.1857,0.093,0.2155,0.0958,0.0936,0.0392,0.1252,0.0675,0.8001,0.4306
11043,-117.725,34.545,0.0922,0.0309,0.061,0.032,0.2047,0.0812,0.1801,0.0896,0.2074,0.0911,0.0938,0.0395,0.1216,0.0653,0.7814,0.4151
11044,-117.715,34.545,0.0922,0.0311,0.061,0.0321,0.1992,0.0789,0.1763,0.0873,0.2063,0.0908,0.0946,0.0403,0.1192,0.0639,0.7731,0.4125
11045,-117.705,34.545,0.0948,0.0325,0.0627,0.0333,0.2058,0.0831,0.1832,0.0924,0.2103,0.0937,0.1011,0.0444,0.1244,0.0679,0.7704,0.4169
11046,-117.695,34.545,0.0941,0.0324,0.0634,0.0339,0.2078,0.0849,0.1861,0.0948,0.2076,0.0924,0.1049,0.047,0.1267,0.0698,0.7609,0.4129
11047,-117.685,34.545,0.0933,0.0324,0.0631,0.0338,0.2055,0.0843,0.1849,0.0944,0.2049,0.0912,0.1061,0.0484,0.1261,0.0697,0.7495,0.4055
11048,-117.675,34.545,0.0925,0.0323,0.0627,0.0337,0.2031,0.0836,0.1836,0.0941,0.2022,0.09,0.1069,0.0496,0.1255,0.0696,0.7382,0.3981
11049,-117.665,34.545,0.0917,0.0322,0.0624,0.0336,0.2008,0.0829,0.1822,0.0937,0.1995,0.0887,0.1077,0.0508,0.1249,0.0695,0.7272,0.3908
11050,-117.655,34.545,0.0909,0.032,0.062,0.0335,0.1984,0.0822,0.1808,0.0933,0.1969,0.0875,0.1084,0.0519,0.1243,0.0693,0.7165,0.3836
11051,-118.945,34.555,0.0499,0.0194,0.0472,0.0252,0.1862,0.0747,0.313,0.1441,0.0816,0.0312,0.022,0.0204,0.2725,0.1187,0.2529,0.1015
11052,-118.935,34.555,0.0506,0.0196,0.0473,0.0251,0.1892,0.0759,0.3197,0.1469,0.082,0.0313,0.0222,0.0204,0.2707,0.1179,0.2558,0.1022
11053,-118.925,34.555,0.0512,0.0198,0.0474,0.0251,0.193,0.0775,0.3276,0.1506,0.0824,0.0313,0.0223,0.0205,0.2696,0.1175,0.2592,0.1031
11054,-118.915,34.555,0.0522,0.02,0.0487,0.0259,0.2009,0.0815,0.342,0.1588,0.0832,0.0315,0.0231,0.0212,0.2733,0.1204,0.2689,0.1076
11055,-118.905,34.555,0.0583,0.0229,0.0557,0.0305,0.2284,0.0968,0.3862,0.1887,0.0917,0.0357,0.0264,0.0249,0.2997,0.1388,0.2917,0.121
11056,-118.895,34.555,0.0658,0.0264,0.0592,0.0328,0.245,0.1059,0.4139,0.2066,0.1021,0.0408,0.0282,0.0269,0.3126,0.148,0.312,0.1329
11057,-118.885,34.555,0.0667,0.0267,0.0594,0.0328,0.2507,0.1088,0.4252,0.2126,0.1027,0.0409,0.0286,0.0272,0.3119,0.1481,0.3206,0.1373
11058,-118.875,34.555,0.0675,0.0268,0.0595,0.0328,0.2556,0.1111,0.4352,0.2173,0.103,0.0408,0.0288,0.0272,0.3097,0.147,0.3247,0.1385
11059,-118.865,34.555,0.0683,0.027,0.0597,0.0328,0.2603,0.1132,0.445,0.2218,0.1033,0.0408,0.0289,0.0272,0.3072,0.1457,0.3285,0.1394
11060,-118.855,34.555,0.0691,0.0271,0.0599,0.0328,0.2651,0.1155,0.4552,0.2263,0.1035,0.0407,0.0291,0.0272,0.3045,0.1441,0.3324,0.1405
11061,-118.845,34.555,0.0699,0.0273,0.06,0.0328,0.2678,0.1164,0.4623,0.2282,0.1038,0.0406,0.0289,0.0269,0.2992,0.1409,0.3359,0.1411
11062,-118.835,34.555,0.0707,0.0274,0.0602,0.0328,0.2684,0.1161,0.4662,0.2275,0.104,0.0405,0.0285,0.0263,0.2914,0.1361,0.3357,0.139
11063,-118.825,34.555,0.0675,0.0256,0.0566,0.0303,0.2715,0.1172,0.4738,0.2292,0.0987,0.0376,0.0283,0.026,0.2858,0.1328,0.3298,0.1331
11064,-118.815,34.555,0.0647,0.0241,0.0529,0.0276,0.2734,0.1174,0.4796,0.2293,0.0942,0.0352,0.028,0.0254,0.279,0.1287,0.3245,0.1281
11065,-118.805,34.555,0.0624,0.0228,0.052,0.027,0.2671,0.1121,0.4731,0.2188,0.0903,0.0331,0.0266,0.0237,0.2641,0.1189,0.3206,0.1242
11066,-118.795,34.555,0.0602,0.0216,0.0512,0.0263,0.2647,0.1094,0.4722,0.2129,0.0866,0.0312,0.0256,0.0226,0.2528,0.1119,0.3167,0.1202
11067,-118.785,34.555,0.0602,0.0214,0.0503,0.0257,0.2664,0.1092,0.4767,0.2117,0.0861,0.0308,0.0252,0.022,0.245,0.1075,0.3189,0.12
11068,-118.775,34.555,0.0609,0.0214,0.0501,0.0254,0.2744,0.1125,0.4913,0.2165,0.0864,0.0308,0.0254,0.0221,0.2421,0.1061,0.3228,0.1207
11069,-118.765,34.555,0.0615,0.0215,0.0498,0.0251,0.2818,0.1154,0.5048,0.2207,0.0869,0.0309,0.0255,0.0221,0.2384,0.1043,0.3258,0.121
11070,-118.755,34.555,0.0611,0.0212,0.0486,0.0243,0.2803,0.1135,0.5027,0.2155,0.0862,0.0304,0.0248,0.0211,0.2263,0.0979,0.3252,0.1193
11071,-118.745,34.555,0.0575,0.0194,0.0456,0.0224,0.2799,0.1118,0.5021,0.2102,0.0811,0.028,0.0241,0.0202,0.215,0.0918,0.3098,0.1104
11072,-118.735,34.555,0.052,0.017,0.041,0.0195,0.2805,0.1101,0.503,0.2049,0.0736,0.0247,0.0235,0.0193,0.2046,0.0861,0.297,0.1034
11073,-118.725,34.555,0.0481,0.0153,0.0404,0.0191,0.2722,0.104,0.4868,0.1912,0.0684,0.0224,0.0221,0.0177,0.1881,0.0775,0.2913,0.1
11074,-118.715,34.555,0.0476,0.0149,0.0414,0.0196,0.2787,0.1059,0.4944,0.1914,0.0679,0.0221,0.0221,0.0173,0.1808,0.0742,0.2982,0.1025
11075,-118.705,34.555,0.0533,0.0171,0.0462,0.0225,0.3664,0.1513,0.635,0.2674,0.0765,0.0258,0.0292,0.024,0.2244,0.0998,0.3441,0.1236
11076,-118.695,34.555,0.0658,0.0221,0.0523,0.0262,0.4338,0.1868,0.7385,0.3237,0.0943,0.0338,0.0345,0.0288,0.2518,0.1167,0.3956,0.1506
11077,-118.685,34.555,0.0788,0.0274,0.0598,0.0309,0.4808,0.2124,0.8048,0.3603,0.1132,0.0427,0.0381,0.0317,0.263,0.1249,0.4416,0.1779
11078,-118.675,34.555,0.0826,0.0288,0.0634,0.0331,0.516,0.2291,0.8552,0.3801,0.1196,0.0457,0.0403,0.0329,0.2646,0.1266,0.4765,0.2013
11079,-118.665,34.555,0.0833,0.0288,0.0659,0.0345,0.5463,0.2418,0.9023,0.3951,0.1219,0.0467,0.0421,0.0338,0.264,0.1268,0.4955,0.2127
11080,-118.655,34.555,0.0841,0.0288,0.0662,0.0346,0.5652,0.2441,0.949,0.403,0.1241,0.0478,0.0437,0.0342,0.2616,0.1257,0.5118,0.2218
11081,-118.645,34.555,0.0848,0.0288,0.0668,0.0349,0.5809,0.2435,0.986,0.397,0.1264,0.0488,0.0456,0.0349,0.2599,0.1252,0.5281,0.2312
11082,-118.635,34.555,0.0864,0.0292,0.0677,0.0354,0.5936,0.2399,1.0132,0.3771,0.1296,0.0504,0.0477,0.0356,0.2589,0.1252,0.5448,0.2411
11083,-118.625,34.555,0.0893,0.0301,0.0677,0.0352,0.6007,0.2314,0.9803,0.3376,0.1346,0.0529,0.0488,0.0354,0.2537,0.122,0.5611,0.2508
11084,-118.615,34.555,0.0871,0.0288,0.0668,0.0345,0.6064,0.222,0.9312,0.2956,0.1324,0.0515,0.0497,0.035,0.2472,0.118,0.5668,0.2495
11085,-118.605,34.555,0.0852,0.0276,0.063,0.032,0.6105,0.2124,0.8634,0.2615,0.1303,0.0503,0.0503,0.0342,0.2389,0.113,0.5692,0.2456
11086,-118.595,34.555,0.0823,0.0261,0.06,0.03,0.619,0.2048,0.8026,0.232,0.1265,0.0482,0.0511,0.0335,0.2319,0.1088,0.5696,0.2412
11087,-118.585,34.555,0.0794,0.0246,0.0579,0.0286,0.6321,0.1993,0.7489,0.207,0.1224,0.046,0.0521,0.033,0.226,0.1053,0.5686,0.2377
11088,-118.575,34.555,0.0785,0.0239,0.0572,0.028,0.636,0.1901,0.6916,0.1826,0.121,0.0452,0.052,0.0316,0.2161,0.0992,0.5706,0.2365
11089,-118.565,34.555,0.0762,0.0226,0.0567,0.0276,0.6365,0.1809,0.6372,0.1605,0.1173,0.0432,0.0519,0.0301,0.2059,0.0929,0.5697,0.2329
11090,-118.555,34.555,0.0755,0.022,0.0555,0.0268,0.6293,0.176,0.6004,0.1494,0.1158,0.0423,0.0525,0.0292,0.1983,0.0886,0.5711,0.231
11091,-118.545,34.555,0.0772,0.0222,0.0551,0.0265,0.6269,0.1764,0.5778,0.145,0.1177,0.0431,0.0542,0.029,0.1943,0.0866,0.5794,0.2342
11092,-118.535,34.555,0.0791,0.0225,0.0556,0.0267,0.6295,0.182,0.5696,0.1474,0.1197,0.0439,0.0572,0.0295,0.1941,0.0868,0.5938,0.2416
11093,-118.525,34.555,0.081,0.0228,0.0551,0.0264,0.6331,0.1894,0.5614,0.1511,0.1217,0.0448,0.0604,0.03,0.1936,0.0868,0.6039,0.2462
11094,-118.515,34.555,0.0823,0.0229,0.0545,0.026,0.6293,0.1934,0.5451,0.1518,0.1226,0.0451,0.0626,0.0299,0.19,0.0851,0.6076,0.2468
11095,-118.505,34.555,0.0799,0.0216,0.0546,0.026,0.5883,0.1796,0.4893,0.1366,0.118,0.0429,0.0595,0.0266,0.1717,0.0749,0.6039,0.2427
11096,-118.495,34.555,0.0765,0.0201,0.0531,0.0251,0.5701,0.1759,0.4539,0.1294,0.1121,0.0401,0.059,0.0249,0.161,0.0691,0.5946,0.2346
11097,-118.485,34.555,0.0736,0.0187,0.0501,0.0232,0.5746,0.1822,0.4388,0.1303,0.1072,0.0377,0.0611,0.0247,0.1579,0.0677,0.5839,0.2262
11098,-118.475,34.555,0.0675,0.0164,0.0462,0.021,0.5808,0.189,0.4263,0.1316,0.0976,0.0333,0.0633,0.0247,0.1558,0.0668,0.5721,0.2183
11099,-118.465,34.555,0.067,0.0159,0.0428,0.019,0.5821,0.1934,0.4117,0.1318,0.0961,0.0326,0.0648,0.0245,0.1528,0.0652,0.5624,0.2123
11100,-118.455,34.555,0.068,0.0158,0.0428,0.0189,0.558,0.186,0.3851,0.1257,0.0965,0.0328,0.063,0.0231,0.1443,0.0606,0.5638,0.212
11101,-118.445,34.555,0.0689,0.0157,0.0428,0.0189,0.5415,0.1825,0.3663,0.1227,0.097,0.0329,0.0623,0.0224,0.1391,0.0579,0.5711,0.2147
11102,-118.435,34.555,0.0698,0.0155,0.0427,0.0188,0.5328,0.1829,0.3551,0.1229,0.0974,0.0331,0.0627,0.0224,0.137,0.057,0.5805,0.2185
11103,-118.425,34.555,0.0707,0.0153,0.0426,0.0188,0.5217,0.1817,0.3447,0.1231,0.0978,0.0332,0.0628,0.0224,0.1353,0.0562,0.5915,0.223
11104,-118.415,34.555,0.0715,0.0151,0.0425,0.0187,0.5096,0.1799,0.3346,0.1232,0.0981,0.0334,0.0627,0.0225,0.1336,0.0555,0.6037,0.228
11105,-118.405,34.555,0.0723,0.0149,0.0424,0.0186,0.4954,0.1767,0.3249,0.1231,0.0984,0.0335,0.0625,0.0226,0.1321,0.0548,0.6162,0.2332
11106,-118.395,34.555,0.073,0.0147,0.0422,0.0185,0.4803,0.1726,0.3151,0.1228,0.0988,0.0336,0.0622,0.0227,0.1305,0.0542,0.6291,0.2385
11107,-118.385,34.555,0.0738,0.0144,0.0421,0.0184,0.4641,0.1677,0.3051,0.1222,0.0993,0.0338,0.0619,0.0228,0.1289,0.0535,0.6425,0.244
11108,-118.375,34.555,0.0745,0.0141,0.0419,0.0183,0.4484,0.1624,0.2949,0.1213,0.0998,0.034,0.0616,0.0229,0.1273,0.0528,0.6564,0.2498
11109,-118.365,34.555,0.0751,0.0139,0.0417,0.0181,0.4329,0.157,0.2846,0.1204,0.1001,0.0342,0.0613,0.023,0.1256,0.0521,0.6692,0.255
11110,-118.355,34.555,0.0758,0.0136,0.0414,0.018,0.4183,0.1516,0.2742,0.1192,0.1005,0.0343,0.061,0.0231,0.1239,0.0514,0.6825,0.2603
11111,-118.345,34.555,0.0764,0.0133,0.0411,0.0178,0.4042,0.1462,0.2639,0.118,0.1007,0.0343,0.0607,0.0232,0.1222,0.0507,0.696,0.2657
11112,-118.335,34.555,0.077,0.013,0.0408,0.0177,0.3907,0.1408,0.2536,0.1167,0.1007,0.0344,0.0604,0.0232,0.1205,0.0499,0.71,0.2712
11113,-118.325,34.555,0.0776,0.0128,0.0406,0.0175,0.3782,0.1357,0.2435,0.1154,0.1008,0.0343,0.0601,0.0232,0.1188,0.0492,0.7252,0.2772
11114,-118.315,34.555,0.0791,0.0128,0.0407,0.0176,0.3662,0.1307,0.2336,0.1143,0.1018,0.0348,0.0597,0.0233,0.1172,0.0485,0.7554,0.2907
11115,-118.305,34.555,0.0816,0.0129,0.0424,0.0186,0.3563,0.1266,0.2246,0.1136,0.104,0.0357,0.0594,0.0234,0.116,0.048,0.7834,0.3031
11116,-118.295,34.555,0.0824,0.0128,0.0432,0.019,0.3466,0.1225,0.2157,0.1129,0.104,0.0357,0.0591,0.0234,0.1147,0.0475,0.8037,0.3114
11117,-118.285,34.555,0.0812,0.0123,0.0432,0.019,0.3372,0.1186,0.2068,0.1122,0.1015,0.0346,0.0586,0.0234,0.1134,0.047,0.8165,0.3157
11118,-118.275,34.555,0.0805,0.012,0.0425,0.0186,0.3394,0.1198,0.2051,0.1162,0.0996,0.0337,0.0601,0.0244,0.1159,0.0485,0.8306,0.3204
11119,-118.265,34.555,0.0839,0.0125,0.0415,0.0181,0.3393,0.12,0.2021,0.119,0.1029,0.0351,0.0612,0.0251,0.1175,0.0496,0.8418,0.3237
11120,-118.255,34.555,0.0814,0.0119,0.0398,0.0172,0.3163,0.11,0.1855,0.1111,0.0992,0.0335,0.0579,0.0237,0.1111,0.0464,0.8523,0.3269
11121,-118.245,34.555,0.0815,0.012,0.0389,0.0167,0.301,0.1034,0.1741,0.1059,0.099,0.0334,0.0561,0.023,0.1072,0.0445,0.8682,0.333
11122,-118.235,34.555,0.0815,0.012,0.0388,0.0166,0.2933,0.1002,0.1678,0.1036,0.0989,0.0334,0.0556,0.0229,0.1058,0.044,0.8921,0.3434
11123,-118.225,34.555,0.0813,0.0121,0.0386,0.0165,0.2868,0.0976,0.1629,0.1008,0.0993,0.0335,0.0554,0.0229,0.1047,0.0436,0.9213,0.3565
11124,-118.215,34.555,0.081,0.0123,0.0384,0.0164,0.2825,0.096,0.1596,0.0988,0.1004,0.0339,0.0557,0.0231,0.1045,0.0436,0.9576,0.3734
11125,-118.205,34.555,0.0802,0.0124,0.0381,0.0163,0.288,0.0989,0.1624,0.1009,0.1011,0.0341,0.0581,0.0244,0.1079,0.0457,1.0034,0.3951
11126,-118.195,34.555,0.0794,0.0125,0.0385,0.0165,0.3022,0.1064,0.1711,0.1072,0.1018,0.0343,0.0627,0.0268,0.1147,0.0498,1.0436,0.4148
11127,-118.185,34.555,0.0848,0.014,0.0397,0.0171,0.3251,0.1184,0.1857,0.118,0.1108,0.0381,0.0695,0.0303,0.125,0.0559,1.1298,0.4601
11128,-118.175,34.555,0.0935,0.0162,0.0451,0.0201,0.3153,0.115,0.1817,0.1132,0.1239,0.0438,0.0688,0.0295,0.1219,0.0545,1.2355,0.5189
11129,-118.165,34.555,0.1018,0.0186,0.0511,0.0236,0.3076,0.1124,0.1793,0.1092,0.1371,0.0499,0.0685,0.0287,0.1194,0.0535,1.3428,0.585
11130,-118.155,34.555,0.1193,0.0234,0.056,0.0265,0.3432,0.1292,0.203,0.1241,0.163,0.0622,0.078,0.0324,0.1334,0.0614,1.4663,0.6869
11131,-118.145,34.555,0.1283,0.0264,0.0569,0.027,0.3717,0.1445,0.2241,0.1377,0.1783,0.07,0.0856,0.035,0.1458,0.0689,1.5186,0.7328
11132,-118.135,34.555,0.1218,0.0253,0.0537,0.025,0.3932,0.1585,0.2424,0.15,0.1734,0.0673,0.0915,0.0365,0.1564,0.0759,1.5212,0.7337
11133,-118.125,34.555,0.1123,0.0234,0.0549,0.0257,0.3891,0.1574,0.2448,0.148,0.1643,0.0627,0.0892,0.0344,0.1558,0.0758,1.4974,0.7106
11134,-118.115,34.555,0.1164,0.0251,0.0568,0.0268,0.378,0.1521,0.2425,0.1422,0.1744,0.0677,0.0852,0.0316,0.152,0.0737,1.5102,0.734
11135,-118.105,34.555,0.1144,0.025,0.0581,0.0276,0.3576,0.1413,0.2338,0.1324,0.1763,0.0686,0.0809,0.0294,0.1444,0.0692,1.4985,0.7366
11136,-118.095,34.555,0.1158,0.026,0.0591,0.0283,0.3381,0.1314,0.2256,0.1238,0.1837,0.0725,0.0771,0.0277,0.1374,0.0652,1.4777,0.7307
11137,-118.085,34.555,0.1127,0.0256,0.06,0.0288,0.3195,0.1223,0.2177,0.1165,0.1842,0.0729,0.0738,0.0266,0.1311,0.0618,1.4556,0.7262
11138,-118.075,34.555,0.1212,0.0286,0.0626,0.0305,0.3428,0.1361,0.2407,0.1324,0.2032,0.0834,0.082,0.031,0.1439,0.0702,1.4437,0.739
11139,-118.065,34.555,0.1274,0.0311,0.0654,0.0322,0.3684,0.1511,0.2654,0.1496,0.2193,0.0927,0.0906,0.0357,0.1577,0.0793,1.4351,0.7717
11140,-118.055,34.555,0.1266,0.0314,0.0668,0.0331,0.3633,0.1487,0.2673,0.1504,0.2244,0.0957,0.0896,0.0364,0.1575,0.0796,1.4143,0.7786
11141,-118.045,34.555,0.1257,0.0316,0.0681,0.0339,0.3581,0.1462,0.2689,0.1514,0.2291,0.0987,0.0888,0.0371,0.1573,0.0798,1.3851,0.7691
11142,-118.035,34.555,0.1246,0.0318,0.0691,0.0346,0.3527,0.1438,0.2703,0.1525,0.2329,0.101,0.0882,0.038,0.157,0.08,1.3553,0.7618
11143,-118.025,34.555,0.1229,0.0318,0.0691,0.0346,0.3454,0.14,0.2696,0.1525,0.2349,0.1022,0.0884,0.0391,0.1557,0.0794,1.326,0.746
11144,-118.015,34.555,0.1206,0.0316,0.0688,0.0345,0.3375,0.136,0.2682,0.152,0.2347,0.1019,0.0887,0.0402,0.154,0.0786,1.2967,0.7281
11145,-118.005,34.555,0.1182,0.0313,0.0684,0.0343,0.3291,0.1316,0.2653,0.1503,0.2336,0.1011,0.089,0.0411,0.152,0.0776,1.2676,0.7093
11146,-117.995,34.555,0.116,0.031,0.0679,0.0341,0.321,0.1275,0.2615,0.1479,0.2323,0.1002,0.089,0.0418,0.1502,0.0767,1.2388,0.6905
11147,-117.985,34.555,0.1139,0.0308,0.0675,0.0339,0.3132,0.1235,0.257,0.1447,0.2309,0.0993,0.0886,0.042,0.1485,0.0758,1.2102,0.6717
11148,-117.975,34.555,0.1119,0.0306,0.0672,0.0338,0.3059,0.1198,0.2511,0.1402,0.2298,0.0986,0.0876,0.0416,0.1469,0.0751,1.1818,0.6524
11149,-117.965,34.555,0.1101,0.0304,0.0669,0.0336,0.2987,0.1163,0.2449,0.1354,0.2288,0.098,0.0865,0.0409,0.1455,0.0744,1.1543,0.6334
11150,-117.955,34.555,0.1085,0.0303,0.0667,0.0335,0.292,0.113,0.2386,0.1303,0.228,0.0975,0.0848,0.0398,0.1441,0.0737,1.1277,0.6147
11151,-117.945,34.555,0.1069,0.0302,0.0664,0.0334,0.2855,0.1099,0.2332,0.1259,0.2273,0.0972,0.0831,0.0385,0.1427,0.0731,1.1017,0.5966
11152,-117.935,34.555,0.1054,0.0301,0.0661,0.0333,0.2792,0.1069,0.2288,0.1222,0.2269,0.0971,0.0812,0.037,0.1414,0.0725,1.0775,0.58
11153,-117.925,34.555,0.1041,0.03,0.0658,0.0333,0.2734,0.1044,0.225,0.1191,0.2266,0.0971,0.0795,0.0357,0.1401,0.072,1.0543,0.5647
11154,-117.915,34.555,0.1031,0.03,0.0656,0.0332,0.2679,0.1021,0.2214,0.1162,0.2267,0.0974,0.0778,0.0343,0.139,0.0715,1.0321,0.5508
11155,-117.905,34.555,0.1023,0.0301,0.0654,0.0332,0.2631,0.1002,0.2181,0.1137,0.227,0.0978,0.0764,0.0331,0.1379,0.0711,1.012,0.5387
11156,-117.895,34.555,0.1016,0.0302,0.0652,0.0332,0.2587,0.0986,0.2148,0.1113,0.2275,0.0984,0.0751,0.032,0.137,0.0707,0.9931,0.5282
11157,-117.885,34.555,0.1012,0.0304,0.0651,0.0332,0.2546,0.0972,0.2116,0.109,0.2282,0.0992,0.0739,0.0309,0.1361,0.0704,0.9753,0.5189
11158,-117.875,34.555,0.1009,0.0306,0.0649,0.0332,0.2508,0.096,0.2085,0.1067,0.2289,0.1,0.0729,0.03,0.1352,0.0701,0.9586,0.5106
11159,-117.865,34.555,0.1006,0.0308,0.0647,0.0331,0.2471,0.0948,0.2054,0.1045,0.2296,0.1009,0.072,0.0291,0.1344,0.0698,0.9428,0.503
11160,-117.855,34.555,0.1004,0.0311,0.0645,0.0331,0.2435,0.0937,0.2023,0.1023,0.2301,0.1017,0.0713,0.0284,0.1335,0.0695,0.928,0.4962
11161,-117.845,34.555,0.1002,0.0313,0.0642,0.033,0.2399,0.0925,0.1993,0.1002,0.2305,0.1023,0.0709,0.0278,0.1325,0.0691,0.9137,0.4897
11162,-117.835,34.555,0.1,0.0316,0.0639,0.0329,0.2364,0.0914,0.1963,0.0981,0.2304,0.1027,0.0706,0.0273,0.1316,0.0687,0.8996,0.483
11163,-117.825,34.555,0.0997,0.0318,0.0632,0.0325,0.2328,0.0903,0.1936,0.0963,0.2301,0.1029,0.0708,0.0271,0.1306,0.0683,0.8857,0.4761
11164,-117.815,34.555,0.0985,0.0315,0.0627,0.0323,0.2294,0.0892,0.1912,0.0949,0.2279,0.102,0.0713,0.0271,0.1297,0.068,0.872,0.469
11165,-117.805,34.555,0.0984,0.0318,0.063,0.0326,0.2273,0.0888,0.1903,0.0945,0.2282,0.1026,0.073,0.0278,0.1295,0.0682,0.8597,0.4639
11166,-117.795,34.555,0.0979,0.0318,0.0632,0.0328,0.2254,0.0885,0.1896,0.0943,0.227,0.1022,0.0753,0.0289,0.1295,0.0684,0.848,0.4595
11167,-117.785,34.555,0.0976,0.0319,0.0633,0.033,0.2237,0.0883,0.1892,0.0944,0.2256,0.1016,0.0781,0.0302,0.1296,0.0688,0.8364,0.4546
11168,-117.775,34.555,0.0972,0.032,0.0634,0.0331,0.2221,0.0882,0.189,0.0945,0.224,0.1008,0.0815,0.0319,0.1297,0.0691,0.8249,0.4492
11169,-117.765,34.555,0.0969,0.0321,0.0634,0.0333,0.2205,0.088,0.1887,0.0946,0.222,0.0999,0.0851,0.0337,0.1297,0.0695,0.8138,0.4441
11170,-117.755,34.555,0.0964,0.0321,0.0635,0.0334,0.2187,0.0877,0.1884,0.0947,0.2198,0.0988,0.089,0.0358,0.1297,0.0698,0.8029,0.4389
11171,-117.745,34.555,0.096,0.0322,0.0599,0.0312,0.2154,0.0865,0.1865,0.0937,0.2175,0.0976,0.0923,0.0375,0.1286,0.0693,0.784,0.4243
11172,-117.735,34.555,0.0837,0.0273,0.0527,0.0266,0.2104,0.0844,0.1831,0.0918,0.1905,0.0819,0.0947,0.0388,0.1265,0.0681,0.7283,0.3686
11173,-117.725,34.555,0.0653,0.0202,0.0508,0.0255,0.203,0.0809,0.1776,0.0884,0.149,0.0601,0.0953,0.0393,0.1228,0.0657,0.682,0.3324
11174,-117.715,34.555,0.0796,0.026,0.0514,0.026,0.1976,0.0786,0.1739,0.0863,0.1796,0.0761,0.0964,0.0402,0.1204,0.0643,0.697,0.3518
11175,-117.705,34.555,0.0936,0.0322,0.0589,0.031,0.2042,0.0829,0.1809,0.0914,0.2074,0.0927,0.1027,0.0442,0.1255,0.0683,0.7406,0.3966
11176,-117.695,34.555,0.0929,0.0321,0.0625,0.0335,0.2063,0.0847,0.1839,0.0939,0.2047,0.0914,0.1062,0.0468,0.1279,0.0703,0.737,0.4002
11177,-117.685,34.555,0.0921,0.032,0.0622,0.0334,0.2041,0.0841,0.1828,0.0936,0.2021,0.0902,0.1071,0.048,0.1273,0.0702,0.7263,0.3931
11178,-117.675,34.555,0.0914,0.0319,0.0619,0.0333,0.2018,0.0835,0.1816,0.0933,0.1994,0.089,0.1078,0.0492,0.1267,0.07,0.7154,0.3857
11179,-117.665,34.555,0.0906,0.0318,0.0616,0.0332,0.1995,0.0828,0.1803,0.093,0.1968,0.0878,0.1084,0.0503,0.1261,0.0699,0.7048,0.3785
11180,-117.655,34.555,0.0898,0.0317,0.0612,0.0331,0.1972,0.0821,0.179,0.0926,0.1942,0.0866,0.1091,0.0515,0.1254,0.0697,0.6946,0.3716
11181,-118.945,34.565,0.0494,0.0193,0.0469,0.0251,0.1851,0.0739,0.3091,0.1426,0.0808,0.031,0.0222,0.0203,0.2793,0.1217,0.2571,0.1035
11182,-118.935,34.565,0.0499,0.0193,0.0468,0.0249,0.1875,0.0747,0.3146,0.1447,0.0809,0.0309,0.0222,0.0202,0.2766,0.1203,0.2603,0.1043
11183,-118.925,34.565,0.0505,0.0195,0.0482,0.0258,0.1918,0.0765,0.323,0.1488,0.0813,0.031,0.0225,0.0204,0.276,0.1203,0.2679,0.1077
11184,-118.915,34.565,0.0536,0.0208,0.0505,0.0272,0.2003,0.0807,0.338,0.1575,0.0853,0.0328,0.0233,0.0212,0.2804,0.1237,0.2831,0.1158
11185,-118.905,34.565,0.0629,0.0253,0.0557,0.0307,0.2277,0.096,0.3816,0.1871,0.0986,0.0394,0.0266,0.0249,0.3073,0.1426,0.3025,0.1272
11186,-118.895,34.565,0.065,0.0261,0.0581,0.0322,0.2439,0.1047,0.4082,0.2044,0.1008,0.0404,0.0284,0.0268,0.3198,0.1517,0.3168,0.1353
11187,-118.885,34.565,0.0658,0.0263,0.0577,0.0318,0.2487,0.1069,0.418,0.2092,0.1012,0.0404,0.0286,0.0268,0.318,0.151,0.3208,0.1365
11188,-118.875,34.565,0.0666,0.0265,0.0564,0.0308,0.2528,0.1087,0.4267,0.2129,0.1015,0.0403,0.0286,0.0268,0.3149,0.1492,0.3204,0.1344
11189,-118.865,34.565,0.0667,0.0262,0.0552,0.0299,0.2567,0.1102,0.4351,0.2163,0.1007,0.0397,0.0286,0.0267,0.3114,0.1471,0.3206,0.1328
11190,-118.855,34.565,0.0667,0.026,0.0549,0.0296,0.2601,0.1115,0.443,0.2189,0.0999,0.0391,0.0286,0.0264,0.3071,0.1445,0.3223,0.1322
11191,-118.845,34.565,0.0673,0.0261,0.0548,0.0294,0.2568,0.1087,0.4405,0.2136,0.0998,0.0388,0.0276,0.0252,0.2954,0.1368,0.3242,0.1318
11192,-118.835,34.565,0.0625,0.0236,0.0549,0.0294,0.2466,0.1018,0.4276,0.2002,0.0924,0.0349,0.0258,0.0231,0.2762,0.1241,0.3202,0.1278
11193,-118.825,34.565,0.0583,0.0214,0.0522,0.0275,0.2452,0.1002,0.4276,0.1968,0.0857,0.0315,0.0251,0.0222,0.2662,0.1181,0.3151,0.1229
11194,-118.815,34.565,0.058,0.021,0.0495,0.0256,0.2464,0.1001,0.4315,0.1962,0.0845,0.0307,0.0246,0.0217,0.2588,0.114,0.3127,0.1198
11195,-118.805,34.565,0.0582,0.0209,0.0489,0.0251,0.2513,0.1017,0.4414,0.1988,0.084,0.0303,0.0246,0.0215,0.2549,0.1119,0.3133,0.1186
11196,-118.795,34.565,0.0588,0.021,0.0487,0.0249,0.2572,0.104,0.4527,0.2022,0.0842,0.0303,0.0246,0.0215,0.2515,0.1102,0.3155,0.1184
11197,-118.785,34.565,0.0595,0.0211,0.0489,0.0249,0.2642,0.1068,0.4653,0.2066,0.0844,0.0302,0.0247,0.0216,0.2486,0.1088,0.3204,0.1197
11198,-118.775,34.565,0.0601,0.0212,0.0489,0.0248,0.2731,0.1104,0.4808,0.2121,0.0847,0.0302,0.0249,0.0217,0.2465,0.1079,0.3236,0.1201
11199,-118.765,34.565,0.0604,0.0211,0.0481,0.0242,0.2763,0.111,0.4864,0.2118,0.0846,0.03,0.0245,0.0213,0.2392,0.1042,0.3201,0.117
11200,-118.755,34.565,0.0552,0.0187,0.0445,0.0219,0.2495,0.0961,0.4414,0.182,0.0771,0.0266,0.0214,0.0179,0.2067,0.0864,0.3042,0.1077
11201,-118.745,34.565,0.0474,0.0153,0.041,0.0197,0.2391,0.0894,0.4234,0.1675,0.0663,0.0218,0.0198,0.0162,0.1879,0.0763,0.2865,0.0983
11202,-118.735,34.565,0.0461,0.0147,0.0375,0.0176,0.2449,0.0909,0.4324,0.1683,0.0644,0.021,0.0198,0.0159,0.1829,0.0739,0.2801,0.0945
11203,-118.725,34.565,0.0464,0.0146,0.0388,0.0182,0.2533,0.0934,0.4451,0.1703,0.0648,0.0211,0.02,0.0159,0.1789,0.072,0.2869,0.0968
11204,-118.715,34.565,0.0473,0.0148,0.0417,0.02,0.2788,0.1054,0.4843,0.1886,0.0664,0.0216,0.0217,0.0173,0.1854,0.0765,0.3101,0.1067
11205,-118.705,34.565,0.0594,0.0197,0.0484,0.0241,0.3855,0.1629,0.6494,0.2845,0.0833,0.0292,0.0307,0.0261,0.2426,0.1114,0.3744,0.1389
11206,-118.695,34.565,0.0783,0.0275,0.0555,0.0284,0.4537,0.1986,0.7527,0.3406,0.1095,0.0412,0.0361,0.0309,0.2714,0.1292,0.4276,0.1697
11207,-118.685,34.565,0.0812,0.0285,0.063,0.0331,0.4833,0.2126,0.7944,0.357,0.1144,0.0435,0.0379,0.0319,0.2716,0.13,0.4661,0.1935
11208,-118.675,34.565,0.082,0.0286,0.0646,0.034,0.5131,0.2256,0.838,0.371,0.1167,0.0446,0.0396,0.0325,0.2699,0.1294,0.4899,0.2085
11209,-118.665,34.565,0.0828,0.0286,0.065,0.0342,0.5408,0.2364,0.8832,0.3847,0.1189,0.0456,0.0413,0.0331,0.2677,0.1285,0.5061,0.2173
11210,-118.655,34.565,0.0836,0.0287,0.0655,0.0344,0.5583,0.2379,0.9342,0.3987,0.1211,0.0466,0.043,0.0335,0.2652,0.1274,0.5232,0.2269
11211,-118.645,34.565,0.0844,0.0287,0.0662,0.0347,0.5748,0.2381,0.9782,0.3981,0.1234,0.0477,0.0453,0.0345,0.2649,0.1279,0.5412,0.2376
11212,-118.635,34.565,0.0876,0.0298,0.0671,0.0352,0.5904,0.2369,1.0151,0.3829,0.1288,0.0504,0.0481,0.0359,0.2668,0.13,0.5583,0.2474
11213,-118.625,34.565,0.0862,0.0288,0.0646,0.0335,0.5867,0.2211,0.9637,0.326,0.128,0.0498,0.0481,0.0345,0.2563,0.123,0.5695,0.2508
11214,-118.615,34.565,0.0812,0.0264,0.0614,0.0313,0.5768,0.2017,0.889,0.2633,0.1216,0.0464,0.0473,0.0324,0.2421,0.1136,0.5614,0.2381
11215,-118.605,34.565,0.0733,0.0229,0.0582,0.0291,0.5559,0.1793,0.7889,0.214,0.111,0.041,0.0452,0.0295,0.2226,0.1014,0.558,0.2301
11216,-118.595,34.565,0.0727,0.0223,0.0557,0.0274,0.554,0.1666,0.7142,0.1793,0.1104,0.0405,0.0449,0.028,0.2111,0.0944,0.5601,0.2276
11217,-118.585,34.565,0.0724,0.0219,0.0539,0.0263,0.5711,0.1637,0.6649,0.159,0.1101,0.0402,0.0465,0.028,0.2076,0.0927,0.5646,0.2279
11218,-118.575,34.565,0.0726,0.0216,0.0533,0.0258,0.5901,0.1612,0.6167,0.1417,0.1102,0.0402,0.0478,0.0277,0.2029,0.0902,0.57,0.2292
11219,-118.565,34.565,0.0729,0.0214,0.0531,0.0256,0.6068,0.1594,0.5735,0.1271,0.1103,0.0401,0.0493,0.0275,0.1985,0.0878,0.5756,0.2306
11220,-118.555,34.565,0.0738,0.0214,0.0534,0.0257,0.6107,0.1607,0.5527,0.123,0.1114,0.0405,0.0515,0.0277,0.1962,0.0868,0.5853,0.2347
11221,-118.545,34.565,0.0761,0.0219,0.0539,0.026,0.6115,0.1645,0.541,0.1234,0.1141,0.0417,0.0544,0.0281,0.1952,0.0866,0.6017,0.2431
11222,-118.535,34.565,0.0782,0.0223,0.0547,0.0264,0.609,0.1707,0.5386,0.1283,0.1164,0.0428,0.0578,0.0288,0.1957,0.0872,0.6192,0.2524
11223,-118.525,34.565,0.0802,0.0226,0.0553,0.0267,0.6093,0.1783,0.5336,0.1338,0.1186,0.0437,0.0614,0.0293,0.1957,0.0875,0.6362,0.2613
11224,-118.515,34.565,0.0822,0.0229,0.0559,0.027,0.6104,0.1861,0.5266,0.139,0.1205,0.0445,0.065,0.0298,0.195,0.0875,0.6506,0.2685
11225,-118.505,34.565,0.0841,0.0232,0.0564,0.0273,0.6136,0.1937,0.5124,0.1418,0.1222,0.0452,0.0681,0.0297,0.192,0.0861,0.6612,0.273
11226,-118.495,34.565,0.0854,0.0232,0.0556,0.0267,0.6197,0.2027,0.5004,0.1455,0.123,0.0455,0.0716,0.0298,0.1899,0.0852,0.6669,0.2743
11227,-118.485,34.565,0.0858,0.0228,0.0535,0.0254,0.6287,0.213,0.4906,0.15,0.1225,0.0452,0.0755,0.0301,0.1889,0.0849,0.6694,0.2739
11228,-118.475,34.565,0.0847,0.022,0.0506,0.0237,0.6324,0.2203,0.4773,0.1523,0.1199,0.044,0.0785,0.03,0.1862,0.0836,0.6684,0.2715
11229,-118.465,34.565,0.0826,0.0209,0.0481,0.0223,0.6227,0.2209,0.4554,0.1504,0.116,0.0421,0.0794,0.0291,0.1799,0.0801,0.6632,0.2662
11230,-118.455,34.565,0.0737,0.0176,0.0481,0.0222,0.5536,0.1916,0.3956,0.1297,0.1031,0.036,0.0711,0.0248,0.157,0.0672,0.652,0.256
11231,-118.445,34.565,0.0702,0.0162,0.0476,0.0219,0.5123,0.1761,0.3587,0.119,0.0975,0.0334,0.0668,0.0225,0.1437,0.06,0.6516,0.2532
11232,-118.435,34.565,0.0701,0.0158,0.0465,0.0212,0.499,0.1745,0.3449,0.1182,0.0965,0.033,0.0664,0.0222,0.1403,0.0583,0.6526,0.2519
11233,-118.425,34.565,0.0701,0.0153,0.0457,0.0207,0.4863,0.1725,0.3334,0.118,0.0957,0.0326,0.0657,0.0221,0.1377,0.0572,0.6564,0.2524
11234,-118.415,34.565,0.0709,0.0151,0.0448,0.0201,0.4738,0.1703,0.3228,0.1179,0.096,0.0328,0.0651,0.0221,0.1354,0.0561,0.6671,0.2566
11235,-118.405,34.565,0.0717,0.0149,0.0433,0.0193,0.4616,0.1676,0.3138,0.1181,0.0963,0.0329,0.0645,0.0223,0.1339,0.0555,0.6703,0.2569
11236,-118.395,34.565,0.0725,0.0147,0.0427,0.0189,0.4484,0.1641,0.3045,0.1179,0.0967,0.0331,0.064,0.0224,0.1324,0.0549,0.6782,0.2596
11237,-118.385,34.565,0.0732,0.0145,0.043,0.0191,0.4342,0.1598,0.295,0.1176,0.0972,0.0332,0.0635,0.0226,0.1307,0.0542,0.6919,0.2652
11238,-118.375,34.565,0.0739,0.0142,0.0421,0.0185,0.4201,0.1549,0.2852,0.1168,0.0976,0.0334,0.063,0.0227,0.129,0.0535,0.7108,0.2734
11239,-118.365,34.565,0.0746,0.0139,0.041,0.0179,0.4062,0.1499,0.2752,0.116,0.098,0.0335,0.0625,0.0229,0.1273,0.0527,0.7156,0.2744
11240,-118.355,34.565,0.0752,0.0136,0.0408,0.0178,0.393,0.1449,0.265,0.1148,0.0982,0.0336,0.0621,0.023,0.1255,0.052,0.7277,0.279
11241,-118.345,34.565,0.0758,0.0134,0.0405,0.0176,0.3802,0.1398,0.2547,0.1136,0.0984,0.0337,0.0617,0.0232,0.1237,0.0512,0.7427,0.285
11242,-118.335,34.565,0.0764,0.0131,0.0402,0.0175,0.3679,0.1347,0.2445,0.1124,0.0984,0.0337,0.0614,0.0233,0.122,0.0504,0.7577,0.2909
11243,-118.325,34.565,0.077,0.0128,0.0399,0.0173,0.3564,0.1298,0.2344,0.1113,0.0983,0.0336,0.0609,0.0234,0.1202,0.0497,0.7732,0.2969
11244,-118.315,34.565,0.0776,0.0126,0.0397,0.0172,0.3453,0.125,0.2243,0.1103,0.0981,0.0335,0.0604,0.0235,0.1184,0.0489,0.7916,0.3042
11245,-118.305,34.565,0.0783,0.0123,0.0394,0.017,0.3353,0.1207,0.2147,0.1095,0.0978,0.0333,0.0598,0.0235,0.1168,0.0482,0.8093,0.3111
11246,-118.295,34.565,0.0789,0.0121,0.0392,0.0169,0.3259,0.1166,0.2053,0.1089,0.0974,0.0331,0.0591,0.0235,0.1153,0.0476,0.8255,0.317
11247,-118.285,34.565,0.0796,0.0119,0.039,0.0168,0.317,0.1127,0.1962,0.1086,0.097,0.0329,0.0584,0.0236,0.1139,0.047,0.8412,0.3224
11248,-118.275,34.565,0.0803,0.0117,0.0388,0.0167,0.3106,0.11,0.1886,0.109,0.0966,0.0327,0.0579,0.0237,0.1131,0.0468,0.8606,0.3297
11249,-118.265,34.565,0.0809,0.0116,0.0387,0.0166,0.3041,0.1072,0.1809,0.1091,0.0963,0.0325,0.0573,0.0238,0.1123,0.0465,0.8799,0.3368
11250,-118.255,34.565,0.0813,0.0115,0.0386,0.0166,0.2948,0.1032,0.1718,0.1073,0.096,0.0324,0.0561,0.0235,0.1103,0.0457,0.8992,0.3441
11251,-118.245,34.565,0.0816,0.0115,0.0384,0.0165,0.2868,0.0997,0.1641,0.1052,0.0959,0.0323,0.0551,0.0233,0.1086,0.045,0.9202,0.3525
11252,-118.235,34.565,0.0816,0.0116,0.0383,0.0164,0.2801,0.0969,0.1578,0.103,0.0959,0.0323,0.0544,0.0232,0.1073,0.0445,0.9449,0.3633
11253,-118.225,34.565,0.0813,0.0117,0.0381,0.0164,0.276,0.0953,0.1539,0.1007,0.0966,0.0326,0.0542,0.0234,0.1068,0.0444,0.982,0.3804
11254,-118.215,34.565,0.0895,0.0135,0.0388,0.0168,0.2781,0.0965,0.1539,0.101,0.108,0.0377,0.0555,0.0242,0.1089,0.0457,1.0536,0.4167
11255,-118.205,34.565,0.1103,0.018,0.0433,0.0194,0.3081,0.1106,0.1703,0.1138,0.1348,0.0499,0.0628,0.0283,0.1221,0.053,1.1833,0.4857
11256,-118.195,34.565,0.1112,0.0188,0.0465,0.0212,0.3429,0.129,0.1916,0.131,0.1386,0.0516,0.0721,0.0335,0.1382,0.0626,1.3025,0.5782
11257,-118.185,34.565,0.1214,0.0215,0.0483,0.0222,0.3825,0.1518,0.2176,0.1524,0.1534,0.0587,0.0835,0.0399,0.1571,0.0744,1.3935,0.6398
11258,-118.175,34.565,0.1317,0.0246,0.051,0.0236,0.3845,0.1539,0.2217,0.1528,0.1683,0.0662,0.0857,0.0402,0.1587,0.0758,1.4451,0.6664
11259,-118.165,34.565,0.126,0.0239,0.0534,0.0249,0.378,0.1513,0.2206,0.1484,0.1643,0.0634,0.0857,0.0389,0.1564,0.0746,1.4525,0.6593
11260,-118.155,34.565,0.1235,0.024,0.0536,0.0252,0.368,0.1457,0.2169,0.1414,0.1638,0.0629,0.0841,0.036,0.1517,0.0718,1.4409,0.6549
11261,-118.145,34.565,0.1216,0.0242,0.0549,0.026,0.3683,0.1466,0.2205,0.1408,0.1646,0.0631,0.0843,0.0341,0.1521,0.0723,1.4715,0.6907
11262,-118.135,34.565,0.1234,0.0254,0.0571,0.0272,0.3787,0.1541,0.2313,0.1467,0.1707,0.0662,0.0864,0.0331,0.1576,0.0761,1.4916,0.7221
11263,-118.125,34.565,0.1225,0.0259,0.0577,0.0276,0.3785,0.1553,0.2365,0.1459,0.1738,0.0679,0.0837,0.0308,0.1583,0.0769,1.485,0.7343
11264,-118.115,34.565,0.1242,0.0271,0.0581,0.0278,0.3752,0.1546,0.2398,0.1436,0.1813,0.0718,0.0806,0.0285,0.1576,0.0768,1.4714,0.7378
11265,-118.105,34.565,0.1235,0.0275,0.0591,0.0285,0.3672,0.1506,0.24,0.1396,0.1858,0.0742,0.0799,0.0284,0.1551,0.0756,1.45,0.7325
11266,-118.095,34.565,0.1223,0.0277,0.0608,0.0295,0.3616,0.148,0.2419,0.1379,0.1898,0.0764,0.0803,0.0291,0.1541,0.0753,1.4281,0.7296
11267,-118.085,34.565,0.1246,0.0289,0.0633,0.031,0.3583,0.1469,0.2454,0.1383,0.1991,0.0817,0.0818,0.0308,0.1546,0.0761,1.4079,0.7321
11268,-118.075,34.565,0.1268,0.0301,0.0653,0.0323,0.3595,0.1481,0.252,0.1415,0.2084,0.0872,0.0837,0.0329,0.1572,0.0782,1.3912,0.7422
11269,-118.065,34.565,0.1262,0.0305,0.067,0.0334,0.3606,0.1491,0.2584,0.1447,0.2136,0.0903,0.0852,0.035,0.1598,0.0802,1.3648,0.7457
11270,-118.055,34.565,0.1255,0.0309,0.0676,0.0338,0.3563,0.1471,0.2604,0.1455,0.2185,0.0932,0.0844,0.0361,0.1598,0.0807,1.3369,0.74
11271,-118.045,34.565,0.1249,0.0313,0.0682,0.0342,0.3523,0.1453,0.2625,0.1465,0.2233,0.0961,0.0845,0.0374,0.1601,0.0812,1.3086,0.7292
11272,-118.035,34.565,0.1246,0.0317,0.0688,0.0347,0.3487,0.1437,0.2647,0.1479,0.228,0.099,0.0853,0.0386,0.1605,0.082,1.2806,0.7195
11273,-118.025,34.565,0.1231,0.0318,0.0686,0.0346,0.3415,0.1399,0.2633,0.1472,0.2304,0.1004,0.0865,0.0397,0.159,0.0813,1.2533,0.7041
11274,-118.015,34.565,0.1201,0.0314,0.0683,0.0344,0.3335,0.1355,0.261,0.1457,0.2293,0.0998,0.0876,0.0407,0.157,0.0802,1.2258,0.6856
11275,-118.005,34.565,0.1175,0.031,0.0678,0.0341,0.3251,0.1311,0.2573,0.1432,0.2284,0.0991,0.0881,0.0413,0.1548,0.079,1.1984,0.6664
11276,-117.995,34.565,0.1152,0.0307,0.0673,0.0339,0.3172,0.127,0.2531,0.1403,0.2274,0.0984,0.0881,0.0415,0.1528,0.078,1.1715,0.6483
11277,-117.985,34.565,0.1132,0.0305,0.0669,0.0337,0.3097,0.1231,0.2485,0.1371,0.2265,0.0978,0.0876,0.0413,0.1511,0.0771,1.145,0.631
11278,-117.975,34.565,0.1112,0.0304,0.0666,0.0336,0.3027,0.1196,0.243,0.1329,0.2257,0.0973,0.0867,0.0407,0.1494,0.0763,1.1195,0.614
11279,-117.965,34.565,0.1095,0.0302,0.0663,0.0334,0.2959,0.1163,0.2372,0.1284,0.225,0.0969,0.0856,0.0399,0.1479,0.0756,1.0947,0.5974
11280,-117.955,34.565,0.1079,0.0301,0.066,0.0333,0.2896,0.1132,0.2313,0.1238,0.2245,0.0966,0.0841,0.0388,0.1465,0.0749,1.0706,0.5814
11281,-117.945,34.565,0.1064,0.03,0.0657,0.0332,0.2834,0.1103,0.2266,0.12,0.224,0.0965,0.0826,0.0376,0.1451,0.0743,1.0475,0.5658
11282,-117.935,34.565,0.1051,0.03,0.0654,0.0331,0.2776,0.1076,0.2231,0.1172,0.2238,0.0965,0.081,0.0364,0.1438,0.0737,1.026,0.5517
11283,-117.925,34.565,0.1038,0.0299,0.0652,0.0331,0.2721,0.1052,0.2199,0.1148,0.2237,0.0966,0.0793,0.0351,0.1426,0.0732,1.0054,0.5386
11284,-117.915,34.565,0.1029,0.03,0.065,0.033,0.2669,0.1029,0.2169,0.1126,0.2239,0.097,0.0778,0.0338,0.1414,0.0727,0.9857,0.5266
11285,-117.905,34.565,0.1021,0.0301,0.0648,0.033,0.2622,0.101,0.2139,0.1105,0.2244,0.0975,0.0763,0.0326,0.1403,0.0722,0.9675,0.5161
11286,-117.895,34.565,0.1014,0.0302,0.0646,0.0329,0.2578,0.0993,0.211,0.1085,0.2249,0.0981,0.0749,0.0314,0.1393,0.0719,0.9507,0.5071
11287,-117.885,34.565,0.1009,0.0304,0.0644,0.0329,0.2537,0.0978,0.208,0.1065,0.2257,0.099,0.0736,0.0303,0.1384,0.0715,0.9349,0.4991
11288,-117.875,34.565,0.1006,0.0306,0.0642,0.0329,0.2498,0.0965,0.205,0.1044,0.2266,0.0999,0.0725,0.0293,0.1375,0.0712,0.92,0.4922
11289,-117.865,34.565,0.1003,0.0308,0.064,0.0328,0.2461,0.0953,0.2021,0.1023,0.2276,0.1009,0.0714,0.0284,0.1366,0.0709,0.9062,0.4861
11290,-117.855,34.565,0.1001,0.0311,0.0638,0.0328,0.2425,0.0941,0.1991,0.1003,0.2285,0.102,0.0705,0.0275,0.1357,0.0705,0.8934,0.481
11291,-117.845,34.565,0.1,0.0314,0.0635,0.0327,0.2391,0.093,0.1963,0.0984,0.2294,0.103,0.0698,0.0267,0.1348,0.0702,0.8813,0.4764
11292,-117.835,34.565,0.0999,0.0317,0.0632,0.0326,0.2357,0.0919,0.1935,0.0965,0.23,0.1039,0.0693,0.0261,0.1339,0.0699,0.8695,0.472
11293,-117.825,34.565,0.1,0.032,0.0626,0.0323,0.2324,0.0909,0.1911,0.095,0.2303,0.1045,0.0694,0.0259,0.1331,0.0696,0.8577,0.4671
11294,-117.815,34.565,0.099,0.0319,0.0621,0.0321,0.2292,0.0899,0.189,0.0937,0.2293,0.1043,0.0699,0.0259,0.1323,0.0694,0.8454,0.461
11295,-117.805,34.565,0.0983,0.0319,0.0624,0.0324,0.227,0.0894,0.1881,0.0935,0.2287,0.1043,0.0717,0.0266,0.132,0.0694,0.8339,0.4561
11296,-117.795,34.565,0.0976,0.0318,0.0626,0.0326,0.2249,0.089,0.1875,0.0933,0.227,0.1035,0.074,0.0276,0.1317,0.0696,0.8225,0.4509
11297,-117.785,34.565,0.0969,0.0318,0.0626,0.0327,0.2229,0.0886,0.187,0.0933,0.2249,0.1024,0.077,0.029,0.1316,0.0698,0.8107,0.4446
11298,-117.775,34.565,0.0964,0.0318,0.0627,0.0328,0.221,0.0883,0.1866,0.0934,0.2225,0.1011,0.0807,0.0309,0.1315,0.07,0.7991,0.4381
11299,-117.765,34.565,0.0959,0.0318,0.0627,0.033,0.2191,0.0879,0.1863,0.0934,0.2201,0.0997,0.0846,0.0329,0.1314,0.0702,0.7882,0.4323
11300,-117.755,34.565,0.0954,0.0319,0.0626,0.033,0.2173,0.0876,0.1859,0.0935,0.2175,0.0984,0.089,0.0351,0.1312,0.0704,0.7774,0.4263
11301,-117.745,34.565,0.0948,0.0319,0.0598,0.0313,0.2151,0.0871,0.1852,0.0934,0.2149,0.097,0.0935,0.0373,0.1309,0.0705,0.7621,0.415
11302,-117.735,34.565,0.0907,0.0304,0.0543,0.0278,0.2127,0.0864,0.1843,0.0931,0.2049,0.0913,0.098,0.0396,0.1304,0.0704,0.7269,0.3809
11303,-117.725,34.565,0.0851,0.0284,0.053,0.0271,0.2099,0.0854,0.1829,0.0926,0.1911,0.0842,0.1015,0.0416,0.1295,0.0701,0.6988,0.3601
11304,-117.715,34.565,0.0892,0.0302,0.0535,0.0275,0.2073,0.0847,0.1818,0.0922,0.1991,0.0883,0.1045,0.0435,0.1288,0.0699,0.7032,0.3691
11305,-117.705,34.565,0.0924,0.0318,0.059,0.0313,0.2064,0.0848,0.1821,0.0928,0.2045,0.0917,0.1065,0.0453,0.1292,0.0705,0.7221,0.3907
11306,-117.695,34.565,0.0917,0.0317,0.0617,0.0331,0.2048,0.0846,0.1818,0.093,0.2019,0.0904,0.1077,0.0467,0.1291,0.0707,0.7151,0.3888
11307,-117.685,34.565,0.091,0.0317,0.0614,0.033,0.2026,0.084,0.1808,0.0927,0.1992,0.0892,0.1082,0.0478,0.1285,0.0706,0.7044,0.3813
11308,-117.675,34.565,0.0903,0.0316,0.0611,0.0329,0.2004,0.0833,0.1797,0.0925,0.1967,0.088,0.1086,0.0489,0.1279,0.0705,0.6939,0.3739
11309,-117.665,34.565,0.0895,0.0315,0.0608,0.0328,0.1981,0.0827,0.1785,0.0922,0.1941,0.0868,0.1091,0.0499,0.1273,0.0704,0.6838,0.3669
11310,-117.655,34.565,0.0888,0.0314,0.0604,0.0327,0.1959,0.0821,0.1773,0.0919,0.1916,0.0857,0.1096,0.051,0.1266,0.0702,0.6739,0.3601
11311,-118.945,34.575,0.0493,0.0193,0.0469,0.0253,0.1827,0.0723,0.3031,0.1398,0.0806,0.0311,0.0221,0.02,0.2846,0.1238,0.2569,0.103
11312,-118.935,34.575,0.0496,0.0193,0.0464,0.0248,0.1856,0.0734,0.309,0.1424,0.0805,0.0309,0.0222,0.02,0.2825,0.1228,0.2622,0.1049
11313,-118.925,34.575,0.0563,0.0224,0.0497,0.0269,0.1895,0.0749,0.3168,0.146,0.0901,0.0356,0.0224,0.0201,0.2815,0.1224,0.2728,0.11
11314,-118.915,34.575,0.059,0.0236,0.0535,0.0295,0.1955,0.0778,0.3278,0.1519,0.0935,0.0372,0.0229,0.0205,0.2828,0.1238,0.2872,0.1177
11315,-118.905,34.575,0.0631,0.0254,0.0561,0.0311,0.211,0.086,0.353,0.1682,0.0987,0.0397,0.0246,0.0224,0.2951,0.1328,0.2975,0.1234
11316,-118.895,34.575,0.0641,0.0258,0.0568,0.0315,0.2162,0.0887,0.3624,0.1738,0.0994,0.0399,0.025,0.0227,0.2942,0.1334,0.3011,0.1249
11317,-118.885,34.575,0.0628,0.0249,0.0556,0.0305,0.2113,0.0859,0.3561,0.1687,0.0967,0.0383,0.024,0.0216,0.2801,0.1255,0.2979,0.1218
11318,-118.875,34.575,0.0572,0.0219,0.0522,0.0281,0.2209,0.0903,0.3733,0.1776,0.0878,0.0335,0.0248,0.0223,0.2847,0.1282,0.2983,0.12
11319,-118.865,34.575,0.0558,0.0211,0.0489,0.0258,0.2315,0.0951,0.3922,0.1874,0.0849,0.0319,0.0256,0.023,0.2905,0.1316,0.2998,0.119
11320,-118.855,34.575,0.0546,0.0203,0.0478,0.025,0.2327,0.0952,0.3959,0.1876,0.0825,0.0306,0.0253,0.0226,0.2839,0.1278,0.3025,0.1189
11321,-118.845,34.575,0.055,0.0203,0.0473,0.0246,0.2335,0.0947,0.3993,0.1868,0.0822,0.0303,0.0248,0.022,0.277,0.1235,0.3052,0.119
11322,-118.835,34.575,0.0555,0.0204,0.0473,0.0245,0.2339,0.0938,0.4024,0.185,0.0822,0.0301,0.0243,0.0213,0.2699,0.1188,0.3033,0.1164
11323,-118.825,34.575,0.0561,0.0205,0.0475,0.0245,0.2365,0.0943,0.4082,0.1857,0.0823,0.03,0.024,0.021,0.2643,0.1157,0.3022,0.1144
11324,-118.815,34.575,0.0568,0.0206,0.0477,0.0245,0.2382,0.0945,0.4125,0.1857,0.0824,0.0299,0.0237,0.0206,0.2576,0.1121,0.301,0.1125
11325,-118.805,34.575,0.0574,0.0207,0.0479,0.0246,0.234,0.0916,0.4068,0.1793,0.0825,0.0298,0.0226,0.0195,0.2442,0.1047,0.3012,0.1113
11326,-118.795,34.575,0.0581,0.0208,0.0481,0.0246,0.2398,0.0938,0.4173,0.1826,0.0826,0.0297,0.0226,0.0195,0.2406,0.103,0.3069,0.113
11327,-118.785,34.575,0.0587,0.0209,0.0483,0.0247,0.2556,0.101,0.4439,0.1956,0.0827,0.0296,0.0235,0.0205,0.2469,0.1069,0.3144,0.1156
11328,-118.775,34.575,0.0594,0.021,0.0478,0.0243,0.2532,0.099,0.4402,0.1904,0.0829,0.0296,0.0227,0.0196,0.2349,0.1006,0.3136,0.114
11329,-118.765,34.575,0.056,0.0193,0.046,0.0231,0.2457,0.0943,0.4278,0.18,0.0777,0.0271,0.0213,0.0182,0.2181,0.0917,0.303,0.1075
11330,-118.755,34.575,0.047,0.0153,0.0394,0.019,0.2312,0.0858,0.403,0.1623,0.0649,0.0214,0.0193,0.0161,0.1966,0.0802,0.2817,0.096
11331,-118.745,34.575,0.045,0.0144,0.0362,0.0169,0.2287,0.0832,0.3981,0.1556,0.0619,0.0201,0.0185,0.0151,0.1851,0.0742,0.2736,0.0915
11332,-118.735,34.575,0.0454,0.0144,0.0364,0.017,0.2383,0.0866,0.4132,0.1598,0.0624,0.0202,0.0187,0.0153,0.1835,0.0737,0.2861,0.0964
11333,-118.725,34.575,0.0459,0.0145,0.0407,0.0195,0.2846,0.1099,0.4841,0.1988,0.063,0.0204,0.0223,0.019,0.2077,0.0889,0.3156,0.1099
11334,-118.715,34.575,0.0611,0.0206,0.0469,0.0232,0.3401,0.1384,0.569,0.246,0.0836,0.0293,0.0268,0.0234,0.2369,0.1072,0.3592,0.1315
11335,-118.705,34.575,0.0788,0.0281,0.0575,0.03,0.4041,0.1718,0.6665,0.2993,0.1073,0.0404,0.0321,0.0282,0.2654,0.1249,0.4199,0.1646
11336,-118.695,34.575,0.0798,0.0283,0.063,0.0334,0.4478,0.1934,0.7319,0.3308,0.1094,0.0414,0.0355,0.0309,0.2787,0.1333,0.4574,0.1876
11337,-118.685,34.575,0.0806,0.0283,0.0634,0.0335,0.471,0.2032,0.7651,0.3407,0.1115,0.0424,0.037,0.0314,0.2766,0.1325,0.4817,0.2026
11338,-118.675,34.575,0.0814,0.0284,0.0637,0.0337,0.4955,0.2126,0.8017,0.3498,0.1138,0.0434,0.0387,0.0319,0.2742,0.1315,0.4986,0.2119
11339,-118.665,34.575,0.0822,0.0285,0.0642,0.0338,0.519,0.2207,0.8398,0.3587,0.1161,0.0445,0.0405,0.0325,0.2719,0.1305,0.5162,0.2215
11340,-118.655,34.575,0.0835,0.0287,0.065,0.0343,0.5372,0.2233,0.8816,0.367,0.1189,0.0459,0.0425,0.0332,0.2705,0.1302,0.5327,0.2299
11341,-118.645,34.575,0.0866,0.0298,0.0657,0.0346,0.5433,0.2177,0.9011,0.3539,0.1242,0.0485,0.0436,0.033,0.2641,0.1265,0.5476,0.2369
11342,-118.635,34.575,0.0871,0.0296,0.0664,0.035,0.5373,0.2038,0.8985,0.3194,0.1259,0.0493,0.0438,0.0318,0.2528,0.1194,0.5602,0.2418
11343,-118.625,34.575,0.0853,0.0285,0.0606,0.0312,0.5312,0.189,0.8528,0.2713,0.1244,0.0484,0.0437,0.0305,0.2414,0.1121,0.5687,0.2424
11344,-118.615,34.575,0.0721,0.0227,0.0545,0.0271,0.5249,0.1742,0.7957,0.2228,0.1069,0.0394,0.0435,0.029,0.2299,0.1049,0.557,0.2276
11345,-118.605,34.575,0.0706,0.0218,0.0533,0.0263,0.5174,0.1599,0.7266,0.1858,0.1051,0.0384,0.0431,0.0274,0.2178,0.0975,0.5557,0.2221
11346,-118.595,34.575,0.0711,0.0218,0.0526,0.0258,0.5209,0.1513,0.6709,0.1579,0.1062,0.0388,0.0438,0.0267,0.2102,0.0931,0.5632,0.2242
11347,-118.585,34.575,0.0716,0.0216,0.0525,0.0256,0.5355,0.1483,0.6287,0.1392,0.1071,0.0391,0.0455,0.0268,0.207,0.0916,0.5718,0.2272
11348,-118.575,34.575,0.072,0.0215,0.0521,0.0253,0.5395,0.1419,0.5757,0.1208,0.1075,0.0392,0.0459,0.0258,0.1981,0.0867,0.5685,0.2232
11349,-118.565,34.575,0.072,0.0211,0.0518,0.025,0.5445,0.1374,0.5293,0.1059,0.1072,0.039,0.0467,0.0251,0.1906,0.0826,0.5772,0.2264
11350,-118.555,34.575,0.0727,0.0211,0.0521,0.0251,0.5655,0.1453,0.5262,0.1072,0.108,0.0393,0.0509,0.0265,0.1953,0.0857,0.5971,0.2367
11351,-118.545,34.575,0.0753,0.0217,0.0527,0.0254,0.5758,0.1525,0.5226,0.1104,0.1111,0.0407,0.0548,0.0275,0.1979,0.0876,0.626,0.2529
11352,-118.535,34.575,0.0775,0.0221,0.0536,0.0259,0.5754,0.1592,0.5185,0.1154,0.1136,0.0418,0.0583,0.0282,0.1982,0.0882,0.6454,0.2633
11353,-118.525,34.575,0.0795,0.0225,0.0543,0.0263,0.5764,0.1672,0.5126,0.1214,0.1158,0.0427,0.0622,0.0287,0.1981,0.0885,0.6643,0.2734
11354,-118.515,34.575,0.0814,0.0228,0.0549,0.0266,0.5791,0.1761,0.5062,0.1275,0.1176,0.0435,0.0663,0.0293,0.1979,0.0887,0.6818,0.2825
11355,-118.505,34.575,0.0833,0.023,0.0554,0.0269,0.5886,0.1871,0.4986,0.1337,0.1193,0.0442,0.0707,0.0297,0.1975,0.0888,0.6975,0.2902
11356,-118.495,34.575,0.0851,0.0232,0.0558,0.027,0.5974,0.198,0.4905,0.1395,0.1208,0.0449,0.0754,0.0301,0.1969,0.0887,0.7113,0.2966
11357,-118.485,34.575,0.0867,0.0233,0.0561,0.0272,0.6057,0.2088,0.4818,0.1451,0.122,0.0454,0.0802,0.0304,0.1961,0.0885,0.7262,0.3035
11358,-118.475,34.575,0.0882,0.0233,0.0563,0.0272,0.6096,0.2172,0.4708,0.1489,0.1229,0.0458,0.0847,0.0305,0.1941,0.0876,0.7391,0.3087
11359,-118.465,34.575,0.0896,0.0232,0.0564,0.0272,0.6054,0.2215,0.455,0.1502,0.1237,0.0461,0.0877,0.0301,0.19,0.0854,0.7465,0.31
11360,-118.455,34.575,0.0909,0.0232,0.0564,0.0272,0.5652,0.2077,0.418,0.1407,0.1244,0.0464,0.0848,0.0278,0.1766,0.078,0.7409,0.3024
11361,-118.445,34.575,0.0915,0.0228,0.0551,0.0264,0.5399,0.201,0.3937,0.1366,0.1243,0.0462,0.0831,0.0266,0.1685,0.0737,0.7431,0.3007
11362,-118.435,34.575,0.0875,0.021,0.0525,0.0248,0.5296,0.2015,0.3823,0.1377,0.1181,0.0432,0.0825,0.0266,0.1658,0.0724,0.7449,0.2994
11363,-118.425,34.575,0.0834,0.0193,0.0506,0.0236,0.5188,0.2007,0.3721,0.1387,0.1118,0.0402,0.0812,0.0267,0.1635,0.0714,0.7488,0.2996
11364,-118.415,34.575,0.0837,0.0188,0.0486,0.0224,0.5073,0.1991,0.362,0.1394,0.1113,0.0399,0.0798,0.0269,0.1613,0.0703,0.7614,0.3046
11365,-118.405,34.575,0.0803,0.0174,0.0451,0.0204,0.4937,0.1952,0.3512,0.139,0.106,0.0375,0.0782,0.0269,0.1588,0.0691,0.7601,0.3013
11366,-118.395,34.575,0.0735,0.0152,0.0438,0.0196,0.4797,0.1906,0.3405,0.1384,0.0967,0.0334,0.0769,0.0271,0.1564,0.068,0.7653,0.3015
11367,-118.385,34.575,0.0786,0.016,0.0448,0.0202,0.4652,0.1855,0.3299,0.1377,0.1027,0.036,0.0758,0.0273,0.1542,0.0669,0.7794,0.3068
11368,-118.375,34.575,0.0811,0.0162,0.0427,0.019,0.4566,0.1836,0.3233,0.1396,0.1055,0.0372,0.0764,0.0281,0.1546,0.0675,0.8029,0.3174
11369,-118.365,34.575,0.0741,0.014,0.0404,0.0177,0.447,0.1807,0.3157,0.1408,0.096,0.033,0.0767,0.0289,0.1544,0.0677,0.8082,0.3185
11370,-118.355,34.575,0.0747,0.0137,0.0402,0.0176,0.427,0.1704,0.299,0.1359,0.0962,0.0331,0.0747,0.0284,0.1494,0.065,0.8237,0.3249
11371,-118.345,34.575,0.0753,0.0134,0.0399,0.0174,0.4114,0.1627,0.2854,0.133,0.0963,0.0331,0.0736,0.0283,0.1462,0.0633,0.8438,0.3337
11372,-118.335,34.575,0.0759,0.0131,0.0396,0.0173,0.4002,0.1577,0.2748,0.1322,0.0962,0.0331,0.0735,0.0287,0.1447,0.0627,0.8638,0.3422
11373,-118.325,34.575,0.0765,0.0129,0.0393,0.0171,0.3801,0.1472,0.2573,0.1266,0.0961,0.033,0.0709,0.028,0.1389,0.0596,0.8737,0.3447
11374,-118.315,34.575,0.0771,0.0126,0.039,0.0169,0.3575,0.1354,0.2379,0.1198,0.0957,0.0328,0.0677,0.0268,0.1321,0.0559,0.8751,0.3425
11375,-118.305,34.575,0.0777,0.0123,0.0387,0.0168,0.3319,0.123,0.2169,0.112,0.0953,0.0326,0.0636,0.0253,0.1239,0.0517,0.8792,0.3418
11376,-118.295,34.575,0.0784,0.012,0.0385,0.0167,0.315,0.1149,0.2018,0.1081,0.0948,0.0323,0.061,0.0245,0.119,0.0493,0.8906,0.3449
11377,-118.285,34.575,0.0792,0.0117,0.0383,0.0166,0.3067,0.1111,0.1926,0.1082,0.0943,0.0321,0.0599,0.0246,0.1175,0.0487,0.9134,0.3537
11378,-118.275,34.575,0.08,0.0115,0.0382,0.0165,0.298,0.1071,0.1829,0.1081,0.0938,0.0318,0.0584,0.0244,0.1156,0.0478,0.9383,0.3634
11379,-118.265,34.575,0.0808,0.0113,0.0381,0.0165,0.2893,0.1032,0.1731,0.1079,0.0933,0.0315,0.0569,0.0242,0.1136,0.047,0.9579,0.3701
11380,-118.255,34.575,0.0815,0.0111,0.038,0.0164,0.281,0.0995,0.1636,0.1071,0.093,0.0313,0.0553,0.0239,0.1117,0.0461,0.9736,0.3749
11381,-118.245,34.575,0.0819,0.0111,0.0379,0.0164,0.274,0.0964,0.1558,0.1056,0.0928,0.0312,0.054,0.0237,0.1101,0.0455,0.9908,0.381
11382,-118.235,34.575,0.0819,0.0111,0.0378,0.0163,0.2681,0.0939,0.1496,0.1036,0.093,0.0313,0.053,0.0236,0.1089,0.045,1.013,0.3907
11383,-118.225,34.575,0.0815,0.0112,0.0377,0.0162,0.2641,0.0922,0.146,0.1005,0.0941,0.0317,0.0525,0.0236,0.1082,0.0449,1.0547,0.4105
11384,-118.215,34.575,0.081,0.0114,0.0396,0.0173,0.2703,0.0956,0.1486,0.102,0.0956,0.0323,0.0543,0.025,0.1121,0.0472,1.1469,0.4588
11385,-118.205,34.575,0.0971,0.0149,0.0513,0.024,0.3241,0.1226,0.1783,0.1275,0.1169,0.0421,0.0668,0.0328,0.1371,0.0616,1.3217,0.5559
11386,-118.195,34.575,0.1343,0.0231,0.0583,0.0281,0.3606,0.1419,0.2006,0.1449,0.1632,0.0644,0.0761,0.0382,0.1544,0.0718,1.4522,0.6665
11387,-118.185,34.575,0.1313,0.0231,0.0606,0.0295,0.3799,0.1533,0.2154,0.1541,0.1628,0.0637,0.0822,0.0414,0.1638,0.0779,1.528,0.7361
11388,-118.175,34.575,0.1204,0.0213,0.0571,0.0274,0.3746,0.1509,0.2153,0.1498,0.1521,0.0578,0.0823,0.0403,0.1615,0.0767,1.5369,0.7468
11389,-118.165,34.575,0.1058,0.0187,0.0519,0.0242,0.3663,0.147,0.2132,0.1442,0.1357,0.0497,0.0819,0.0384,0.1578,0.0748,1.4755,0.6915
11390,-118.155,34.575,0.0815,0.0139,0.0432,0.0193,0.3683,0.1494,0.217,0.1456,0.1064,0.0361,0.0844,0.0375,0.1596,0.0763,1.3897,0.6247
11391,-118.145,34.575,0.0921,0.0168,0.0456,0.0208,0.3685,0.1505,0.2202,0.1457,0.1221,0.043,0.0851,0.0352,0.1601,0.0769,1.3979,0.6446
11392,-118.135,34.575,0.121,0.0245,0.0592,0.0287,0.3669,0.1505,0.2228,0.1443,0.1629,0.0627,0.0839,0.0318,0.1594,0.0768,1.4254,0.6898
11393,-118.125,34.575,0.1261,0.0267,0.0619,0.0303,0.3667,0.1517,0.2286,0.143,0.1746,0.0686,0.0806,0.0286,0.1597,0.0773,1.4382,0.7281
11394,-118.115,34.575,0.1262,0.0274,0.0623,0.0306,0.3663,0.1527,0.2345,0.1416,0.1801,0.0717,0.0775,0.0261,0.1601,0.0779,1.4166,0.725
11395,-118.105,34.575,0.1261,0.028,0.063,0.031,0.363,0.1514,0.2379,0.1398,0.1858,0.0749,0.0777,0.027,0.1597,0.078,1.3925,0.7198
11396,-118.095,34.575,0.1262,0.0286,0.0638,0.0316,0.3606,0.1505,0.2419,0.1393,0.192,0.0785,0.0789,0.0286,0.16,0.0786,1.3673,0.716
11397,-118.085,34.575,0.126,0.0291,0.0648,0.0322,0.3589,0.1498,0.2463,0.1401,0.1978,0.0818,0.0809,0.0309,0.1611,0.0798,1.3413,0.7136
11398,-118.075,34.575,0.1257,0.0296,0.0655,0.0327,0.3559,0.1484,0.2494,0.1405,0.2033,0.0851,0.0819,0.0328,0.1616,0.0805,1.3151,0.7111
11399,-118.065,34.575,0.1251,0.03,0.0662,0.0331,0.3526,0.1468,0.2521,0.1409,0.2082,0.088,0.0825,0.0346,0.1619,0.0812,1.2884,0.703
11400,-118.055,34.575,0.1244,0.0303,0.0668,0.0335,0.3487,0.1448,0.254,0.1413,0.2128,0.0908,0.0824,0.036,0.162,0.0816,1.2619,0.6936
11401,-118.045,34.575,0.1239,0.0308,0.0675,0.0341,0.345,0.143,0.2557,0.1419,0.2174,0.0936,0.083,0.0374,0.1621,0.0821,1.2357,0.6842
11402,-118.035,34.575,0.1238,0.0313,0.0684,0.0347,0.3414,0.1414,0.2573,0.1427,0.2223,0.0966,0.0842,0.0387,0.1624,0.0827,1.21,0.6761
11403,-118.025,34.575,0.1224,0.0314,0.0682,0.0346,0.3349,0.1379,0.256,0.1416,0.2247,0.098,0.0856,0.0398,0.161,0.0821,1.1851,0.6619
11404,-118.015,34.575,0.1192,0.031,0.0677,0.0343,0.3276,0.134,0.2537,0.14,0.2237,0.0973,0.0868,0.0407,0.1592,0.0812,1.1597,0.6445
11405,-118.005,34.575,0.1166,0.0306,0.0671,0.034,0.3199,0.1299,0.2502,0.1374,0.2229,0.0968,0.0874,0.0411,0.1571,0.0801,1.1343,0.6263
11406,-117.995,34.575,0.1144,0.0304,0.0666,0.0337,0.3126,0.126,0.2463,0.1346,0.2224,0.0965,0.0874,0.041,0.1552,0.0791,1.1094,0.6096
11407,-117.985,34.575,0.1123,0.0302,0.0662,0.0335,0.3057,0.1224,0.242,0.1315,0.2219,0.0961,0.0868,0.0406,0.1534,0.0782,1.0853,0.594
11408,-117.975,34.575,0.1105,0.0301,0.0659,0.0334,0.2991,0.1191,0.2371,0.1278,0.2214,0.0958,0.0859,0.0399,0.1518,0.0775,1.0623,0.579
11409,-117.965,34.575,0.1088,0.03,0.0656,0.0333,0.2927,0.116,0.2321,0.1241,0.221,0.0956,0.0849,0.0391,0.1503,0.0767,1.0401,0.5645
11410,-117.955,34.575,0.1073,0.0299,0.0653,0.0331,0.2867,0.1131,0.2271,0.1203,0.2207,0.0955,0.0836,0.038,0.1489,0.0761,1.0184,0.5507
11411,-117.945,34.575,0.1058,0.0298,0.0651,0.033,0.281,0.1104,0.2229,0.117,0.2205,0.0955,0.0822,0.0369,0.1475,0.0755,0.9979,0.5374
11412,-117.935,34.575,0.1046,0.0298,0.0648,0.033,0.2755,0.1078,0.2194,0.1144,0.2205,0.0956,0.0807,0.0357,0.1462,0.0749,0.9785,0.5253
11413,-117.925,34.575,0.1035,0.0298,0.0646,0.0329,0.2703,0.1055,0.2163,0.1122,0.2206,0.0959,0.0791,0.0345,0.145,0.0744,0.9601,0.514
11414,-117.915,34.575,0.1025,0.0299,0.0643,0.0328,0.2653,0.1034,0.2134,0.1101,0.2209,0.0963,0.0776,0.0333,0.1438,0.0739,0.9426,0.5037
11415,-117.905,34.575,0.1018,0.03,0.0641,0.0328,0.2608,0.1015,0.2105,0.1082,0.2214,0.0969,0.0761,0.0321,0.1427,0.0734,0.9262,0.4946
11416,-117.895,34.575,0.101,0.0301,0.0639,0.0327,0.2565,0.0998,0.2076,0.1062,0.2221,0.0976,0.0746,0.0309,0.1417,0.073,0.9112,0.4869
11417,-117.885,34.575,0.1005,0.0303,0.0637,0.0327,0.2524,0.0983,0.2047,0.1043,0.223,0.0985,0.0733,0.0298,0.1407,0.0727,0.8969,0.4797
11418,-117.875,34.575,0.1001,0.0305,0.0635,0.0326,0.2486,0.097,0.2018,0.1024,0.2241,0.0996,0.072,0.0287,0.1398,0.0723,0.8817,0.4711
11419,-117.865,34.575,0.0997,0.0307,0.0633,0.0326,0.2446,0.0955,0.1986,0.1003,0.2253,0.1008,0.0706,0.0276,0.1386,0.0718,0.8637,0.4582
11420,-117.855,34.575,0.0995,0.031,0.0631,0.0325,0.239,0.0931,0.194,0.0972,0.2267,0.1021,0.0688,0.0263,0.1364,0.0706,0.8502,0.4521
11421,-117.845,34.575,0.0993,0.0312,0.0629,0.0325,0.2356,0.092,0.1914,0.0954,0.2282,0.1036,0.0679,0.0254,0.1355,0.0703,0.8446,0.4553
11422,-117.835,34.575,0.0992,0.0315,0.0626,0.0324,0.2344,0.0921,0.1906,0.095,0.2296,0.1051,0.0677,0.0249,0.136,0.0709,0.8401,0.4594
11423,-117.825,34.575,0.0991,0.0318,0.062,0.0321,0.2306,0.0908,0.1878,0.0933,0.2307,0.1063,0.0672,0.0243,0.1348,0.0703,0.8302,0.4562
11424,-117.815,34.575,0.0973,0.0314,0.0615,0.0319,0.2268,0.0894,0.1852,0.0917,0.2284,0.1052,0.0671,0.024,0.1335,0.0697,0.8174,0.4486
11425,-117.805,34.575,0.0973,0.0316,0.0619,0.0322,0.2257,0.0895,0.1854,0.0922,0.2287,0.1058,0.0694,0.025,0.1339,0.0703,0.808,0.4458
11426,-117.795,34.575,0.0968,0.0317,0.0621,0.0324,0.224,0.0893,0.1853,0.0923,0.227,0.1049,0.0723,0.0263,0.1339,0.0707,0.7983,0.442
11427,-117.785,34.575,0.0961,0.0316,0.062,0.0325,0.2219,0.0888,0.1847,0.0923,0.224,0.1031,0.0756,0.0279,0.1336,0.0708,0.7862,0.4344
11428,-117.775,34.575,0.0955,0.0316,0.062,0.0326,0.2198,0.0884,0.1843,0.0923,0.2209,0.1012,0.0796,0.0299,0.1334,0.0709,0.7744,0.4269
11429,-117.765,34.575,0.0949,0.0316,0.0619,0.0326,0.2174,0.0877,0.1836,0.0921,0.2179,0.0995,0.0836,0.0319,0.1329,0.0708,0.7633,0.42
11430,-117.755,34.575,0.0943,0.0316,0.0618,0.0327,0.2129,0.0858,0.1809,0.0906,0.2151,0.0978,0.087,0.0337,0.1309,0.0698,0.746,0.406
11431,-117.745,34.575,0.0937,0.0316,0.0616,0.0326,0.2005,0.08,0.1715,0.085,0.2123,0.0963,0.0869,0.0336,0.1239,0.0654,0.7221,0.3849
11432,-117.735,34.575,0.0924,0.0313,0.0611,0.0324,0.1804,0.0704,0.1552,0.0753,0.2082,0.0939,0.0831,0.0319,0.1119,0.0578,0.6979,0.3661
11433,-117.725,34.575,0.0925,0.0315,0.0612,0.0326,0.1925,0.0772,0.167,0.083,0.2069,0.0934,0.0945,0.0377,0.1207,0.064,0.7091,0.381
11434,-117.715,34.575,0.0919,0.0315,0.0613,0.0328,0.2077,0.0855,0.1814,0.0924,0.2043,0.092,0.1068,0.0439,0.1314,0.0714,0.7123,0.3884
11435,-117.705,34.575,0.0912,0.0315,0.0611,0.0327,0.2056,0.085,0.1806,0.0923,0.2016,0.0907,0.1075,0.0451,0.1309,0.0713,0.7046,0.3849
11436,-117.695,34.575,0.0905,0.0314,0.0609,0.0327,0.2034,0.0844,0.1798,0.0921,0.199,0.0894,0.1081,0.0463,0.1304,0.0713,0.694,0.3774
11437,-117.685,34.575,0.0898,0.0313,0.0606,0.0326,0.2012,0.0838,0.1789,0.0919,0.1964,0.0882,0.1084,0.0473,0.1298,0.0712,0.6835,0.3697
11438,-117.675,34.575,0.0891,0.0313,0.0603,0.0326,0.199,0.0832,0.1778,0.0917,0.1939,0.087,0.1088,0.0483,0.1292,0.071,0.6734,0.3625
11439,-117.665,34.575,0.0884,0.0312,0.06,0.0325,0.1964,0.0823,0.1764,0.0912,0.1914,0.0858,0.109,0.0492,0.1282,0.0706,0.6622,0.3539
11440,-117.655,34.575,0.0877,0.0311,0.0597,0.0324,0.1916,0.0802,0.1729,0.0893,0.1889,0.0847,0.108,0.0494,0.1258,0.0691,0.6482,0.342
11441,-118.945,34.585,0.0463,0.0179,0.0417,0.022,0.1755,0.0685,0.2894,0.1326,0.0759,0.029,0.0215,0.019,0.2823,0.1216,0.2471,0.0972
11442,-118.935,34.585,0.0482,0.0187,0.0444,0.0236,0.1789,0.0697,0.2959,0.1356,0.0782,0.03,0.0216,0.0191,0.281,0.1211,0.2562,0.1013
11443,-118.925,34.585,0.0492,0.019,0.0465,0.025,0.1841,0.0719,0.3057,0.1403,0.0792,0.0303,0.022,0.0194,0.2823,0.122,0.2675,0.1066
11444,-118.915,34.585,0.0498,0.0191,0.0478,0.0257,0.1893,0.074,0.3153,0.145,0.0794,0.0303,0.0224,0.0196,0.2832,0.1227,0.2747,0.1095
11445,-118.905,34.585,0.0496,0.0189,0.0458,0.0244,0.1919,0.0749,0.3207,0.1471,0.0784,0.0296,0.0223,0.0195,0.2797,0.1209,0.2717,0.1067
11446,-118.895,34.585,0.0473,0.0177,0.044,0.0232,0.1861,0.0715,0.3126,0.1409,0.0743,0.0275,0.0213,0.0183,0.265,0.1128,0.2621,0.1005
11447,-118.885,34.585,0.043,0.0156,0.0424,0.0221,0.1718,0.064,0.2909,0.1264,0.0671,0.0241,0.0192,0.0161,0.2391,0.0983,0.2509,0.0935
11448,-118.875,34.585,0.0475,0.0175,0.0415,0.0214,0.1857,0.0704,0.3147,0.1394,0.0733,0.0268,0.0205,0.0174,0.2499,0.1047,0.2586,0.0965
11449,-118.865,34.585,0.05,0.0184,0.041,0.0209,0.202,0.0782,0.3425,0.1547,0.0762,0.028,0.0221,0.019,0.2639,0.1131,0.2684,0.1005
11450,-118.855,34.585,0.0504,0.0185,0.0413,0.021,0.2026,0.0778,0.3447,0.1541,0.076,0.0278,0.0217,0.0185,0.2571,0.1093,0.2766,0.1036
11451,-118.845,34.585,0.0521,0.0191,0.0414,0.021,0.2083,0.0802,0.355,0.1587,0.0778,0.0284,0.0219,0.0187,0.256,0.1091,0.2822,0.1054
11452,-118.835,34.585,0.053,0.0193,0.0414,0.0209,0.2191,0.0853,0.3735,0.1686,0.0783,0.0286,0.0227,0.0195,0.2605,0.1123,0.2869,0.1068
11453,-118.825,34.585,0.0533,0.0193,0.0417,0.021,0.2258,0.0881,0.3854,0.1739,0.078,0.0283,0.0229,0.0197,0.2596,0.1123,0.2891,0.1068
11454,-118.815,34.585,0.0526,0.0188,0.0417,0.0209,0.2285,0.0888,0.3907,0.1748,0.0762,0.0273,0.0226,0.0195,0.2541,0.1095,0.2839,0.1029
11455,-118.805,34.585,0.0473,0.0163,0.0405,0.0201,0.2152,0.0812,0.3699,0.1593,0.0679,0.0234,0.0206,0.0174,0.2317,0.0968,0.2774,0.0983
11456,-118.795,34.585,0.0501,0.0174,0.04,0.0197,0.2196,0.0825,0.3776,0.161,0.0711,0.0247,0.0204,0.0172,0.2269,0.0944,0.2838,0.1003
11457,-118.785,34.585,0.0529,0.0184,0.0403,0.0198,0.2414,0.0928,0.4137,0.1799,0.0742,0.026,0.022,0.0189,0.2398,0.1022,0.294,0.1042
11458,-118.775,34.585,0.0538,0.0186,0.0401,0.0197,0.2297,0.086,0.3941,0.1658,0.0746,0.026,0.0202,0.0172,0.2199,0.0916,0.2894,0.1009
11459,-118.765,34.585,0.0448,0.0146,0.0394,0.0192,0.2147,0.0777,0.369,0.1485,0.0617,0.0203,0.0181,0.015,0.1967,0.0791,0.277,0.094
11460,-118.755,34.585,0.044,0.0142,0.0369,0.0176,0.2177,0.0782,0.3733,0.1479,0.06,0.0195,0.0178,0.0147,0.1907,0.0764,0.2668,0.0886
11461,-118.745,34.585,0.0445,0.0143,0.0388,0.0187,0.229,0.0828,0.3907,0.1545,0.0602,0.0195,0.0181,0.0152,0.1912,0.0772,0.2788,0.0931
11462,-118.735,34.585,0.0491,0.016,0.0452,0.0226,0.2487,0.0913,0.4213,0.1682,0.0659,0.0219,0.0192,0.0164,0.1982,0.0818,0.3172,0.1104
11463,-118.725,34.585,0.0691,0.0243,0.0504,0.0258,0.3243,0.1309,0.5366,0.2356,0.0917,0.0332,0.0255,0.0229,0.2442,0.1103,0.3701,0.1368
11464,-118.715,34.585,0.0775,0.0279,0.0553,0.0289,0.3997,0.1703,0.651,0.3019,0.1026,0.0385,0.0317,0.0294,0.2885,0.1379,0.4253,0.1678
11465,-118.705,34.585,0.0783,0.028,0.0598,0.0316,0.4174,0.1774,0.6763,0.3088,0.1044,0.0393,0.033,0.0298,0.2859,0.1368,0.4529,0.1854
11466,-118.695,34.585,0.0792,0.0281,0.0622,0.0331,0.436,0.1846,0.7029,0.3153,0.1065,0.0403,0.0344,0.0303,0.2834,0.1357,0.472,0.1962
11467,-118.685,34.585,0.08,0.0282,0.0626,0.0332,0.4555,0.1919,0.731,0.3216,0.1088,0.0413,0.036,0.0308,0.2809,0.1345,0.4892,0.2053
11468,-118.675,34.585,0.0808,0.0282,0.0631,0.0335,0.4753,0.1982,0.7612,0.3265,0.1111,0.0424,0.0379,0.0314,0.2786,0.1337,0.5073,0.2151
11469,-118.665,34.585,0.082,0.0284,0.063,0.0333,0.494,0.2034,0.7906,0.3298,0.1138,0.0437,0.0397,0.0319,0.2762,0.1327,0.526,0.2252
11470,-118.655,34.585,0.0825,0.0284,0.0598,0.0311,0.5078,0.2043,0.8141,0.3262,0.1157,0.0446,0.0415,0.0323,0.2726,0.1309,0.5371,0.2281
11471,-118.645,34.585,0.0783,0.0263,0.058,0.0298,0.5025,0.1925,0.8064,0.2992,0.1113,0.0422,0.0413,0.0308,0.2595,0.1225,0.5432,0.226
11472,-118.635,34.585,0.0721,0.0233,0.0575,0.0294,0.4782,0.1681,0.7674,0.249,0.1039,0.0384,0.0391,0.0274,0.2368,0.1072,0.5479,0.2229
11473,-118.625,34.585,0.075,0.0242,0.0551,0.0278,0.4732,0.1566,0.7335,0.2146,0.1087,0.0406,0.0393,0.0264,0.2263,0.101,0.5591,0.2265
11474,-118.615,34.585,0.0696,0.0218,0.0527,0.0262,0.4739,0.1486,0.701,0.1852,0.1018,0.0372,0.0401,0.0259,0.2193,0.0972,0.5599,0.2233
11475,-118.605,34.585,0.0703,0.0218,0.0523,0.0258,0.4836,0.1447,0.67,0.1635,0.1031,0.0378,0.0419,0.0261,0.2165,0.0959,0.5692,0.226
11476,-118.595,34.585,0.0708,0.0217,0.052,0.0256,0.4932,0.1408,0.6367,0.1436,0.1042,0.0382,0.0436,0.0262,0.2132,0.0943,0.5814,0.2309
11477,-118.585,34.585,0.0714,0.0216,0.0519,0.0254,0.5029,0.1367,0.6013,0.1254,0.1051,0.0385,0.0453,0.0263,0.2094,0.0925,0.5857,0.2307
11478,-118.575,34.585,0.0612,0.0176,0.0475,0.0228,0.4857,0.1245,0.5401,0.1044,0.0904,0.0317,0.0441,0.0243,0.1941,0.084,0.5563,0.2114
11479,-118.565,34.585,0.0628,0.0179,0.0441,0.0207,0.4732,0.1152,0.4873,0.0875,0.0926,0.0326,0.0437,0.0227,0.1814,0.0769,0.5632,0.2133
11480,-118.555,34.585,0.0695,0.02,0.0492,0.0236,0.5102,0.1286,0.5011,0.0933,0.1017,0.0367,0.0497,0.0252,0.1929,0.0839,0.5984,0.2325
11481,-118.545,34.585,0.0751,0.0217,0.0521,0.0253,0.5305,0.1389,0.5043,0.0986,0.1092,0.0401,0.0546,0.0267,0.1987,0.0876,0.6508,0.2626
11482,-118.535,34.585,0.077,0.0221,0.0529,0.0257,0.534,0.1462,0.497,0.1033,0.1113,0.0411,0.0582,0.0273,0.1989,0.088,0.6705,0.273
11483,-118.525,34.585,0.079,0.0224,0.0535,0.026,0.5333,0.1533,0.486,0.1084,0.1133,0.0419,0.0617,0.0276,0.1972,0.0875,0.6876,0.2818
11484,-118.515,34.585,0.0807,0.0227,0.0536,0.026,0.5333,0.161,0.4749,0.1137,0.1149,0.0426,0.0654,0.0278,0.1953,0.0868,0.7019,0.2887
11485,-118.505,34.585,0.0813,0.0225,0.0513,0.0246,0.5413,0.1715,0.4667,0.1199,0.1148,0.0425,0.0701,0.0282,0.1949,0.0868,0.7132,0.2932
11486,-118.495,34.585,0.0815,0.0221,0.0498,0.0237,0.5486,0.1818,0.4585,0.1259,0.1141,0.0421,0.0751,0.0285,0.1942,0.0867,0.7204,0.2947
11487,-118.485,34.585,0.0827,0.0221,0.0492,0.0233,0.5551,0.192,0.4503,0.1316,0.1149,0.0424,0.0805,0.0288,0.1934,0.0865,0.7354,0.3014
11488,-118.475,34.585,0.0842,0.0222,0.0493,0.0233,0.5596,0.2011,0.442,0.1367,0.1158,0.0428,0.0862,0.029,0.1922,0.086,0.7534,0.31
11489,-118.465,34.585,0.0856,0.0222,0.0496,0.0234,0.5625,0.2095,0.4338,0.1415,0.1167,0.0432,0.0916,0.0292,0.1909,0.0855,0.7727,0.3194
11490,-118.455,34.585,0.0871,0.0222,0.0498,0.0235,0.559,0.2148,0.4257,0.1456,0.1176,0.0435,0.0952,0.0294,0.1894,0.0849,0.7926,0.3292
11491,-118.445,34.585,0.0883,0.022,0.0493,0.0231,0.5542,0.2189,0.4176,0.1492,0.1182,0.0438,0.0966,0.0297,0.1879,0.0843,0.8096,0.3366
11492,-118.435,34.585,0.0894,0.0219,0.048,0.0223,0.5479,0.2218,0.4095,0.1524,0.1187,0.044,0.0956,0.03,0.1862,0.0836,0.8246,0.3423
11493,-118.425,34.585,0.0907,0.0217,0.0472,0.0218,0.5395,0.2223,0.4011,0.1546,0.1194,0.0443,0.0938,0.0303,0.1844,0.0828,0.8398,0.348
11494,-118.415,34.585,0.0917,0.0215,0.0464,0.0213,0.5296,0.2214,0.392,0.1562,0.1198,0.0445,0.0918,0.0306,0.1823,0.0818,0.8585,0.3561
11495,-118.405,34.585,0.092,0.021,0.0442,0.0201,0.5151,0.2165,0.3799,0.1554,0.1194,0.0443,0.0893,0.0306,0.179,0.0801,0.8629,0.3537
11496,-118.395,34.585,0.0901,0.0199,0.0432,0.0194,0.5005,0.2112,0.3682,0.1544,0.1164,0.0428,0.0873,0.0307,0.176,0.0786,0.8704,0.3535
11497,-118.385,34.585,0.0918,0.0198,0.0433,0.0195,0.4861,0.2055,0.3567,0.1534,0.118,0.0435,0.0858,0.0309,0.1734,0.0773,0.8849,0.3582
11498,-118.375,34.585,0.09,0.0187,0.0417,0.0186,0.482,0.2058,0.3528,0.1573,0.1153,0.0422,0.0871,0.0324,0.1753,0.0788,0.909,0.3693
11499,-118.365,34.585,0.0969,0.02,0.04,0.0177,0.4761,0.2047,0.3471,0.1601,0.1233,0.0461,0.0881,0.0336,0.1764,0.0797,0.9273,0.3768
11500,-118.355,34.585,0.0942,0.0187,0.04,0.0176,0.4507,0.1901,0.3253,0.1521,0.1193,0.0441,0.0848,0.0326,0.1689,0.0755,0.9514,0.3877
11501,-118.345,34.585,0.1035,0.0204,0.0399,0.0176,0.4334,0.1805,0.3092,0.1479,0.1296,0.0492,0.0833,0.0325,0.1646,0.0732,0.9798,0.4011
11502,-118.335,34.585,0.0995,0.0188,0.0397,0.0174,0.4242,0.1759,0.2989,0.1477,0.124,0.0463,0.0836,0.0332,0.1636,0.0728,1.008,0.4141
11503,-118.325,34.585,0.1029,0.019,0.0391,0.0171,0.3972,0.1609,0.2754,0.1385,0.1268,0.0477,0.0794,0.0318,0.1547,0.0679,1.0089,0.4112
11504,-118.315,34.585,0.0898,0.0154,0.0389,0.017,0.3657,0.1436,0.2488,0.1272,0.1099,0.0394,0.0742,0.0298,0.1438,0.0619,0.9888,0.3968
11505,-118.305,34.585,0.0857,0.014,0.0405,0.0179,0.3299,0.1259,0.2202,0.1147,0.1034,0.0365,0.0677,0.0272,0.1313,0.0554,0.98,0.3887
11506,-118.295,34.585,0.0827,0.0128,0.0419,0.0186,0.3097,0.1159,0.2023,0.1095,0.0983,0.0342,0.0641,0.0262,0.125,0.0522,0.9939,0.3931
11507,-118.285,34.585,0.0851,0.0128,0.0431,0.0194,0.305,0.1138,0.1951,0.1117,0.0995,0.0346,0.0634,0.0267,0.1248,0.0524,1.0322,0.4106
11508,-118.275,34.585,0.092,0.0135,0.0457,0.0209,0.2999,0.112,0.1876,0.1149,0.1051,0.0374,0.0624,0.0271,0.1247,0.0527,1.073,0.4304
11509,-118.265,34.585,0.0898,0.0125,0.0477,0.0221,0.2941,0.1099,0.1794,0.1179,0.1008,0.0352,0.0611,0.0274,0.1241,0.0528,1.0969,0.4414
11510,-118.255,34.585,0.0892,0.012,0.0456,0.0208,0.2848,0.1056,0.1684,0.1181,0.0983,0.034,0.0587,0.0269,0.1215,0.0516,1.1055,0.4431
11511,-118.245,34.585,0.0886,0.0116,0.0436,0.0196,0.2763,0.1013,0.1588,0.1163,0.0965,0.0331,0.0564,0.0263,0.1189,0.0503,1.109,0.4386
11512,-118.235,34.585,0.0862,0.0112,0.0417,0.0186,0.2684,0.0971,0.1507,0.1124,0.0945,0.0322,0.0542,0.0257,0.1163,0.0489,1.1136,0.4376
11513,-118.225,34.585,0.0863,0.0115,0.0426,0.0191,0.2581,0.0921,0.1435,0.104,0.097,0.0333,0.0518,0.0247,0.1123,0.0468,1.1384,0.4481
11514,-118.215,34.585,0.0893,0.0125,0.0444,0.0201,0.2603,0.0935,0.1437,0.1017,0.1034,0.0361,0.0524,0.0255,0.1141,0.0481,1.2071,0.4853
11515,-118.205,34.585,0.1093,0.0167,0.0481,0.0222,0.3259,0.1276,0.1798,0.1337,0.1296,0.048,0.0676,0.0353,0.1456,0.0664,1.343,0.5648
11516,-118.195,34.585,0.1094,0.0173,0.0515,0.0242,0.3617,0.1465,0.2016,0.15,0.1325,0.0493,0.0762,0.0408,0.1632,0.0768,1.3952,0.6128
11517,-118.185,34.585,0.1182,0.0198,0.0544,0.0259,0.3676,0.1501,0.2091,0.1507,0.1458,0.0556,0.0784,0.0419,0.1668,0.0793,1.46,0.6909
11518,-118.175,34.585,0.1387,0.0251,0.0577,0.0279,0.3555,0.1435,0.2048,0.1421,0.172,0.0692,0.0766,0.0395,0.1609,0.076,1.4869,0.7343
11519,-118.165,34.585,0.1226,0.0222,0.0598,0.0293,0.3456,0.1385,0.2016,0.1354,0.1547,0.0596,0.0758,0.0371,0.1561,0.0733,1.4464,0.7034
11520,-118.155,34.585,0.1324,0.0253,0.0556,0.0269,0.3644,0.1508,0.2156,0.147,0.1674,0.0657,0.0836,0.0387,0.1659,0.0799,1.4076,0.6755
11521,-118.145,34.585,0.1299,0.0255,0.0558,0.027,0.3682,0.1539,0.2207,0.1493,0.1665,0.0649,0.0857,0.0368,0.1679,0.0815,1.3906,0.6751
11522,-118.135,34.585,0.1255,0.0252,0.0606,0.0298,0.357,0.1478,0.2169,0.1423,0.1659,0.0646,0.0821,0.0314,0.1621,0.078,1.3789,0.6835
11523,-118.125,34.585,0.1255,0.0261,0.0617,0.0304,0.3559,0.1484,0.2224,0.1401,0.1711,0.0675,0.0784,0.0276,0.1617,0.0781,1.3644,0.6907
11524,-118.115,34.585,0.1261,0.0271,0.0621,0.0306,0.3566,0.15,0.2294,0.1389,0.1771,0.0708,0.0753,0.0249,0.1624,0.0789,1.3405,0.6869
11525,-118.105,34.585,0.1259,0.0276,0.0627,0.0311,0.3558,0.1502,0.2344,0.1383,0.1829,0.0741,0.0759,0.0263,0.163,0.0798,1.3161,0.6839
11526,-118.095,34.585,0.1258,0.0282,0.0634,0.0315,0.3541,0.1496,0.2385,0.1379,0.1888,0.0775,0.077,0.0282,0.1636,0.0805,1.291,0.6801
11527,-118.085,34.585,0.1253,0.0286,0.0642,0.032,0.3514,0.148,0.2418,0.1376,0.1941,0.0806,0.0787,0.0305,0.164,0.0812,1.2654,0.6749
11528,-118.075,34.585,0.1247,0.029,0.0648,0.0325,0.3481,0.1462,0.2442,0.1374,0.1989,0.0834,0.0798,0.0325,0.1641,0.0817,1.2405,0.6675
11529,-118.065,34.585,0.124,0.0294,0.0654,0.0329,0.3446,0.1443,0.2462,0.1372,0.2034,0.0861,0.0807,0.0344,0.1641,0.0821,1.2156,0.659
11530,-118.055,34.585,0.1231,0.0297,0.0659,0.0332,0.3409,0.1423,0.2478,0.1372,0.2075,0.0885,0.0813,0.0359,0.1641,0.0825,1.1912,0.6499
11531,-118.045,34.585,0.1223,0.0301,0.0664,0.0336,0.3372,0.1404,0.249,0.1373,0.2114,0.0909,0.0823,0.0374,0.164,0.0828,1.1672,0.6407
11532,-118.035,34.585,0.1213,0.0304,0.067,0.034,0.3333,0.1385,0.2498,0.1373,0.2147,0.0929,0.0837,0.0386,0.1639,0.0832,1.1439,0.6317
11533,-118.025,34.585,0.1199,0.0305,0.0669,0.034,0.3276,0.1354,0.2486,0.1361,0.217,0.0943,0.085,0.0397,0.1627,0.0827,1.1212,0.6191
11534,-118.015,34.585,0.1176,0.0303,0.0666,0.0338,0.3213,0.132,0.2467,0.1345,0.2174,0.0945,0.0862,0.0405,0.1612,0.082,1.0981,0.6045
11535,-118.005,34.585,0.1154,0.0302,0.0662,0.0336,0.3145,0.1284,0.2435,0.1321,0.2175,0.0945,0.0867,0.0407,0.1593,0.0811,1.0751,0.5891
11536,-117.995,34.585,0.1134,0.03,0.0658,0.0334,0.3078,0.1249,0.24,0.1295,0.2173,0.0944,0.0867,0.0405,0.1575,0.0802,1.0525,0.5744
11537,-117.985,34.585,0.1115,0.0299,0.0655,0.0333,0.3014,0.1216,0.2362,0.1267,0.2172,0.0943,0.0862,0.0399,0.1558,0.0793,1.0307,0.5606
11538,-117.975,34.585,0.1096,0.0298,0.0652,0.0331,0.2953,0.1185,0.232,0.1236,0.217,0.0942,0.0853,0.0391,0.1542,0.0786,1.01,0.5473
11539,-117.965,34.585,0.108,0.0297,0.0649,0.033,0.2894,0.1155,0.2278,0.1204,0.2169,0.0942,0.0844,0.0383,0.1528,0.0779,0.9901,0.5347
11540,-117.955,34.585,0.1066,0.0297,0.0646,0.0329,0.2838,0.1129,0.2237,0.1174,0.2168,0.0942,0.0831,0.0373,0.1513,0.0773,0.9708,0.5226
11541,-117.945,34.585,0.1052,0.0296,0.0644,0.0328,0.2784,0.1104,0.2198,0.1147,0.2168,0.0943,0.0818,0.0362,0.1499,0.0766,0.9523,0.5112
11542,-117.935,34.585,0.104,0.0296,0.0641,0.0327,0.2732,0.108,0.2163,0.1121,0.2169,0.0946,0.0804,0.0351,0.1486,0.0761,0.9349,0.5007
11543,-117.925,34.585,0.1029,0.0297,0.0639,0.0327,0.2683,0.1058,0.2132,0.1099,0.2171,0.0949,0.0789,0.0339,0.1474,0.0756,0.9183,0.491
11544,-117.915,34.585,0.102,0.0297,0.0637,0.0326,0.2636,0.1037,0.2102,0.1079,0.2176,0.0954,0.0774,0.0327,0.1462,0.0751,0.9026,0.4821
11545,-117.905,34.585,0.1012,0.0298,0.0635,0.0326,0.2592,0.1019,0.2073,0.106,0.2182,0.096,0.0759,0.0316,0.1451,0.0746,0.8879,0.4742
11546,-117.895,34.585,0.1005,0.03,0.0633,0.0325,0.2551,0.1003,0.2044,0.1042,0.219,0.0968,0.0744,0.0304,0.144,0.0742,0.8744,0.4675
11547,-117.885,34.585,0.0999,0.0301,0.0631,0.0325,0.2511,0.0987,0.2016,0.1023,0.22,0.0977,0.0729,0.0293,0.1431,0.0738,0.8602,0.4593
11548,-117.875,34.585,0.0994,0.0303,0.0589,0.0299,0.2421,0.0948,0.1945,0.098,0.2212,0.0989,0.0699,0.0275,0.1389,0.0715,0.8379,0.4422
11549,-117.865,34.585,0.0943,0.0287,0.0545,0.0272,0.2329,0.0908,0.1872,0.0934,0.2127,0.0944,0.0669,0.0256,0.1346,0.069,0.7961,0.4055
11550,-117.855,34.585,0.0915,0.028,0.053,0.0263,0.2278,0.0883,0.183,0.0904,0.2088,0.0927,0.0649,0.0242,0.1325,0.0677,0.7815,0.3973
11551,-117.845,34.585,0.0952,0.0297,0.0551,0.0278,0.2254,0.0876,0.1811,0.0892,0.2194,0.0994,0.064,0.0233,0.1321,0.0677,0.791,0.4157
11552,-117.835,34.585,0.0981,0.0312,0.061,0.0316,0.2256,0.0885,0.1815,0.0898,0.2283,0.1055,0.064,0.0229,0.1333,0.0689,0.8031,0.4366
11553,-117.825,34.585,0.0977,0.0313,0.0578,0.0296,0.2232,0.0878,0.1801,0.0889,0.2306,0.1076,0.0635,0.0222,0.133,0.0688,0.7975,0.4372
11554,-117.815,34.585,0.0922,0.0294,0.0544,0.0275,0.2212,0.0871,0.1791,0.0882,0.221,0.1021,0.0636,0.0219,0.1327,0.0688,0.7842,0.4275
11555,-117.805,34.585,0.0954,0.0309,0.0591,0.0306,0.2232,0.0889,0.1819,0.0903,0.2277,0.1065,0.067,0.0234,0.1351,0.0708,0.7801,0.431
11556,-117.795,34.585,0.0958,0.0314,0.0614,0.0322,0.2231,0.0895,0.183,0.0914,0.2262,0.1056,0.0706,0.0251,0.1361,0.0718,0.7746,0.4321
11557,-117.785,34.585,0.0951,0.0313,0.0614,0.0322,0.2208,0.089,0.1824,0.0913,0.2223,0.1031,0.0743,0.027,0.1357,0.0718,0.7622,0.4233
11558,-117.775,34.585,0.0944,0.0313,0.0613,0.0323,0.2186,0.0884,0.182,0.0913,0.2187,0.1009,0.0784,0.0291,0.1353,0.0718,0.7504,0.4148
11559,-117.765,34.585,0.0938,0.0313,0.0612,0.0323,0.2157,0.0875,0.181,0.0909,0.2154,0.0988,0.0824,0.0311,0.1344,0.0715,0.739,0.4069
11560,-117.755,34.585,0.0919,0.0307,0.0611,0.0324,0.2091,0.0844,0.1765,0.0882,0.2096,0.0953,0.0851,0.0324,0.131,0.0694,0.7113,0.3806
11561,-117.745,34.585,0.0745,0.0239,0.0592,0.0312,0.1866,0.0733,0.1583,0.077,0.1706,0.0731,0.0802,0.0301,0.1173,0.0606,0.6663,0.3369
11562,-117.735,34.585,0.0639,0.0197,0.0554,0.0288,0.1482,0.0544,0.1263,0.0574,0.1466,0.0595,0.0676,0.0241,0.0934,0.0452,0.6205,0.301
11563,-117.725,34.585,0.0913,0.0312,0.0577,0.0304,0.1741,0.0683,0.1502,0.0728,0.2039,0.0923,0.0862,0.0332,0.1111,0.0573,0.6702,0.3538
11564,-117.715,34.585,0.0907,0.0312,0.0605,0.0324,0.2062,0.0854,0.1794,0.0915,0.2012,0.0909,0.107,0.0435,0.1329,0.072,0.6927,0.3792
11565,-117.705,34.585,0.09,0.0311,0.0603,0.0324,0.2041,0.0848,0.1786,0.0914,0.1986,0.0896,0.1075,0.0446,0.1323,0.0719,0.6836,0.3733
11566,-117.695,34.585,0.0894,0.0311,0.0601,0.0323,0.202,0.0842,0.1779,0.0913,0.196,0.0883,0.1079,0.0457,0.1317,0.0718,0.6732,0.3654
11567,-117.685,34.585,0.0887,0.031,0.0598,0.0323,0.1998,0.0836,0.177,0.0911,0.1935,0.0871,0.1082,0.0467,0.1311,0.0717,0.6632,0.3581
11568,-117.675,34.585,0.088,0.0309,0.0596,0.0322,0.1977,0.083,0.1761,0.091,0.191,0.086,0.1087,0.0478,0.1305,0.0715,0.6535,0.3512
11569,-117.665,34.585,0.0873,0.0309,0.058,0.0313,0.1946,0.0819,0.1742,0.0902,0.1886,0.0848,0.1087,0.0485,0.1292,0.0709,0.6395,0.3389
11570,-117.655,34.585,0.0829,0.0292,0.0504,0.0264,0.1872,0.0783,0.1683,0.0866,0.1788,0.0794,0.1061,0.0477,0.1248,0.068,0.6164,0.3159
11571,-118.945,34.595,0.0375,0.0138,0.0369,0.019,0.1464,0.0541,0.2408,0.1051,0.0617,0.0224,0.018,0.0151,0.2446,0.0997,0.2147,0.0803
11572,-118.935,34.595,0.0417,0.0157,0.0409,0.0215,0.1491,0.055,0.2462,0.1074,0.0679,0.0252,0.0181,0.0151,0.2434,0.0993,0.2261,0.0852
11573,-118.925,34.595,0.0445,0.0169,0.0419,0.0221,0.165,0.0622,0.2728,0.1218,0.0717,0.0269,0.0198,0.0168,0.2619,0.1095,0.2425,0.0925
11574,-118.915,34.595,0.0482,0.0184,0.0419,0.0219,0.18,0.0689,0.2979,0.1353,0.0769,0.0292,0.0214,0.0184,0.2787,0.1188,0.2608,0.1013
11575,-118.905,34.595,0.0463,0.0174,0.039,0.02,0.1773,0.0671,0.2948,0.1322,0.0733,0.0274,0.0207,0.0176,0.2678,0.1128,0.2532,0.0964
11576,-118.895,34.595,0.0387,0.0138,0.0364,0.0183,0.1698,0.0631,0.2836,0.1247,0.061,0.0216,0.0195,0.0163,0.2504,0.1035,0.236,0.0868
11577,-118.885,34.595,0.0373,0.0131,0.0339,0.0167,0.1574,0.0569,0.2644,0.1128,0.0582,0.0202,0.0177,0.0144,0.2264,0.0909,0.2217,0.0792
11578,-118.875,34.595,0.0378,0.0132,0.0347,0.0171,0.1637,0.0595,0.2754,0.1182,0.0584,0.0202,0.0181,0.0148,0.228,0.0921,0.2266,0.0808
11579,-118.865,34.595,0.0408,0.0144,0.036,0.0178,0.1736,0.0639,0.2924,0.1269,0.0623,0.0218,0.019,0.0156,0.2345,0.096,0.2419,0.087
11580,-118.855,34.595,0.0439,0.0156,0.0364,0.018,0.1826,0.0675,0.3082,0.1342,0.0664,0.0235,0.0196,0.0161,0.2394,0.0986,0.2532,0.0914
11581,-118.845,34.595,0.0457,0.0163,0.0366,0.0181,0.1863,0.0689,0.3149,0.1369,0.0683,0.0243,0.0196,0.0162,0.2369,0.0976,0.2559,0.0918
11582,-118.835,34.595,0.0432,0.015,0.0366,0.018,0.1847,0.0679,0.3127,0.1349,0.064,0.0222,0.019,0.0156,0.227,0.0931,0.2518,0.089
11583,-118.825,34.595,0.0428,0.0147,0.0369,0.0181,0.1884,0.0693,0.3194,0.1373,0.0626,0.0215,0.019,0.0156,0.2238,0.0917,0.2524,0.0884
11584,-118.815,34.595,0.0427,0.0146,0.0368,0.018,0.1923,0.0705,0.3263,0.1394,0.0619,0.0211,0.0189,0.0155,0.2208,0.0903,0.2512,0.0869
11585,-118.805,34.595,0.041,0.0137,0.0351,0.0169,0.1911,0.0691,0.3248,0.1362,0.0587,0.0196,0.0182,0.0149,0.2121,0.0857,0.2496,0.0852
11586,-118.795,34.595,0.0415,0.0138,0.0344,0.0164,0.196,0.0708,0.333,0.1387,0.0587,0.0195,0.0181,0.0149,0.2093,0.0844,0.2531,0.0858
11587,-118.785,34.595,0.0421,0.0139,0.0347,0.0165,0.207,0.0754,0.351,0.1469,0.0589,0.0195,0.0186,0.0155,0.2124,0.0866,0.2587,0.0874
11588,-118.775,34.595,0.0429,0.0141,0.0348,0.0165,0.2072,0.0746,0.351,0.1442,0.0593,0.0195,0.018,0.015,0.2045,0.0826,0.262,0.0878
11589,-118.765,34.595,0.043,0.014,0.0352,0.0167,0.2069,0.0735,0.3501,0.1408,0.0586,0.0191,0.0173,0.0144,0.196,0.0783,0.2647,0.0879
11590,-118.755,34.595,0.0437,0.0141,0.0372,0.0179,0.2154,0.0764,0.3633,0.1449,0.0588,0.0191,0.0173,0.0146,0.1953,0.0782,0.2702,0.0893
11591,-118.745,34.595,0.0516,0.0174,0.043,0.0214,0.2508,0.0938,0.4171,0.1749,0.0681,0.0232,0.0197,0.0175,0.2164,0.0916,0.319,0.1109
11592,-118.735,34.595,0.0669,0.0238,0.0524,0.0273,0.3132,0.1256,0.5116,0.2307,0.0871,0.0315,0.0245,0.0231,0.2594,0.1185,0.3736,0.14
11593,-118.725,34.595,0.076,0.0275,0.0574,0.0304,0.3554,0.1466,0.5747,0.2645,0.098,0.0365,0.0277,0.0263,0.2801,0.1316,0.4178,0.165
11594,-118.715,34.595,0.0768,0.0276,0.0607,0.0325,0.3896,0.1633,0.6255,0.2897,0.0994,0.0371,0.0303,0.0287,0.293,0.14,0.4412,0.1783
11595,-118.705,34.595,0.0777,0.0278,0.0611,0.0327,0.4053,0.1692,0.6472,0.2945,0.1014,0.0381,0.0318,0.0292,0.2904,0.1389,0.4593,0.188
11596,-118.695,34.595,0.0785,0.0279,0.0614,0.0328,0.4215,0.175,0.6697,0.2986,0.1038,0.0392,0.0334,0.0297,0.2878,0.1378,0.4776,0.1977
11597,-118.685,34.595,0.0794,0.028,0.0618,0.0329,0.4382,0.1807,0.6929,0.302,0.1062,0.0403,0.0351,0.0302,0.2852,0.1366,0.4966,0.2079
11598,-118.675,34.595,0.0802,0.0281,0.0619,0.0329,0.4573,0.1871,0.7193,0.3056,0.1087,0.0415,0.0374,0.0311,0.2846,0.137,0.5156,0.218
11599,-118.665,34.595,0.0815,0.0284,0.061,0.0322,0.4704,0.1895,0.7375,0.3028,0.1116,0.0429,0.0391,0.0314,0.2804,0.1349,0.5305,0.2236
11600,-118.655,34.595,0.0745,0.0251,0.0555,0.0285,0.4521,0.1718,0.7126,0.2684,0.1038,0.0389,0.0374,0.0285,0.2575,0.1198,0.5256,0.2132
11601,-118.645,34.595,0.0679,0.022,0.0522,0.0263,0.4419,0.1585,0.6947,0.2387,0.096,0.035,0.0368,0.0266,0.2414,0.1094,0.5261,0.2078
11602,-118.635,34.595,0.0678,0.0217,0.0513,0.0256,0.4401,0.1496,0.6839,0.2136,0.0968,0.0353,0.0372,0.0257,0.2323,0.1037,0.5371,0.2109
11603,-118.625,34.595,0.0686,0.0217,0.0512,0.0255,0.4438,0.1441,0.6682,0.1914,0.0985,0.036,0.0385,0.0256,0.2272,0.1009,0.5559,0.2194
11604,-118.615,34.595,0.0693,0.0218,0.0513,0.0254,0.4491,0.1395,0.6507,0.1702,0.1,0.0367,0.04,0.0256,0.2232,0.0989,0.5718,0.2262
11605,-118.605,34.595,0.07,0.0218,0.051,0.0252,0.4565,0.1357,0.6292,0.1513,0.1014,0.0373,0.0418,0.0259,0.2204,0.0976,0.5894,0.2341
11606,-118.595,34.595,0.0706,0.0217,0.0503,0.0247,0.4597,0.1303,0.6019,0.1324,0.1026,0.0377,0.0432,0.0257,0.2156,0.0952,0.6007,0.238
11607,-118.585,34.595,0.0702,0.0213,0.049,0.0239,0.4587,0.1233,0.5688,0.1134,0.1021,0.0374,0.0443,0.0252,0.2088,0.0915,0.594,0.2304
11608,-118.575,34.595,0.0536,0.015,0.0431,0.0203,0.4212,0.1059,0.4976,0.0899,0.0783,0.0266,0.0414,0.0222,0.1859,0.0791,0.5363,0.1983
11609,-118.565,34.595,0.0531,0.0146,0.0385,0.0176,0.3909,0.0922,0.4363,0.0708,0.0773,0.0261,0.0394,0.0197,0.1666,0.0687,0.5299,0.1935
11610,-118.555,34.595,0.0603,0.0169,0.0452,0.0215,0.433,0.1062,0.4608,0.0778,0.0873,0.0306,0.046,0.0225,0.1815,0.077,0.5735,0.2155
11611,-118.545,34.595,0.0726,0.021,0.0489,0.0236,0.4587,0.1174,0.4682,0.0839,0.1043,0.0382,0.051,0.0242,0.1892,0.0815,0.6566,0.2589
11612,-118.535,34.595,0.0738,0.0211,0.0495,0.0239,0.4681,0.1258,0.4586,0.0891,0.1054,0.0386,0.0547,0.0248,0.1899,0.0822,0.6701,0.2647
11613,-118.525,34.595,0.0719,0.0201,0.05,0.0241,0.449,0.125,0.425,0.0881,0.102,0.037,0.0549,0.0235,0.179,0.0766,0.6673,0.2609
11614,-118.515,34.595,0.0716,0.0197,0.0498,0.024,0.4294,0.1241,0.3916,0.087,0.1008,0.0365,0.0552,0.022,0.1678,0.0709,0.664,0.2572
11615,-118.505,34.595,0.0694,0.0186,0.0466,0.0219,0.4359,0.1324,0.3831,0.0917,0.0972,0.0346,0.0591,0.0223,0.167,0.0707,0.6668,0.2574
11616,-118.495,34.595,0.0665,0.0172,0.0445,0.0206,0.4418,0.1407,0.3754,0.0964,0.0923,0.0323,0.0635,0.0225,0.1662,0.0704,0.6675,0.2563
11617,-118.485,34.595,0.0668,0.017,0.0435,0.0201,0.4473,0.1489,0.3684,0.1011,0.0919,0.0321,0.0683,0.0226,0.1655,0.0702,0.6805,0.2618
11618,-118.475,34.595,0.068,0.0171,0.0436,0.0201,0.4508,0.1563,0.3619,0.1054,0.0927,0.0324,0.074,0.0228,0.1645,0.0699,0.6982,0.2695
11619,-118.465,34.595,0.0694,0.0172,0.0439,0.0202,0.453,0.1632,0.3557,0.1096,0.0937,0.0328,0.0795,0.023,0.1634,0.0695,0.7179,0.2783
11620,-118.455,34.595,0.0708,0.0172,0.0442,0.0204,0.4503,0.1677,0.3499,0.1133,0.0947,0.0332,0.0839,0.0231,0.1621,0.069,0.7385,0.2876
11621,-118.445,34.595,0.0717,0.0171,0.0442,0.0203,0.4466,0.1713,0.3441,0.1167,0.095,0.0333,0.0849,0.0233,0.1608,0.0685,0.7565,0.2955
11622,-118.435,34.595,0.0724,0.0169,0.0439,0.0201,0.4417,0.1738,0.3384,0.1196,0.0951,0.0333,0.0823,0.0236,0.1594,0.068,0.7752,0.3035
11623,-118.425,34.595,0.0737,0.0169,0.0439,0.0201,0.4351,0.1744,0.3323,0.1217,0.096,0.0337,0.08,0.0239,0.1578,0.0673,0.795,0.3121
11624,-118.415,34.595,0.0745,0.0167,0.0438,0.02,0.4276,0.174,0.3257,0.1233,0.0963,0.0339,0.0778,0.0242,0.1561,0.0666,0.8156,0.3211
11625,-118.405,34.595,0.0744,0.0162,0.0428,0.0194,0.4177,0.1712,0.3174,0.1233,0.0956,0.0335,0.0759,0.0244,0.1539,0.0656,0.8266,0.3247
11626,-118.395,34.595,0.0725,0.0153,0.0421,0.019,0.4074,0.1677,0.3088,0.123,0.0928,0.0322,0.0743,0.0246,0.1518,0.0646,0.838,0.3285
11627,-118.385,34.595,0.0739,0.0152,0.0417,0.0187,0.3966,0.1635,0.2997,0.1223,0.0942,0.0328,0.073,0.0249,0.1497,0.0637,0.8522,0.334
11628,-118.375,34.595,0.0731,0.0146,0.0406,0.0181,0.3887,0.1607,0.2923,0.1228,0.0928,0.0322,0.073,0.0256,0.1491,0.0636,0.8712,0.3421
11629,-118.365,34.595,0.0734,0.0143,0.0396,0.0175,0.3801,0.1572,0.2841,0.1228,0.0928,0.0322,0.0729,0.0262,0.1482,0.0634,0.888,0.349
11630,-118.355,34.595,0.0744,0.0141,0.0396,0.0176,0.3652,0.1491,0.27,0.119,0.0934,0.0325,0.0716,0.0261,0.1443,0.0614,0.9091,0.3582
11631,-118.345,34.595,0.0751,0.0138,0.0399,0.0177,0.3558,0.144,0.2598,0.1176,0.0938,0.0327,0.0716,0.0266,0.1426,0.0606,0.9357,0.3701
11632,-118.335,34.595,0.0772,0.0138,0.0404,0.018,0.352,0.142,0.2535,0.1187,0.0955,0.0334,0.0728,0.0276,0.1433,0.0611,0.9663,0.3841
11633,-118.325,34.595,0.0769,0.0133,0.0404,0.018,0.3366,0.1337,0.2384,0.1144,0.0943,0.0329,0.0712,0.0274,0.1386,0.0587,0.9845,0.3912
11634,-118.315,34.595,0.0772,0.0129,0.0406,0.0181,0.3211,0.1253,0.2232,0.1101,0.0935,0.0325,0.0694,0.0271,0.134,0.0564,0.9964,0.3948
11635,-118.305,34.595,0.0814,0.0133,0.0423,0.019,0.3173,0.1232,0.2165,0.1115,0.0972,0.0341,0.0698,0.0282,0.1345,0.0568,1.0524,0.4222
11636,-118.295,34.595,0.0943,0.0153,0.0448,0.0204,0.3222,0.1259,0.2159,0.1182,0.1105,0.0402,0.0717,0.0302,0.139,0.0595,1.1523,0.4745
11637,-118.285,34.595,0.1012,0.0159,0.048,0.0223,0.3359,0.1335,0.2213,0.1302,0.1165,0.0428,0.0751,0.0333,0.1474,0.0645,1.2348,0.5222
11638,-118.275,34.595,0.1117,0.0172,0.0528,0.0251,0.357,0.1478,0.2323,0.1527,0.1256,0.0475,0.0805,0.0382,0.161,0.0734,1.3098,0.5758
11639,-118.265,34.595,0.1263,0.0189,0.0561,0.0271,0.3745,0.16,0.2406,0.1743,0.1385,0.0535,0.0847,0.0425,0.1727,0.0812,1.3709,0.624
11640,-118.255,34.595,0.1243,0.0175,0.0508,0.024,0.3666,0.1554,0.2304,0.1807,0.1332,0.0508,0.0812,0.0421,0.1704,0.0801,1.4041,0.6468
11641,-118.245,34.595,0.1214,0.0163,0.0469,0.0216,0.351,0.1456,0.2155,0.1761,0.1277,0.0479,0.0757,0.04,0.1636,0.076,1.3838,0.6083
11642,-118.235,34.595,0.1107,0.0146,0.0441,0.02,0.3278,0.1306,0.196,0.1604,0.1183,0.0433,0.0682,0.0363,0.1522,0.0689,1.3053,0.5486
11643,-118.225,34.595,0.0957,0.0127,0.0446,0.0203,0.2819,0.1067,0.1653,0.1261,0.1062,0.0377,0.0573,0.0299,0.1302,0.0566,1.2153,0.4944
11644,-118.215,34.595,0.0936,0.0129,0.0456,0.0209,0.2434,0.0871,0.1396,0.0957,0.1074,0.0382,0.0484,0.0246,0.1118,0.0465,1.1516,0.4618
11645,-118.205,34.595,0.0885,0.0125,0.0456,0.0209,0.2632,0.0976,0.1498,0.1026,0.1048,0.0369,0.0529,0.0277,0.1216,0.0523,1.154,0.4671
11646,-118.195,34.595,0.0899,0.0132,0.0481,0.0224,0.3048,0.1205,0.1755,0.1224,0.1092,0.0389,0.0628,0.0346,0.1433,0.0655,1.2406,0.5213
11647,-118.185,34.595,0.1151,0.0188,0.0531,0.0254,0.3681,0.1559,0.2167,0.1551,0.1418,0.0548,0.078,0.0453,0.1769,0.0859,1.3655,0.647
11648,-118.175,34.595,0.1389,0.0247,0.0596,0.0293,0.3708,0.1572,0.2206,0.1541,0.1722,0.0702,0.08,0.0451,0.1782,0.0868,1.4402,0.7452
11649,-118.165,34.595,0.1367,0.025,0.065,0.0327,0.3629,0.1528,0.218,0.1475,0.1716,0.0694,0.0798,0.0428,0.174,0.0845,1.4103,0.7491
11650,-118.155,34.595,0.1337,0.0251,0.0638,0.0319,0.3645,0.1541,0.2212,0.1478,0.1697,0.0679,0.0823,0.0411,0.1745,0.085,1.3779,0.7196
11651,-118.145,34.595,0.1307,0.0252,0.0627,0.0313,0.3614,0.1527,0.2219,0.1455,0.1685,0.067,0.0825,0.0381,0.1727,0.0841,1.3487,0.6962
11652,-118.135,34.595,0.128,0.0253,0.0617,0.0306,0.3538,0.1486,0.2203,0.1406,0.1692,0.0672,0.0805,0.0339,0.1685,0.0817,1.3212,0.6783
11653,-118.125,34.595,0.1268,0.0259,0.0617,0.0306,0.351,0.1478,0.2237,0.1384,0.1722,0.0689,0.0784,0.031,0.1673,0.0813,1.2947,0.6654
11654,-118.115,34.595,0.1264,0.0266,0.0619,0.0308,0.3493,0.1477,0.2281,0.1368,0.1768,0.0715,0.0767,0.0288,0.1667,0.0813,1.269,0.6567
11655,-118.105,34.595,0.1259,0.0271,0.0625,0.0312,0.3477,0.1472,0.2318,0.1358,0.1815,0.0742,0.0769,0.0293,0.1667,0.0817,1.2439,0.65
11656,-118.095,34.595,0.1253,0.0276,0.0631,0.0315,0.3456,0.1463,0.235,0.1351,0.1864,0.077,0.0775,0.0302,0.1666,0.0821,1.2194,0.6435
11657,-118.085,34.595,0.1246,0.028,0.0636,0.0319,0.3429,0.1449,0.2375,0.1345,0.1909,0.0796,0.0787,0.0318,0.1666,0.0825,1.1956,0.6365
11658,-118.075,34.595,0.1238,0.0284,0.0641,0.0323,0.3397,0.1431,0.2395,0.134,0.1951,0.0821,0.0797,0.0333,0.1665,0.0828,1.1724,0.6284
11659,-118.065,34.595,0.1229,0.0288,0.0646,0.0326,0.3364,0.1413,0.2411,0.1335,0.1991,0.0844,0.0806,0.0349,0.1663,0.0831,1.1498,0.6199
11660,-118.055,34.595,0.1219,0.0291,0.065,0.0329,0.3328,0.1394,0.2422,0.1333,0.2027,0.0866,0.0815,0.0362,0.1661,0.0833,1.1273,0.6109
11661,-118.045,34.595,0.1208,0.0294,0.0654,0.0332,0.329,0.1374,0.2429,0.1329,0.2059,0.0885,0.0825,0.0374,0.1658,0.0835,1.1053,0.6015
11662,-118.035,34.595,0.1195,0.0296,0.0657,0.0334,0.325,0.1353,0.2432,0.1325,0.2086,0.0902,0.0837,0.0384,0.1653,0.0836,1.0843,0.592
11663,-118.025,34.595,0.1179,0.0297,0.0657,0.0334,0.3199,0.1325,0.2421,0.1313,0.2106,0.0913,0.0847,0.0392,0.1642,0.0832,1.0634,0.5808
11664,-118.015,34.595,0.116,0.0297,0.0656,0.0334,0.3144,0.1296,0.2404,0.1298,0.2116,0.0919,0.0857,0.0398,0.1629,0.0827,1.0424,0.5685
11665,-118.005,34.595,0.1141,0.0297,0.0653,0.0333,0.3085,0.1264,0.2377,0.1277,0.2122,0.0923,0.0861,0.0399,0.1613,0.0819,1.0217,0.5558
11666,-117.995,34.595,0.1122,0.0296,0.065,0.0332,0.3026,0.1234,0.2347,0.1255,0.2124,0.0924,0.0861,0.0396,0.1596,0.0811,1.0016,0.5432
11667,-117.985,34.595,0.1104,0.0295,0.0647,0.033,0.2968,0.1204,0.2314,0.123,0.2126,0.0925,0.0857,0.0391,0.158,0.0804,0.9822,0.5311
11668,-117.975,34.595,0.1087,0.0295,0.0645,0.0329,0.2912,0.1176,0.2278,0.1204,0.2126,0.0926,0.085,0.0384,0.1565,0.0797,0.9634,0.5194
11669,-117.965,34.595,0.1071,0.0294,0.0642,0.0328,0.2857,0.1149,0.2241,0.1177,0.2127,0.0927,0.0841,0.0376,0.1551,0.079,0.9453,0.5083
11670,-117.955,34.595,0.1057,0.0294,0.0639,0.0327,0.2805,0.1124,0.2204,0.1151,0.2128,0.0928,0.0829,0.0366,0.1537,0.0784,0.9279,0.4977
11671,-117.945,34.595,0.1044,0.0294,0.0637,0.0326,0.2754,0.1101,0.2169,0.1126,0.213,0.093,0.0816,0.0356,0.1523,0.0778,0.9111,0.4875
11672,-117.935,34.595,0.1033,0.0294,0.0635,0.0325,0.2705,0.1078,0.2136,0.1103,0.2132,0.0933,0.0803,0.0346,0.151,0.0772,0.8954,0.4783
11673,-117.925,34.595,0.1022,0.0295,0.0632,0.0325,0.2659,0.1058,0.2105,0.1082,0.2136,0.0937,0.0788,0.0334,0.1498,0.0767,0.8803,0.4697
11674,-117.915,34.595,0.1013,0.0296,0.063,0.0324,0.2615,0.1038,0.2075,0.1062,0.2141,0.0942,0.0772,0.0323,0.1486,0.0762,0.866,0.4617
11675,-117.905,34.595,0.1005,0.0297,0.0628,0.0323,0.2573,0.1021,0.2046,0.1043,0.2147,0.0949,0.0757,0.0312,0.1475,0.0758,0.8527,0.4547
11676,-117.895,34.595,0.0998,0.0298,0.0626,0.0323,0.2532,0.1005,0.2016,0.1025,0.2155,0.0957,0.0741,0.0301,0.1464,0.0753,0.8404,0.4488
11677,-117.885,34.595,0.0991,0.0299,0.0624,0.0322,0.2494,0.0989,0.1987,0.1007,0.2165,0.0966,0.0726,0.0289,0.1453,0.0749,0.8219,0.4334
11678,-117.875,34.595,0.0986,0.0301,0.0548,0.0275,0.2097,0.0801,0.1668,0.0813,0.2177,0.0977,0.0603,0.023,0.1224,0.061,0.766,0.3884
11679,-117.865,34.595,0.0669,0.0187,0.0467,0.0225,0.1723,0.0622,0.1367,0.063,0.1524,0.0615,0.0487,0.0173,0.1007,0.0477,0.6252,0.2845
11680,-117.855,34.595,0.0641,0.0178,0.0443,0.0211,0.1822,0.0667,0.1445,0.0671,0.1482,0.0594,0.0512,0.018,0.1075,0.0516,0.6279,0.2881
11681,-117.845,34.595,0.0841,0.0255,0.0473,0.0231,0.1848,0.068,0.1466,0.0682,0.1946,0.0857,0.0517,0.0178,0.1098,0.0531,0.6722,0.324
11682,-117.835,34.595,0.0857,0.0265,0.0558,0.0285,0.18,0.0664,0.143,0.0663,0.2005,0.0901,0.0502,0.0169,0.1078,0.0522,0.7197,0.3644
11683,-117.825,34.595,0.0962,0.0308,0.0524,0.0264,0.1897,0.0714,0.1513,0.0713,0.2273,0.1066,0.0532,0.0178,0.1147,0.0566,0.7366,0.3848
11684,-117.815,34.595,0.0808,0.0249,0.049,0.0242,0.2027,0.0781,0.1623,0.0779,0.1961,0.0879,0.0576,0.0193,0.1237,0.0624,0.7348,0.3884
11685,-117.805,34.595,0.095,0.0309,0.0569,0.0294,0.2163,0.086,0.1746,0.0862,0.227,0.1072,0.0645,0.0223,0.1335,0.0693,0.746,0.408
11686,-117.795,34.595,0.0946,0.031,0.0608,0.032,0.2219,0.0897,0.1806,0.0903,0.2233,0.1047,0.0698,0.0248,0.1382,0.0728,0.75,0.4189
11687,-117.785,34.595,0.0939,0.031,0.0607,0.032,0.2195,0.0891,0.1801,0.0903,0.2193,0.1021,0.0734,0.0266,0.1377,0.0727,0.7376,0.4094
11688,-117.775,34.595,0.0933,0.031,0.0606,0.032,0.2173,0.0885,0.1797,0.0903,0.2155,0.0998,0.0774,0.0286,0.1372,0.0727,0.7263,0.401
11689,-117.765,34.595,0.0926,0.031,0.0605,0.0321,0.2149,0.0878,0.1792,0.0902,0.2121,0.0977,0.0815,0.0307,0.1366,0.0726,0.7158,0.3938
11690,-117.755,34.595,0.092,0.0309,0.0604,0.0321,0.2113,0.0864,0.1775,0.0894,0.209,0.0958,0.0854,0.0326,0.1351,0.0719,0.702,0.3824
11691,-117.745,34.595,0.0894,0.03,0.0565,0.0297,0.1901,0.0759,0.1606,0.079,0.202,0.0915,0.0808,0.0304,0.122,0.0635,0.6769,0.3596
11692,-117.735,34.595,0.0743,0.0239,0.049,0.0248,0.1514,0.0563,0.1284,0.059,0.1686,0.0721,0.0678,0.0243,0.0973,0.0473,0.6185,0.3059
11693,-117.725,34.595,0.0902,0.0309,0.0537,0.0281,0.1749,0.0691,0.1503,0.0731,0.2006,0.0911,0.0843,0.0325,0.1137,0.0586,0.653,0.3439
11694,-117.715,34.595,0.0895,0.0308,0.0598,0.0321,0.2047,0.0852,0.1774,0.0906,0.198,0.0897,0.1033,0.042,0.1343,0.0726,0.6697,0.3641
11695,-117.705,34.595,0.0889,0.0308,0.0596,0.032,0.2026,0.0846,0.1768,0.0906,0.1955,0.0884,0.1048,0.0434,0.1337,0.0725,0.662,0.3596
11696,-117.695,34.595,0.0882,0.0307,0.0593,0.032,0.2006,0.0841,0.1761,0.0905,0.193,0.0872,0.106,0.0447,0.1331,0.0724,0.6526,0.3529
11697,-117.685,34.595,0.0876,0.0307,0.0591,0.0319,0.1984,0.0835,0.1753,0.0904,0.1906,0.086,0.1069,0.0459,0.1325,0.0722,0.6435,0.3463
11698,-117.675,34.595,0.0869,0.0306,0.0582,0.0315,0.1963,0.0829,0.1744,0.0902,0.1882,0.0849,0.1078,0.047,0.1318,0.0721,0.6338,0.339
11699,-117.665,34.595,0.0863,0.0306,0.0558,0.03,0.1931,0.0817,0.1725,0.0894,0.1859,0.0838,0.1079,0.0478,0.1303,0.0714,0.6172,0.3239
11700,-117.655,34.595,0.0776,0.027,0.0464,0.024,0.1848,0.0775,0.1658,0.0852,0.1674,0.0735,0.105,0.0467,0.1253,0.068,0.5875,0.2942
11701,-118.945,34.605,0.0342,0.0124,0.0329,0.0165,0.131,0.0464,0.2145,0.0905,0.0564,0.0201,0.0162,0.013,0.2284,0.0898,0.2035,0.0747
11702,-118.935,34.605,0.0347,0.0125,0.034,0.0172,0.1335,0.0472,0.2192,0.0925,0.0567,0.0202,0.0163,0.0131,0.2272,0.0893,0.21,0.0771
11703,-118.925,34.605,0.0362,0.013,0.0345,0.0174,0.149,0.0542,0.245,0.1066,0.0585,0.0209,0.018,0.0148,0.2456,0.0996,0.2197,0.081
11704,-118.915,34.605,0.0404,0.0149,0.0355,0.018,0.1637,0.0607,0.2695,0.1197,0.0648,0.0237,0.0196,0.0163,0.2625,0.1089,0.235,0.0879
11705,-118.905,34.605,0.0443,0.0166,0.0394,0.0204,0.1608,0.0588,0.2658,0.1164,0.0702,0.0261,0.0189,0.0155,0.2518,0.103,0.2406,0.0896
11706,-118.895,34.605,0.0429,0.0158,0.0393,0.0203,0.1569,0.0566,0.2602,0.1123,0.0675,0.0247,0.0181,0.0147,0.2398,0.0968,0.2373,0.087
11707,-118.885,34.605,0.039,0.0139,0.0352,0.0175,0.1521,0.054,0.2528,0.1075,0.0608,0.0215,0.0173,0.0138,0.2266,0.0902,0.2279,0.0818
11708,-118.875,34.605,0.0373,0.013,0.0357,0.0178,0.1551,0.055,0.2583,0.1096,0.0575,0.0199,0.0173,0.0138,0.2243,0.0892,0.2313,0.0825
11709,-118.865,34.605,0.0417,0.0148,0.0367,0.0183,0.1603,0.0569,0.2675,0.1137,0.0637,0.0225,0.0176,0.014,0.2249,0.0898,0.2399,0.0856
11710,-118.855,34.605,0.0424,0.015,0.0348,0.0171,0.1683,0.0602,0.2813,0.1203,0.064,0.0226,0.0181,0.0145,0.2286,0.0919,0.2436,0.0865
11711,-118.845,34.605,0.0394,0.0136,0.0339,0.0165,0.1702,0.0607,0.2848,0.1212,0.0589,0.0202,0.0179,0.0143,0.2242,0.09,0.2407,0.0843
11712,-118.835,34.605,0.0391,0.0133,0.034,0.0165,0.1658,0.0583,0.2778,0.1164,0.0577,0.0196,0.0171,0.0135,0.2117,0.0838,0.2392,0.0828
11713,-118.825,34.605,0.0395,0.0134,0.0341,0.0165,0.1686,0.0591,0.2827,0.1178,0.0578,0.0195,0.0169,0.0134,0.208,0.0822,0.2416,0.0829
11714,-118.815,34.605,0.04,0.0135,0.0342,0.0165,0.173,0.0606,0.2901,0.1205,0.0577,0.0194,0.017,0.0134,0.2062,0.0815,0.244,0.0831
11715,-118.805,34.605,0.0405,0.0135,0.034,0.0163,0.1778,0.0623,0.298,0.1233,0.0577,0.0193,0.0169,0.0135,0.2043,0.0809,0.2463,0.0833
11716,-118.795,34.605,0.041,0.0136,0.0339,0.0162,0.1828,0.064,0.3063,0.1262,0.0577,0.0192,0.0169,0.0136,0.2024,0.0802,0.2501,0.084
11717,-118.785,34.605,0.0414,0.0137,0.0341,0.0163,0.1882,0.0659,0.3149,0.129,0.0576,0.0191,0.0169,0.0136,0.2005,0.0795,0.2548,0.085
11718,-118.775,34.605,0.0419,0.0138,0.0343,0.0163,0.1949,0.0682,0.3254,0.1325,0.0575,0.0189,0.0169,0.0138,0.1994,0.0793,0.2609,0.0867
11719,-118.765,34.605,0.0425,0.0138,0.0357,0.0171,0.206,0.0727,0.3425,0.14,0.0573,0.0188,0.0172,0.0144,0.2022,0.0813,0.2749,0.0919
11720,-118.755,34.605,0.0478,0.016,0.0433,0.0218,0.2368,0.0873,0.3892,0.1659,0.0634,0.0213,0.0193,0.0169,0.2227,0.0941,0.304,0.1039
11721,-118.745,34.605,0.0664,0.0239,0.0503,0.0262,0.2832,0.1104,0.4589,0.2064,0.0858,0.0313,0.0226,0.021,0.2538,0.1137,0.3654,0.1359
11722,-118.735,34.605,0.0743,0.0272,0.0567,0.0303,0.3449,0.1419,0.5517,0.2614,0.0943,0.0351,0.0271,0.0265,0.2956,0.14,0.4051,0.1576
11723,-118.725,34.605,0.0752,0.0273,0.0589,0.0316,0.3661,0.1514,0.582,0.2742,0.0945,0.035,0.0283,0.0277,0.3005,0.1435,0.4296,0.1713
11724,-118.715,34.605,0.0761,0.0274,0.06,0.0322,0.3792,0.1563,0.5997,0.2782,0.0962,0.0358,0.0291,0.0281,0.2977,0.1423,0.4452,0.1794
11725,-118.705,34.605,0.077,0.0276,0.0603,0.0324,0.393,0.1613,0.6182,0.2813,0.0987,0.0369,0.0308,0.0286,0.295,0.1411,0.464,0.1892
11726,-118.695,34.605,0.0778,0.0277,0.0607,0.0325,0.4071,0.166,0.6368,0.2833,0.1013,0.0382,0.0325,0.0292,0.2924,0.14,0.4839,0.1998
11727,-118.685,34.605,0.0787,0.0278,0.061,0.0326,0.4215,0.1704,0.6556,0.2843,0.104,0.0395,0.0345,0.0297,0.2898,0.1388,0.504,0.2104
11728,-118.675,34.605,0.0796,0.0279,0.0595,0.0315,0.4331,0.1727,0.6702,0.2804,0.1066,0.0408,0.0362,0.03,0.2855,0.1365,0.5217,0.2186
11729,-118.665,34.605,0.0754,0.0258,0.0571,0.0299,0.4378,0.1704,0.6748,0.2694,0.1026,0.0387,0.0372,0.0296,0.2769,0.1313,0.5268,0.2147
11730,-118.655,34.605,0.0669,0.0219,0.0528,0.027,0.4108,0.1488,0.6348,0.2278,0.0927,0.0337,0.0348,0.0259,0.2494,0.1133,0.5236,0.2066
11731,-118.645,34.605,0.0667,0.0216,0.0506,0.0254,0.4014,0.1373,0.6156,0.2009,0.0934,0.034,0.0344,0.0243,0.2342,0.1036,0.5302,0.2061
11732,-118.635,34.605,0.0675,0.0217,0.0505,0.0253,0.4093,0.1359,0.617,0.1884,0.0953,0.0348,0.036,0.0246,0.2313,0.1022,0.5457,0.2123
11733,-118.625,34.605,0.0683,0.0217,0.0506,0.0253,0.4032,0.1281,0.5927,0.1667,0.097,0.0356,0.0364,0.0238,0.2206,0.0966,0.557,0.2158
11734,-118.615,34.605,0.0681,0.0214,0.0504,0.0251,0.3966,0.1201,0.5658,0.1445,0.0972,0.0357,0.0367,0.023,0.21,0.091,0.5628,0.2161
11735,-118.605,34.605,0.0665,0.0205,0.0494,0.0244,0.4018,0.1168,0.5518,0.1294,0.0955,0.0348,0.0385,0.0232,0.2074,0.0899,0.5783,0.2223
11736,-118.595,34.605,0.0695,0.0214,0.0465,0.0226,0.4023,0.1117,0.5323,0.1137,0.0998,0.0367,0.0398,0.0231,0.2028,0.0875,0.5895,0.2262
11737,-118.585,34.605,0.0617,0.0182,0.0416,0.0196,0.3982,0.105,0.5073,0.0975,0.0888,0.0317,0.0407,0.0226,0.1963,0.0841,0.5744,0.2154
11738,-118.575,34.605,0.0527,0.0147,0.0389,0.018,0.3644,0.0903,0.4512,0.0779,0.076,0.0259,0.0386,0.0201,0.1768,0.0737,0.5414,0.1973
11739,-118.565,34.605,0.0529,0.0146,0.0373,0.017,0.3368,0.0785,0.4023,0.0619,0.0762,0.0259,0.0372,0.0181,0.1603,0.0649,0.5404,0.1956
11740,-118.555,34.605,0.0552,0.0152,0.0391,0.018,0.3692,0.0891,0.4194,0.0669,0.0791,0.0271,0.0425,0.0202,0.1713,0.071,0.5688,0.209
11741,-118.545,34.605,0.0605,0.0168,0.0402,0.0186,0.391,0.0986,0.4225,0.0717,0.0862,0.0302,0.0468,0.0215,0.1771,0.0744,0.6191,0.2339
11742,-118.535,34.605,0.0614,0.0168,0.0406,0.0188,0.4023,0.1068,0.4114,0.0764,0.0869,0.0304,0.0501,0.022,0.1777,0.075,0.6348,0.2406
11743,-118.525,34.605,0.0591,0.0158,0.041,0.019,0.3846,0.1055,0.3767,0.0746,0.0831,0.0287,0.05,0.0206,0.1667,0.0693,0.6405,0.2417
11744,-118.515,34.605,0.0589,0.0154,0.0412,0.0191,0.3659,0.104,0.3425,0.0726,0.0821,0.0282,0.0499,0.0191,0.1554,0.0634,0.647,0.2433
11745,-118.505,34.605,0.06,0.0155,0.0406,0.0186,0.3718,0.1113,0.3338,0.0764,0.0829,0.0285,0.0534,0.0192,0.1544,0.0631,0.6588,0.2479
11746,-118.495,34.605,0.0612,0.0157,0.0403,0.0184,0.3771,0.1185,0.3263,0.0804,0.0838,0.0288,0.0573,0.0193,0.1536,0.0628,0.671,0.2528
11747,-118.485,34.605,0.0623,0.0158,0.0402,0.0183,0.3818,0.1257,0.3198,0.0844,0.0845,0.0291,0.0616,0.0195,0.1528,0.0626,0.6881,0.2602
11748,-118.475,34.605,0.0635,0.0158,0.0403,0.0183,0.3846,0.1324,0.3147,0.0884,0.0852,0.0294,0.0668,0.0196,0.1519,0.0623,0.7074,0.2685
11749,-118.465,34.605,0.0646,0.0158,0.0405,0.0184,0.3863,0.1385,0.3099,0.0923,0.0858,0.0296,0.0718,0.0197,0.1509,0.062,0.7277,0.2774
11750,-118.455,34.605,0.0656,0.0158,0.0406,0.0185,0.3843,0.1429,0.3061,0.0961,0.0864,0.0298,0.0759,0.0199,0.1497,0.0616,0.7487,0.2867
11751,-118.445,34.605,0.0666,0.0158,0.0407,0.0185,0.3813,0.1464,0.3023,0.0995,0.0869,0.03,0.0768,0.0201,0.1486,0.0612,0.7692,0.2956
11752,-118.435,34.605,0.0676,0.0157,0.0406,0.0184,0.3773,0.1488,0.2987,0.1026,0.0874,0.0302,0.0743,0.0203,0.1473,0.0607,0.7904,0.3049
11753,-118.425,34.605,0.0685,0.0156,0.0406,0.0184,0.3719,0.1495,0.2945,0.1048,0.0879,0.0304,0.0722,0.0206,0.1459,0.0601,0.8122,0.3145
11754,-118.415,34.605,0.0693,0.0155,0.0406,0.0183,0.366,0.1494,0.2899,0.1065,0.0883,0.0306,0.0702,0.0209,0.1443,0.0595,0.8345,0.3243
11755,-118.405,34.605,0.0701,0.0153,0.0403,0.0181,0.3589,0.1475,0.2841,0.1069,0.0888,0.0308,0.0687,0.0212,0.1427,0.0589,0.8535,0.3324
11756,-118.395,34.605,0.0708,0.0151,0.04,0.018,0.3512,0.1448,0.2773,0.1068,0.0894,0.031,0.0675,0.0215,0.141,0.0581,0.8726,0.3405
11757,-118.385,34.605,0.0715,0.0149,0.0398,0.0178,0.3427,0.1413,0.2696,0.106,0.0899,0.0313,0.0664,0.0218,0.1391,0.0574,0.8924,0.349
11758,-118.375,34.605,0.0721,0.0146,0.0393,0.0176,0.3334,0.1368,0.2605,0.1046,0.0904,0.0315,0.0658,0.0221,0.1372,0.0565,0.9132,0.358
11759,-118.365,34.605,0.0727,0.0143,0.0389,0.0173,0.324,0.1321,0.251,0.103,0.0908,0.0317,0.0652,0.0224,0.1352,0.0557,0.9328,0.3663
11760,-118.355,34.605,0.0733,0.0141,0.0387,0.0172,0.3146,0.1271,0.2407,0.1011,0.0911,0.0318,0.065,0.0228,0.1331,0.0548,0.9534,0.3753
11761,-118.345,34.605,0.074,0.0138,0.0399,0.0178,0.3083,0.1237,0.2324,0.1005,0.0916,0.032,0.0655,0.0234,0.1322,0.0545,0.9848,0.39
11762,-118.335,34.605,0.0811,0.015,0.0424,0.0192,0.3051,0.1217,0.2261,0.101,0.0995,0.0356,0.0668,0.0244,0.1325,0.0548,1.032,0.4132
11763,-118.325,34.605,0.0811,0.0145,0.0446,0.0205,0.3203,0.132,0.2345,0.1123,0.0988,0.0352,0.074,0.0285,0.143,0.0615,1.092,0.4442
11764,-118.315,34.605,0.0873,0.0154,0.046,0.0213,0.3346,0.1413,0.2417,0.1228,0.105,0.0382,0.0806,0.0324,0.1528,0.0675,1.1378,0.4674
11765,-118.305,34.605,0.0824,0.0137,0.0446,0.0204,0.326,0.1333,0.2292,0.1187,0.0978,0.0348,0.0781,0.032,0.1486,0.0646,1.196,0.4971
11766,-118.295,34.605,0.0956,0.0158,0.047,0.0219,0.3353,0.1373,0.2306,0.1266,0.1114,0.041,0.0802,0.0346,0.1544,0.0679,1.278,0.5444
11767,-118.285,34.605,0.1115,0.0183,0.0532,0.0256,0.3627,0.1532,0.2458,0.1464,0.1273,0.0487,0.0869,0.0402,0.1702,0.0775,1.3922,0.6306
11768,-118.275,34.605,0.1161,0.0184,0.059,0.0292,0.3735,0.1606,0.2497,0.1628,0.1298,0.0505,0.0881,0.0431,0.1775,0.0826,1.4353,0.671
11769,-118.265,34.605,0.1403,0.0217,0.062,0.0311,0.3769,0.1637,0.2486,0.1762,0.153,0.0619,0.0873,0.0447,0.1811,0.0854,1.4293,0.6652
11770,-118.255,34.605,0.1291,0.0182,0.0514,0.0246,0.3609,0.1549,0.234,0.1784,0.1388,0.0544,0.0812,0.043,0.1743,0.0819,1.3766,0.6183
11771,-118.245,34.605,0.1097,0.0141,0.0452,0.0208,0.3471,0.1458,0.2211,0.1748,0.1165,0.0433,0.0755,0.0411,0.1681,0.0782,1.2748,0.5406
11772,-118.235,34.605,0.1062,0.0137,0.0434,0.0197,0.3355,0.1363,0.2096,0.1651,0.1147,0.0422,0.0701,0.039,0.1624,0.0742,1.2221,0.5063
11773,-118.225,34.605,0.0812,0.0102,0.0408,0.0183,0.2925,0.1137,0.1797,0.132,0.091,0.0313,0.0594,0.033,0.1418,0.0626,1.1503,0.4673
11774,-118.215,34.605,0.0797,0.0104,0.0394,0.0176,0.2537,0.0941,0.1529,0.1011,0.0922,0.0319,0.0501,0.0278,0.1235,0.0526,1.1065,0.4469
11775,-118.205,34.605,0.0846,0.0117,0.0443,0.0203,0.2662,0.1023,0.1602,0.105,0.1008,0.0357,0.0531,0.0308,0.1315,0.0581,1.1508,0.4763
11776,-118.195,34.605,0.1118,0.0174,0.0517,0.0248,0.3041,0.124,0.1837,0.1232,0.1357,0.0528,0.0622,0.0375,0.1523,0.0709,1.2819,0.5901
11777,-118.185,34.605,0.1381,0.0234,0.0617,0.0309,0.3674,0.1593,0.2235,0.1557,0.1696,0.0703,0.0774,0.048,0.1857,0.0913,1.3555,0.6897
11778,-118.175,34.605,0.1398,0.0245,0.0642,0.0324,0.3729,0.1621,0.2283,0.1561,0.1744,0.0725,0.0802,0.0482,0.1884,0.093,1.3744,0.7428
11779,-118.165,34.605,0.1367,0.0245,0.0647,0.0327,0.3665,0.1582,0.226,0.1502,0.1729,0.0713,0.0804,0.046,0.1846,0.0908,1.346,0.7313
11780,-118.155,34.605,0.134,0.0246,0.0637,0.0321,0.3599,0.1543,0.2239,0.1453,0.1718,0.0703,0.0804,0.043,0.1807,0.0886,1.3156,0.7041
11781,-118.145,34.605,0.1315,0.0248,0.0629,0.0316,0.3539,0.1509,0.2227,0.1411,0.1714,0.0697,0.08,0.0398,0.1771,0.0866,1.2853,0.6794
11782,-118.135,34.605,0.1294,0.0251,0.0621,0.0311,0.3484,0.1479,0.2222,0.1378,0.1721,0.07,0.0791,0.0365,0.174,0.0848,1.2561,0.6582
11783,-118.125,34.605,0.1279,0.0255,0.062,0.031,0.3449,0.1464,0.2242,0.1356,0.1741,0.071,0.0783,0.0342,0.1723,0.084,1.2284,0.6411
11784,-118.115,34.605,0.1268,0.026,0.062,0.0311,0.3419,0.1451,0.2267,0.1339,0.1773,0.0727,0.0776,0.0325,0.1709,0.0835,1.203,0.6292
11785,-118.105,34.605,0.1259,0.0265,0.0624,0.0313,0.3396,0.1442,0.2293,0.1328,0.1808,0.0748,0.0777,0.0323,0.1703,0.0836,1.1786,0.6199
11786,-118.095,34.605,0.125,0.027,0.0627,0.0315,0.3372,0.143,0.2317,0.1319,0.1846,0.0769,0.0782,0.0326,0.1698,0.0837,1.1552,0.6113
11787,-118.085,34.605,0.124,0.0274,0.0631,0.0318,0.3345,0.1417,0.2336,0.1312,0.1884,0.0791,0.0791,0.0335,0.1694,0.0839,1.1327,0.6029
11788,-118.075,34.605,0.123,0.0278,0.0635,0.0321,0.3315,0.14,0.2351,0.1306,0.192,0.0811,0.0801,0.0346,0.1691,0.084,1.1113,0.5942
11789,-118.065,34.605,0.1218,0.0282,0.0639,0.0324,0.3283,0.1382,0.2364,0.13,0.1953,0.0831,0.081,0.0357,0.1687,0.0842,1.0905,0.5856
11790,-118.055,34.605,0.1206,0.0285,0.0642,0.0326,0.3248,0.1363,0.2371,0.1295,0.1983,0.0849,0.082,0.0368,0.1683,0.0843,1.0702,0.5767
11791,-118.045,34.605,0.1193,0.0287,0.0644,0.0328,0.3211,0.1344,0.2375,0.1289,0.2011,0.0865,0.083,0.0377,0.1677,0.0843,1.0501,0.5676
11792,-118.035,34.605,0.1179,0.029,0.0646,0.0329,0.3172,0.1323,0.2374,0.1281,0.2034,0.0879,0.0839,0.0385,0.167,0.0842,1.0305,0.5584
11793,-118.025,34.605,0.1163,0.0291,0.0646,0.033,0.3125,0.1298,0.2363,0.127,0.2052,0.089,0.0848,0.0389,0.1659,0.0838,1.0115,0.5482
11794,-118.015,34.605,0.1146,0.0292,0.0646,0.033,0.3077,0.1272,0.2348,0.1256,0.2063,0.0897,0.0855,0.0393,0.1647,0.0834,0.9925,0.5375
11795,-118.005,34.605,0.1127,0.0292,0.0644,0.0329,0.3025,0.1245,0.2325,0.1238,0.2071,0.0902,0.0858,0.0392,0.1633,0.0827,0.9739,0.5265
11796,-117.995,34.605,0.111,0.0292,0.0642,0.0328,0.2973,0.1218,0.2299,0.1219,0.2077,0.0905,0.0858,0.039,0.1618,0.0821,0.9557,0.5155
11797,-117.985,34.605,0.1093,0.0291,0.0639,0.0327,0.2921,0.1191,0.2271,0.1197,0.208,0.0907,0.0855,0.0385,0.1603,0.0814,0.9381,0.5047
11798,-117.975,34.605,0.1077,0.0291,0.0637,0.0326,0.2869,0.1166,0.2239,0.1174,0.2083,0.0909,0.0848,0.0378,0.1589,0.0807,0.9211,0.4944
11799,-117.965,34.605,0.1062,0.0291,0.0635,0.0326,0.2819,0.1141,0.2207,0.1151,0.2085,0.0911,0.084,0.037,0.1574,0.0801,0.9046,0.4844
11800,-117.955,34.605,0.1049,0.0291,0.0632,0.0325,0.277,0.1118,0.2174,0.1128,0.2087,0.0914,0.0829,0.0361,0.1561,0.0795,0.8887,0.4749
11801,-117.945,34.605,0.1036,0.0292,0.063,0.0324,0.2723,0.1096,0.2142,0.1106,0.209,0.0916,0.0816,0.0351,0.1547,0.0789,0.8735,0.4658
11802,-117.935,34.605,0.1024,0.0292,0.0628,0.0323,0.2677,0.1075,0.211,0.1085,0.2093,0.092,0.0803,0.0341,0.1534,0.0784,0.8591,0.4575
11803,-117.925,34.605,0.1014,0.0293,0.0626,0.0322,0.26,0.1037,0.2052,0.1046,0.2098,0.0924,0.0776,0.0324,0.15,0.0764,0.8434,0.4468
11804,-117.915,34.605,0.1004,0.0293,0.0624,0.0322,0.2529,0.1002,0.1998,0.101,0.2103,0.0929,0.0751,0.0308,0.147,0.0746,0.8276,0.4356
11805,-117.905,34.605,0.0996,0.0294,0.0622,0.0321,0.2521,0.1004,0.1995,0.101,0.211,0.0936,0.0746,0.0303,0.1479,0.0756,0.8163,0.4308
11806,-117.895,34.605,0.0989,0.0296,0.062,0.0321,0.2503,0.0999,0.1982,0.1004,0.2118,0.0943,0.0737,0.0296,0.1481,0.076,0.8073,0.4288
11807,-117.885,34.605,0.0983,0.0297,0.0618,0.032,0.2474,0.0989,0.1959,0.0991,0.2127,0.0952,0.0724,0.0287,0.1476,0.076,0.7911,0.4162
11808,-117.875,34.605,0.0975,0.0298,0.0517,0.0258,0.208,0.0802,0.1641,0.0798,0.2136,0.0961,0.0601,0.0227,0.1247,0.0621,0.738,0.3729
11809,-117.865,34.605,0.0586,0.0158,0.0413,0.0194,0.1709,0.0625,0.1342,0.0617,0.1326,0.0517,0.0485,0.0171,0.1032,0.049,0.6029,0.2702
11810,-117.855,34.605,0.056,0.0151,0.0386,0.0179,0.1822,0.0676,0.1429,0.0665,0.1284,0.05,0.0514,0.0181,0.1107,0.0534,0.5845,0.2612
11811,-117.845,34.605,0.0649,0.0185,0.0393,0.0184,0.1848,0.069,0.1449,0.0676,0.1503,0.0618,0.052,0.018,0.113,0.0548,0.6048,0.2783
11812,-117.835,34.605,0.0639,0.0182,0.0434,0.0209,0.1788,0.0667,0.1402,0.065,0.1502,0.0617,0.0502,0.017,0.1102,0.0534,0.6434,0.3091
11813,-117.825,34.605,0.0823,0.0254,0.0448,0.0218,0.1891,0.072,0.1489,0.0703,0.1939,0.0868,0.0535,0.0181,0.1174,0.058,0.6815,0.3425
11814,-117.815,34.605,0.0779,0.0239,0.0471,0.0232,0.2026,0.0789,0.1605,0.0774,0.1857,0.0822,0.0581,0.0198,0.1266,0.064,0.6993,0.3624
11815,-117.805,34.605,0.094,0.0306,0.0559,0.0289,0.2154,0.0864,0.1724,0.0853,0.2209,0.1039,0.0647,0.0226,0.1359,0.0706,0.7172,0.3878
11816,-117.795,34.605,0.0934,0.0306,0.0602,0.0317,0.2206,0.0898,0.1781,0.0893,0.2179,0.102,0.0696,0.0249,0.1403,0.0738,0.723,0.4004
11817,-117.785,34.605,0.0927,0.0306,0.0601,0.0317,0.2182,0.0891,0.1777,0.0892,0.2146,0.0999,0.0729,0.0265,0.1397,0.0737,0.7121,0.3925
11818,-117.775,34.605,0.0921,0.0306,0.0599,0.0318,0.216,0.0885,0.1775,0.0893,0.2113,0.0979,0.0767,0.0284,0.1392,0.0736,0.7018,0.3851
11819,-117.765,34.605,0.0915,0.0306,0.0598,0.0318,0.2138,0.0879,0.1772,0.0894,0.2082,0.096,0.0806,0.0304,0.1386,0.0736,0.6923,0.3787
11820,-117.755,34.605,0.0908,0.0306,0.0597,0.0318,0.2117,0.0873,0.177,0.0896,0.2053,0.0943,0.0848,0.0325,0.1381,0.0735,0.6808,0.3698
11821,-117.745,34.605,0.0867,0.0291,0.0535,0.0279,0.1966,0.08,0.1656,0.0826,0.1954,0.0882,0.0828,0.0316,0.1289,0.0677,0.6578,0.3494
11822,-117.735,34.605,0.0631,0.0196,0.0411,0.0201,0.1687,0.0659,0.1429,0.0684,0.1433,0.0589,0.0747,0.0278,0.1111,0.0561,0.5924,0.2902
11823,-117.725,34.605,0.0868,0.0296,0.049,0.0253,0.1757,0.07,0.1504,0.0734,0.1929,0.087,0.0825,0.0318,0.1164,0.0599,0.6198,0.3174
11824,-117.715,34.605,0.0884,0.0305,0.059,0.0318,0.1878,0.0767,0.1621,0.0811,0.1947,0.0884,0.0924,0.0368,0.1251,0.066,0.6254,0.3251
11825,-117.705,34.605,0.0877,0.0305,0.0588,0.0317,0.1899,0.0783,0.165,0.0832,0.1923,0.0872,0.0964,0.0392,0.1272,0.0677,0.6095,0.3128
11826,-117.695,34.605,0.0871,0.0304,0.0586,0.0317,0.1857,0.0767,0.1624,0.082,0.1899,0.086,0.0968,0.04,0.1251,0.0666,0.6083,0.3132
11827,-117.685,34.605,0.0865,0.0304,0.0584,0.0316,0.1753,0.072,0.1543,0.0775,0.1876,0.0849,0.0936,0.039,0.1186,0.0628,0.5892,0.299
11828,-117.675,34.605,0.0857,0.0303,0.0556,0.0299,0.1752,0.0723,0.1551,0.0783,0.1852,0.0837,0.0956,0.0405,0.1191,0.0633,0.5789,0.2917
11829,-117.665,34.605,0.0795,0.0277,0.053,0.0282,0.1773,0.0737,0.1579,0.0802,0.172,0.0759,0.0988,0.0426,0.1213,0.0649,0.576,0.2902
11830,-117.655,34.605,0.0795,0.0279,0.0532,0.0285,0.1804,0.0757,0.1615,0.0828,0.171,0.0757,0.1027,0.0452,0.1243,0.067,0.577,0.2918
11831,-118.945,34.615,0.0338,0.0123,0.0313,0.0156,0.1295,0.0455,0.2106,0.0891,0.0557,0.02,0.0162,0.0129,0.2338,0.0918,0.2011,0.0734
11832,-118.935,34.615,0.0342,0.0123,0.0314,0.0156,0.1319,0.0463,0.2149,0.0909,0.0559,0.02,0.0163,0.0129,0.2323,0.0912,0.2043,0.0743
11833,-118.925,34.615,0.0346,0.0124,0.0316,0.0157,0.1362,0.0479,0.2225,0.0946,0.0561,0.0199,0.0166,0.0132,0.2336,0.0922,0.2086,0.0756
11834,-118.915,34.615,0.0353,0.0126,0.0325,0.0162,0.1405,0.0496,0.23,0.0982,0.0566,0.0201,0.0169,0.0134,0.2346,0.093,0.2173,0.0789
11835,-118.905,34.615,0.0369,0.0133,0.0362,0.0185,0.1424,0.0501,0.2337,0.0995,0.0586,0.0209,0.0169,0.0133,0.2317,0.0916,0.2268,0.0827
11836,-118.895,34.615,0.038,0.0136,0.0367,0.0187,0.1475,0.052,0.2424,0.1036,0.0597,0.0213,0.0172,0.0136,0.2333,0.0927,0.2319,0.0843
11837,-118.885,34.615,0.0392,0.014,0.034,0.0169,0.1557,0.0552,0.2562,0.1104,0.061,0.0217,0.0179,0.0142,0.2396,0.0961,0.2308,0.0829
11838,-118.875,34.615,0.044,0.0161,0.0343,0.017,0.1598,0.0567,0.2633,0.1135,0.0677,0.0247,0.018,0.0143,0.2388,0.0959,0.2356,0.0842
11839,-118.865,34.615,0.0403,0.0143,0.0349,0.0173,0.1621,0.0574,0.2675,0.115,0.0614,0.0217,0.018,0.0142,0.2352,0.0944,0.2377,0.0844
11840,-118.855,34.615,0.0382,0.0132,0.0334,0.0164,0.1598,0.056,0.2641,0.1124,0.0576,0.0199,0.0173,0.0136,0.2249,0.0894,0.2368,0.0831
11841,-118.845,34.615,0.0381,0.0131,0.0327,0.0159,0.1599,0.0557,0.2646,0.1118,0.0569,0.0195,0.017,0.0133,0.218,0.0861,0.2343,0.0812
11842,-118.835,34.615,0.0386,0.0132,0.0328,0.0159,0.1624,0.0564,0.2689,0.1132,0.0569,0.0194,0.0169,0.0132,0.2145,0.0846,0.2365,0.0812
11843,-118.825,34.615,0.039,0.0132,0.0329,0.0159,0.1663,0.0577,0.2753,0.1156,0.0569,0.0193,0.0168,0.0132,0.2122,0.0838,0.2402,0.082
11844,-118.815,34.615,0.0395,0.0133,0.0331,0.0159,0.1706,0.0591,0.2823,0.1182,0.0568,0.0192,0.0168,0.0132,0.2103,0.0831,0.2444,0.083
11845,-118.805,34.615,0.04,0.0134,0.0333,0.016,0.1752,0.0607,0.2897,0.1209,0.0568,0.0191,0.0168,0.0133,0.2083,0.0824,0.2488,0.084
11846,-118.795,34.615,0.0405,0.0135,0.0335,0.0161,0.18,0.0623,0.2973,0.1236,0.0568,0.0189,0.0168,0.0133,0.2063,0.0817,0.2535,0.0851
11847,-118.785,34.615,0.0409,0.0136,0.0338,0.0162,0.1852,0.064,0.3053,0.1262,0.0567,0.0188,0.0167,0.0134,0.2044,0.081,0.2635,0.0884
11848,-118.775,34.615,0.0414,0.0136,0.0372,0.0183,0.193,0.0668,0.3175,0.1308,0.0565,0.0187,0.0168,0.0137,0.2047,0.0814,0.2823,0.0961
11849,-118.765,34.615,0.0466,0.0157,0.0418,0.0211,0.2119,0.0754,0.3462,0.1459,0.0623,0.0211,0.0179,0.0151,0.2152,0.0882,0.3128,0.1101
11850,-118.755,34.615,0.065,0.0236,0.0492,0.0258,0.2821,0.1107,0.451,0.2109,0.0848,0.0312,0.0236,0.0219,0.2729,0.1242,0.3573,0.1321
11851,-118.745,34.615,0.0718,0.0264,0.0546,0.0292,0.3261,0.1324,0.5162,0.249,0.0918,0.0343,0.0266,0.0257,0.3035,0.1436,0.4017,0.1567
11852,-118.735,34.615,0.0735,0.0269,0.058,0.0313,0.3439,0.1404,0.5416,0.2602,0.0922,0.0343,0.0269,0.0267,0.3071,0.1463,0.4233,0.1681
11853,-118.725,34.615,0.0744,0.0271,0.0589,0.0318,0.3566,0.1453,0.5585,0.2647,0.0918,0.0339,0.0274,0.0271,0.3053,0.1458,0.436,0.1742
11854,-118.715,34.615,0.0753,0.0272,0.0592,0.0319,0.3683,0.1495,0.5737,0.2674,0.0939,0.0349,0.0281,0.0275,0.3025,0.1446,0.4506,0.1811
11855,-118.705,34.615,0.0763,0.0274,0.0596,0.0321,0.3805,0.1537,0.5892,0.269,0.0967,0.0363,0.03,0.0281,0.2998,0.1434,0.4708,0.1918
11856,-118.695,34.615,0.0772,0.0275,0.0599,0.0322,0.3928,0.1576,0.6044,0.2693,0.0995,0.0376,0.032,0.0286,0.2971,0.1422,0.4919,0.2032
11857,-118.685,34.615,0.0781,0.0277,0.0603,0.0323,0.4052,0.1612,0.6193,0.2685,0.1023,0.039,0.034,0.0292,0.2945,0.1411,0.5127,0.214
11858,-118.675,34.615,0.0791,0.0278,0.0579,0.0307,0.4027,0.155,0.614,0.2511,0.105,0.0403,0.0343,0.028,0.2813,0.1323,0.5297,0.2209
11859,-118.665,34.615,0.0705,0.0238,0.0549,0.0286,0.396,0.1463,0.6025,0.2296,0.0956,0.0355,0.0342,0.0264,0.2657,0.1219,0.5297,0.2117
11860,-118.655,34.615,0.0655,0.0214,0.0514,0.0262,0.3841,0.1353,0.5807,0.2044,0.0901,0.0328,0.0336,0.0247,0.2485,0.1114,0.5315,0.2077
11861,-118.645,34.615,0.0663,0.0215,0.0492,0.0247,0.3807,0.1289,0.5689,0.1857,0.0921,0.0337,0.0341,0.0239,0.2378,0.105,0.5402,0.2091
11862,-118.635,34.615,0.0664,0.0213,0.0483,0.0241,0.3859,0.1269,0.567,0.1733,0.0931,0.0341,0.0356,0.024,0.2336,0.103,0.5521,0.2126
11863,-118.625,34.615,0.0595,0.0183,0.0472,0.0234,0.3514,0.1086,0.5071,0.1405,0.0841,0.0299,0.033,0.021,0.2066,0.0882,0.5539,0.21
11864,-118.615,34.615,0.0541,0.0161,0.046,0.0226,0.3165,0.0903,0.4461,0.1082,0.077,0.0267,0.0304,0.018,0.1798,0.0736,0.543,0.2015
11865,-118.605,34.615,0.0538,0.0158,0.0444,0.0216,0.3195,0.0879,0.4375,0.0978,0.0769,0.0266,0.0318,0.0182,0.1774,0.0726,0.5504,0.2033
11866,-118.595,34.615,0.0552,0.0161,0.0419,0.02,0.3211,0.0852,0.4278,0.0876,0.0789,0.0275,0.0333,0.0183,0.1748,0.0715,0.5638,0.2084
11867,-118.585,34.615,0.0532,0.0152,0.0383,0.0178,0.3214,0.0819,0.4169,0.0778,0.0762,0.0262,0.0347,0.0183,0.1719,0.0702,0.5609,0.2048
11868,-118.575,34.615,0.0528,0.0148,0.0373,0.0172,0.3155,0.0774,0.4009,0.0685,0.0754,0.0258,0.0357,0.0181,0.167,0.0678,0.5592,0.2028
11869,-118.565,34.615,0.0532,0.0148,0.037,0.0169,0.3109,0.074,0.3852,0.0609,0.0758,0.0259,0.0369,0.0178,0.1625,0.0657,0.5689,0.2064
11870,-118.555,34.615,0.0538,0.0148,0.037,0.0169,0.3187,0.0772,0.3769,0.0604,0.0763,0.0261,0.0393,0.0182,0.1625,0.0659,0.5876,0.2144
11871,-118.545,34.615,0.0549,0.0149,0.0373,0.017,0.3273,0.0823,0.3669,0.0618,0.0775,0.0266,0.0419,0.0186,0.1624,0.0661,0.6122,0.2255
11872,-118.535,34.615,0.0561,0.0151,0.0376,0.0171,0.3367,0.0891,0.3552,0.0651,0.0787,0.027,0.0445,0.0189,0.1622,0.0662,0.6307,0.2336
11873,-118.525,34.615,0.0574,0.0153,0.0379,0.0173,0.3401,0.0948,0.3411,0.0678,0.0798,0.0275,0.047,0.0189,0.1602,0.0653,0.6465,0.2403
11874,-118.515,34.615,0.0586,0.0155,0.0381,0.0174,0.3429,0.1006,0.3275,0.0705,0.0807,0.0278,0.0495,0.0188,0.158,0.0644,0.6631,0.2473
11875,-118.505,34.615,0.0597,0.0156,0.0384,0.0175,0.3492,0.108,0.3188,0.0741,0.0815,0.0281,0.0529,0.019,0.1572,0.0641,0.6819,0.2555
11876,-118.495,34.615,0.0608,0.0157,0.0385,0.0175,0.3545,0.1152,0.3112,0.0777,0.0822,0.0284,0.0565,0.0191,0.1563,0.0639,0.7021,0.2643
11877,-118.485,34.615,0.062,0.0158,0.0387,0.0176,0.3587,0.1224,0.3048,0.0815,0.0829,0.0286,0.0604,0.0192,0.1554,0.0636,0.7225,0.2732
11878,-118.475,34.615,0.0631,0.0159,0.0388,0.0177,0.3611,0.1292,0.3003,0.0856,0.0835,0.0288,0.0646,0.0193,0.1544,0.0633,0.7436,0.2824
11879,-118.465,34.615,0.0642,0.0159,0.039,0.0177,0.3625,0.1355,0.2965,0.0897,0.084,0.0291,0.0685,0.0195,0.1534,0.0629,0.7653,0.2919
11880,-118.455,34.615,0.0653,0.0159,0.0391,0.0177,0.3607,0.1403,0.2942,0.0939,0.0846,0.0293,0.0712,0.0196,0.1523,0.0626,0.7878,0.3018
11881,-118.445,34.615,0.0664,0.0159,0.0392,0.0178,0.3582,0.1441,0.2921,0.0978,0.0851,0.0295,0.0723,0.0198,0.1511,0.0622,0.8109,0.312
11882,-118.435,34.615,0.0674,0.0159,0.0393,0.0178,0.3547,0.1469,0.2902,0.1014,0.0856,0.0297,0.0717,0.0201,0.1499,0.0617,0.8343,0.3223
11883,-118.425,34.615,0.0683,0.0158,0.0393,0.0177,0.35,0.1477,0.2877,0.1039,0.0861,0.0299,0.0705,0.0203,0.1485,0.0611,0.8582,0.3329
11884,-118.415,34.615,0.0691,0.0156,0.0392,0.0177,0.3449,0.1476,0.2847,0.1058,0.0866,0.0301,0.0691,0.0206,0.147,0.0606,0.8824,0.3436
11885,-118.405,34.615,0.0699,0.0155,0.0391,0.0176,0.3387,0.1456,0.2799,0.1061,0.0871,0.0303,0.0679,0.0209,0.1453,0.0599,0.9064,0.3542
11886,-118.395,34.615,0.0705,0.0152,0.039,0.0176,0.3319,0.1427,0.2739,0.1057,0.0878,0.0306,0.0668,0.0212,0.1435,0.0591,0.9304,0.3648
11887,-118.385,34.615,0.0712,0.015,0.0389,0.0175,0.3244,0.139,0.2666,0.1045,0.0884,0.0308,0.0659,0.0215,0.1416,0.0583,0.9541,0.3754
11888,-118.375,34.615,0.0717,0.0148,0.0387,0.0173,0.3161,0.1343,0.2574,0.1027,0.0889,0.0311,0.0654,0.0219,0.1396,0.0575,0.9775,0.3858
11889,-118.365,34.615,0.0723,0.0145,0.0384,0.0172,0.3076,0.1295,0.2477,0.1007,0.0894,0.0313,0.065,0.0222,0.1375,0.0566,1.0071,0.3996
11890,-118.355,34.615,0.0728,0.0142,0.0382,0.017,0.299,0.1243,0.2372,0.0985,0.0897,0.0315,0.0649,0.0226,0.1353,0.0556,1.0353,0.4128
11891,-118.345,34.615,0.0734,0.0139,0.0404,0.0183,0.2909,0.1194,0.2269,0.0965,0.0901,0.0317,0.0651,0.0231,0.1332,0.0547,1.0793,0.4349
11892,-118.335,34.615,0.0757,0.014,0.0452,0.0211,0.2835,0.1149,0.2167,0.0946,0.0925,0.0328,0.0656,0.0236,0.1313,0.0539,1.149,0.4723
11893,-118.325,34.615,0.0764,0.0137,0.0483,0.0228,0.3484,0.1559,0.2636,0.1321,0.0927,0.0329,0.088,0.0352,0.1678,0.0761,1.2454,0.5313
11894,-118.315,34.615,0.1216,0.0241,0.0503,0.024,0.406,0.1917,0.3043,0.165,0.1442,0.0587,0.1077,0.0456,0.2002,0.0955,1.3061,0.5689
11895,-118.305,34.615,0.1088,0.0202,0.049,0.0233,0.356,0.1561,0.2584,0.1365,0.1281,0.0502,0.0925,0.0388,0.1736,0.0788,1.3326,0.5817
11896,-118.295,34.615,0.1126,0.0202,0.0488,0.0231,0.349,0.15,0.2466,0.1348,0.1303,0.0512,0.0894,0.0393,0.1712,0.0774,1.341,0.5831
11897,-118.285,34.615,0.1276,0.0225,0.0494,0.0235,0.3852,0.1732,0.2689,0.1601,0.1449,0.0585,0.0987,0.0472,0.193,0.0914,1.3874,0.6261
11898,-118.275,34.615,0.1295,0.0216,0.0517,0.025,0.3492,0.1505,0.24,0.145,0.1453,0.0585,0.0853,0.0416,0.1744,0.0803,1.3628,0.6225
11899,-118.265,34.615,0.103,0.0152,0.0528,0.0258,0.3013,0.121,0.2034,0.1235,0.1149,0.0432,0.0688,0.0339,0.1494,0.0655,1.3051,0.5828
11900,-118.255,34.615,0.0877,0.0117,0.0462,0.0217,0.2679,0.1041,0.1794,0.1114,0.0971,0.0348,0.0589,0.0296,0.1332,0.057,1.2307,0.5239
11901,-118.245,34.615,0.0817,0.0102,0.045,0.0209,0.2646,0.1019,0.1755,0.1124,0.0906,0.0316,0.0559,0.0295,0.1325,0.0568,1.1596,0.4762
11902,-118.235,34.615,0.096,0.0125,0.049,0.0233,0.2916,0.1143,0.1916,0.1264,0.1077,0.0393,0.0598,0.0338,0.1471,0.0647,1.1872,0.5049
11903,-118.225,34.615,0.0833,0.0108,0.0488,0.0233,0.29,0.1132,0.1867,0.1214,0.0956,0.0337,0.0581,0.0341,0.1471,0.0648,1.1803,0.515
11904,-118.215,34.615,0.1029,0.0146,0.0485,0.0233,0.2912,0.1146,0.1838,0.118,0.1209,0.0458,0.0575,0.0352,0.1491,0.0666,1.1745,0.529
11905,-118.205,34.615,0.1267,0.0197,0.0524,0.0255,0.3347,0.1418,0.211,0.1409,0.1512,0.0616,0.0681,0.0444,0.1753,0.0836,1.2224,0.5805
11906,-118.195,34.615,0.137,0.0223,0.0577,0.0287,0.3595,0.1571,0.2262,0.1524,0.1666,0.0696,0.0744,0.0494,0.1901,0.0932,1.308,0.6697
11907,-118.185,34.615,0.1399,0.0235,0.0646,0.0329,0.3655,0.1604,0.2295,0.1523,0.1731,0.073,0.0765,0.0502,0.1935,0.0955,1.3231,0.7145
11908,-118.175,34.615,0.1385,0.0238,0.0651,0.0332,0.3619,0.158,0.228,0.1482,0.1744,0.0735,0.0771,0.0488,0.1913,0.0944,1.3035,0.7219
11909,-118.165,34.615,0.1363,0.024,0.0642,0.0327,0.3563,0.1546,0.2256,0.1435,0.1742,0.0731,0.0775,0.0469,0.188,0.0925,1.2767,0.7006
11910,-118.155,34.615,0.1342,0.0241,0.0634,0.0322,0.3508,0.1512,0.2239,0.1396,0.1738,0.0726,0.0778,0.0443,0.1845,0.0905,1.2485,0.6767
11911,-118.145,34.615,0.1321,0.0244,0.0628,0.0317,0.3457,0.1483,0.2229,0.1363,0.1737,0.0722,0.078,0.0418,0.1813,0.0888,1.22,0.6547
11912,-118.135,34.615,0.1302,0.0247,0.0622,0.0314,0.3411,0.1458,0.2227,0.1336,0.1743,0.0723,0.078,0.0392,0.1786,0.0873,1.1924,0.6347
11913,-118.125,34.615,0.1286,0.0251,0.0621,0.0313,0.3375,0.144,0.2237,0.1318,0.1757,0.0729,0.078,0.0374,0.1767,0.0865,1.1661,0.6172
11914,-118.115,34.615,0.1272,0.0255,0.062,0.0313,0.3343,0.1424,0.2251,0.1303,0.1778,0.0741,0.0781,0.0359,0.175,0.0858,1.1415,0.6035
11915,-118.105,34.615,0.126,0.026,0.0621,0.0314,0.3317,0.1411,0.2269,0.1293,0.1804,0.0755,0.0785,0.0354,0.1739,0.0855,1.1185,0.5923
11916,-118.095,34.615,0.1247,0.0264,0.0624,0.0316,0.329,0.1397,0.2285,0.1284,0.1833,0.0771,0.0791,0.0354,0.1731,0.0854,1.0966,0.5823
11917,-118.085,34.615,0.1234,0.0268,0.0626,0.0317,0.3263,0.1383,0.2301,0.1277,0.1863,0.0788,0.08,0.0357,0.1724,0.0853,1.0756,0.5729
11918,-118.075,34.615,0.1221,0.0272,0.0629,0.0319,0.3233,0.1367,0.2312,0.1271,0.1892,0.0804,0.0809,0.0363,0.1718,0.0853,1.0556,0.5638
11919,-118.065,34.615,0.1208,0.0276,0.0632,0.0321,0.3203,0.135,0.2321,0.1265,0.192,0.0821,0.0818,0.037,0.1713,0.0853,1.0364,0.5552
11920,-118.055,34.615,0.1194,0.0279,0.0634,0.0323,0.317,0.1333,0.2325,0.1258,0.1946,0.0836,0.0828,0.0377,0.1706,0.0853,1.0178,0.5464
11921,-118.045,34.615,0.118,0.0282,0.0636,0.0325,0.3134,0.1314,0.2326,0.1251,0.1969,0.0849,0.0836,0.0382,0.1699,0.0852,0.9995,0.5376
11922,-118.035,34.615,0.1165,0.0284,0.0637,0.0326,0.3097,0.1294,0.2323,0.1243,0.1988,0.0861,0.0845,0.0387,0.169,0.085,0.9814,0.5288
11923,-118.025,34.615,0.1148,0.0285,0.0637,0.0326,0.3055,0.1272,0.2313,0.1232,0.2005,0.087,0.0852,0.0389,0.1679,0.0846,0.9641,0.5195
11924,-118.015,34.615,0.1132,0.0286,0.0637,0.0326,0.3011,0.1249,0.2299,0.122,0.2016,0.0877,0.0857,0.039,0.1667,0.0842,0.9469,0.5099
11925,-118.005,34.615,0.1115,0.0287,0.0635,0.0326,0.2966,0.1225,0.2279,0.1204,0.2025,0.0883,0.0859,0.0388,0.1654,0.0836,0.9301,0.5002
11926,-117.995,34.615,0.1098,0.0287,0.0634,0.0325,0.2919,0.1201,0.2257,0.1186,0.2032,0.0887,0.0859,0.0385,0.164,0.083,0.9136,0.4905
11927,-117.985,34.615,0.1082,0.0288,0.0632,0.0325,0.2872,0.1177,0.2232,0.1168,0.2037,0.089,0.0856,0.038,0.1626,0.0824,0.8976,0.4809
11928,-117.975,34.615,0.1066,0.0288,0.063,0.0324,0.2825,0.1154,0.2204,0.1148,0.2041,0.0893,0.0849,0.0373,0.1612,0.0818,0.8821,0.4716
11929,-117.965,34.615,0.1052,0.0288,0.0627,0.0323,0.2779,0.1132,0.2175,0.1128,0.2044,0.0896,0.0841,0.0365,0.1598,0.0812,0.8671,0.4627
11930,-117.955,34.615,0.1039,0.0289,0.0625,0.0322,0.2734,0.1111,0.2145,0.1107,0.2047,0.0898,0.083,0.0356,0.1584,0.0806,0.8526,0.4541
11931,-117.945,34.615,0.1027,0.0289,0.0623,0.0322,0.269,0.109,0.2115,0.1088,0.205,0.0902,0.0818,0.0347,0.1571,0.08,0.8386,0.4459
11932,-117.935,34.615,0.1015,0.0289,0.0621,0.0321,0.2647,0.1071,0.2085,0.1068,0.2055,0.0905,0.0804,0.0337,0.1558,0.0795,0.8251,0.4379
11933,-117.925,34.615,0.1005,0.029,0.0564,0.0287,0.2505,0.0995,0.1972,0.0992,0.2059,0.0909,0.0753,0.0309,0.1481,0.0746,0.7874,0.4073
11934,-117.915,34.615,0.0918,0.0262,0.051,0.0254,0.238,0.0929,0.1872,0.0925,0.1916,0.0825,0.0708,0.0283,0.1414,0.0704,0.7356,0.3646
11935,-117.905,34.615,0.0936,0.0273,0.0522,0.0261,0.2439,0.0968,0.1922,0.0961,0.1973,0.0861,0.0725,0.029,0.1465,0.0741,0.7147,0.3543
11936,-117.895,34.615,0.0973,0.0291,0.0552,0.0281,0.2463,0.0987,0.1942,0.0978,0.2066,0.092,0.0729,0.029,0.1493,0.0763,0.7343,0.3721
11937,-117.885,34.615,0.0973,0.0294,0.0602,0.0312,0.2451,0.0988,0.1932,0.0975,0.2087,0.0936,0.0722,0.0285,0.1498,0.077,0.7479,0.3861
11938,-117.875,34.615,0.0966,0.0295,0.0546,0.0278,0.2369,0.0951,0.1863,0.0935,0.2095,0.0944,0.0692,0.0268,0.1459,0.0748,0.7311,0.3766
11939,-117.865,34.615,0.0889,0.027,0.0478,0.0236,0.2287,0.0915,0.1794,0.0893,0.1953,0.0869,0.0663,0.0252,0.1419,0.0726,0.6549,0.3187
11940,-117.855,34.615,0.0868,0.0266,0.046,0.0227,0.2276,0.0913,0.1781,0.0886,0.193,0.0862,0.0656,0.0246,0.1421,0.073,0.6324,0.3071
11941,-117.845,34.615,0.0868,0.0269,0.0459,0.0227,0.2254,0.0905,0.176,0.0875,0.1951,0.0878,0.0648,0.0239,0.1417,0.073,0.6313,0.3089
11942,-117.835,34.615,0.0875,0.0274,0.0474,0.0236,0.222,0.0893,0.1732,0.086,0.199,0.0902,0.0639,0.0232,0.1406,0.0725,0.6465,0.322
11943,-117.825,34.615,0.0897,0.0284,0.0492,0.0247,0.2212,0.0893,0.1731,0.0861,0.2057,0.0943,0.0643,0.0232,0.1409,0.073,0.6727,0.3446
11944,-117.815,34.615,0.0895,0.0287,0.0516,0.0262,0.2209,0.0896,0.1738,0.0866,0.2065,0.0951,0.0653,0.0234,0.1415,0.0737,0.6867,0.3603
11945,-117.805,34.615,0.0927,0.0302,0.057,0.0298,0.2206,0.09,0.175,0.0876,0.2138,0.0997,0.0675,0.0243,0.1423,0.0745,0.6959,0.3751
11946,-117.795,34.615,0.0921,0.0303,0.0596,0.0315,0.2192,0.0898,0.1756,0.0882,0.2118,0.0986,0.07,0.0255,0.1423,0.0748,0.6962,0.381
11947,-117.785,34.615,0.0915,0.0303,0.0594,0.0315,0.2168,0.0891,0.1754,0.0882,0.2093,0.0971,0.0727,0.0268,0.1417,0.0747,0.6869,0.3749
11948,-117.775,34.615,0.0909,0.0303,0.0593,0.0315,0.2146,0.0884,0.1753,0.0884,0.2065,0.0955,0.0761,0.0284,0.1411,0.0746,0.6778,0.3688
11949,-117.765,34.615,0.0903,0.0303,0.0591,0.0315,0.2124,0.0878,0.1752,0.0885,0.2038,0.0939,0.0796,0.0302,0.1405,0.0744,0.6691,0.3632
11950,-117.755,34.615,0.0896,0.0303,0.059,0.0315,0.2102,0.0872,0.1751,0.0887,0.2012,0.0924,0.0834,0.0321,0.1398,0.0744,0.6591,0.3559
11951,-117.745,34.615,0.0881,0.0298,0.0547,0.0289,0.2062,0.0856,0.1733,0.0878,0.1967,0.0897,0.0863,0.0336,0.138,0.0734,0.6416,0.3412
11952,-117.735,34.615,0.0826,0.0278,0.0463,0.0236,0.2004,0.0831,0.1698,0.0859,0.1836,0.0825,0.0882,0.0347,0.1349,0.0716,0.5971,0.3022
11953,-117.725,34.615,0.087,0.0299,0.0466,0.0239,0.1766,0.0708,0.1505,0.0737,0.1922,0.0873,0.0807,0.0311,0.1191,0.0613,0.5811,0.2896
11954,-117.715,34.615,0.0655,0.021,0.0482,0.025,0.1556,0.06,0.1335,0.0629,0.146,0.0611,0.0742,0.028,0.1052,0.0522,0.5463,0.2656
11955,-117.705,34.615,0.0637,0.0206,0.0478,0.0248,0.1658,0.0657,0.1434,0.0693,0.141,0.059,0.0822,0.0322,0.1129,0.0574,0.5087,0.2404
11956,-117.695,34.615,0.0668,0.0219,0.0481,0.0251,0.1574,0.062,0.1369,0.0659,0.1471,0.0621,0.0801,0.0315,0.1077,0.0544,0.5123,0.244
11957,-117.685,34.615,0.0582,0.0187,0.0493,0.0259,0.1303,0.0491,0.1141,0.0525,0.1281,0.0523,0.0682,0.026,0.0895,0.0433,0.5091,0.2396
11958,-117.675,34.615,0.0572,0.0184,0.0506,0.0267,0.1342,0.0512,0.1182,0.055,0.1253,0.051,0.0722,0.0282,0.0926,0.0453,0.5194,0.2462
11959,-117.665,34.615,0.0661,0.0221,0.0522,0.0278,0.1472,0.058,0.1304,0.0627,0.1437,0.0605,0.0813,0.0331,0.1022,0.0516,0.5403,0.2634
11960,-117.655,34.615,0.0818,0.0291,0.0552,0.03,0.174,0.073,0.1555,0.0794,0.175,0.0787,0.0992,0.0432,0.1219,0.0652,0.5658,0.2882
11961,-118.945,34.625,0.0334,0.0121,0.0308,0.0154,0.128,0.0446,0.2067,0.0877,0.0551,0.0198,0.0162,0.0127,0.2396,0.0939,0.2028,0.0742
11962,-118.935,34.625,0.0338,0.0122,0.0309,0.0154,0.1303,0.0453,0.2108,0.0895,0.0553,0.0198,0.0163,0.0128,0.238,0.0933,0.2056,0.0748
11963,-118.925,34.625,0.0342,0.0123,0.031,0.0154,0.1327,0.0461,0.2151,0.0913,0.0554,0.0198,0.0164,0.0128,0.2362,0.0927,0.2084,0.0754
11964,-118.915,34.625,0.0346,0.0124,0.0312,0.0154,0.1352,0.0469,0.2195,0.0932,0.0556,0.0197,0.0165,0.0128,0.2345,0.092,0.2113,0.076
11965,-118.905,34.625,0.035,0.0125,0.0313,0.0155,0.1379,0.0477,0.2242,0.0952,0.0557,0.0197,0.0165,0.0128,0.2327,0.0913,0.2144,0.0767
11966,-118.895,34.625,0.0354,0.0125,0.0314,0.0155,0.1425,0.0494,0.232,0.0989,0.0558,0.0196,0.0168,0.013,0.2337,0.0921,0.2188,0.078
11967,-118.885,34.625,0.0358,0.0126,0.0316,0.0155,0.149,0.052,0.2431,0.1044,0.0558,0.0196,0.0173,0.0135,0.2375,0.0943,0.225,0.08
11968,-118.875,34.625,0.0363,0.0127,0.0317,0.0156,0.1526,0.0532,0.2492,0.1071,0.0559,0.0195,0.0174,0.0135,0.2362,0.0939,0.232,0.0824
11969,-118.865,34.625,0.0367,0.0128,0.0319,0.0156,0.1551,0.0539,0.2534,0.1087,0.056,0.0194,0.0173,0.0135,0.2329,0.0925,0.2317,0.0814
11970,-118.855,34.625,0.0372,0.0129,0.032,0.0156,0.1547,0.0534,0.2529,0.1077,0.056,0.0193,0.0169,0.0131,0.2255,0.0891,0.2318,0.0806
11971,-118.845,34.625,0.0376,0.0129,0.0322,0.0157,0.1562,0.0537,0.2556,0.1085,0.056,0.0192,0.0167,0.0129,0.2208,0.0869,0.2346,0.081
11972,-118.835,34.625,0.0381,0.013,0.0323,0.0157,0.1598,0.0549,0.2615,0.1109,0.056,0.0191,0.0168,0.0129,0.2188,0.0862,0.2385,0.0819
11973,-118.825,34.625,0.0385,0.0131,0.0325,0.0157,0.1638,0.0562,0.2678,0.1134,0.056,0.019,0.0168,0.013,0.2167,0.0854,0.2427,0.0828
11974,-118.815,34.625,0.039,0.0132,0.0327,0.0158,0.1681,0.0576,0.2748,0.1162,0.056,0.0189,0.0168,0.013,0.2149,0.0848,0.2477,0.0841
11975,-118.805,34.625,0.0395,0.0133,0.0328,0.0158,0.1739,0.0597,0.2839,0.12,0.056,0.0188,0.0169,0.0132,0.2146,0.085,0.2543,0.086
11976,-118.795,34.625,0.0399,0.0133,0.0331,0.0159,0.1874,0.0653,0.3047,0.1307,0.0559,0.0187,0.0177,0.0141,0.2226,0.0898,0.2629,0.0889
11977,-118.785,34.625,0.0408,0.0136,0.0335,0.0161,0.2084,0.0745,0.3372,0.1484,0.0564,0.0188,0.0193,0.0158,0.2389,0.0993,0.286,0.0985
11978,-118.775,34.625,0.0516,0.018,0.0418,0.0213,0.2314,0.0856,0.3708,0.1689,0.07,0.0246,0.021,0.0179,0.2544,0.1101,0.3235,0.116
11979,-118.765,34.625,0.0635,0.0232,0.0507,0.0269,0.2581,0.0987,0.4095,0.1929,0.0843,0.0312,0.023,0.0203,0.2722,0.1225,0.3684,0.1389
11980,-118.755,34.625,0.0709,0.0264,0.0551,0.0298,0.3007,0.1197,0.4723,0.2305,0.0922,0.0349,0.0261,0.0241,0.3026,0.1418,0.4119,0.164
11981,-118.745,34.625,0.0718,0.0266,0.0575,0.0313,0.3268,0.1321,0.5101,0.251,0.0919,0.0346,0.0276,0.0261,0.3163,0.1508,0.4244,0.1703
11982,-118.735,34.625,0.0727,0.0267,0.0578,0.0314,0.3365,0.1358,0.5227,0.2543,0.0917,0.0344,0.0274,0.0264,0.3133,0.1495,0.4343,0.1743
11983,-118.725,34.625,0.0736,0.0269,0.0581,0.0315,0.3469,0.1395,0.5357,0.2567,0.0921,0.0344,0.0279,0.0267,0.3104,0.1482,0.4454,0.1789
11984,-118.715,34.625,0.0745,0.027,0.0585,0.0317,0.3574,0.1433,0.5488,0.2585,0.0937,0.0351,0.0286,0.0271,0.3075,0.147,0.4604,0.186
11985,-118.705,34.625,0.0755,0.0272,0.0588,0.0318,0.3683,0.1469,0.5618,0.259,0.096,0.0362,0.0303,0.0276,0.3047,0.1458,0.4804,0.1966
11986,-118.695,34.625,0.0765,0.0273,0.0592,0.0319,0.3792,0.1503,0.5743,0.2584,0.0986,0.0375,0.0321,0.0282,0.302,0.1446,0.502,0.2081
11987,-118.685,34.625,0.0775,0.0275,0.0595,0.0321,0.3902,0.1534,0.5865,0.2566,0.1013,0.0388,0.034,0.0287,0.2993,0.1435,0.5229,0.2186
11988,-118.675,34.625,0.0784,0.0276,0.0567,0.0301,0.3856,0.1465,0.5777,0.2379,0.1039,0.0401,0.0342,0.0275,0.2853,0.134,0.5401,0.2252
11989,-118.665,34.625,0.0698,0.0236,0.0534,0.0278,0.3787,0.1382,0.5651,0.2168,0.0943,0.0351,0.034,0.026,0.27,0.1237,0.5438,0.2188
11990,-118.655,34.625,0.0651,0.0214,0.0505,0.0259,0.3756,0.1327,0.555,0.1999,0.0892,0.0326,0.0346,0.0252,0.2592,0.1172,0.5488,0.216
11991,-118.645,34.625,0.066,0.0215,0.0479,0.0241,0.36,0.122,0.5264,0.1758,0.0912,0.0335,0.0337,0.0235,0.2402,0.1063,0.5498,0.212
11992,-118.635,34.625,0.0621,0.0197,0.0454,0.0225,0.3318,0.1059,0.4794,0.1446,0.0866,0.0313,0.0316,0.0206,0.2131,0.091,0.5468,0.2062
11993,-118.625,34.625,0.067,0.0214,0.0426,0.0207,0.311,0.094,0.4412,0.1213,0.0939,0.0347,0.0304,0.0188,0.1947,0.0809,0.542,0.2
11994,-118.615,34.625,0.0543,0.0162,0.0398,0.0189,0.2952,0.0844,0.4094,0.1017,0.0768,0.0268,0.0298,0.0174,0.1803,0.0732,0.5236,0.1888
11995,-118.605,34.625,0.0511,0.0149,0.0378,0.0177,0.2955,0.082,0.4001,0.0923,0.0725,0.0249,0.0309,0.0174,0.1765,0.0715,0.5254,0.1879
11996,-118.595,34.625,0.0518,0.0149,0.0368,0.0171,0.2965,0.0799,0.3919,0.0839,0.0735,0.0253,0.0323,0.0175,0.1736,0.0703,0.5434,0.1952
11997,-118.585,34.625,0.0524,0.015,0.0369,0.0171,0.2981,0.0781,0.3848,0.0763,0.0744,0.0256,0.0338,0.0177,0.1716,0.0695,0.5655,0.2043
11998,-118.575,34.625,0.053,0.015,0.0369,0.0171,0.2984,0.0766,0.3764,0.0702,0.0751,0.0259,0.0354,0.0178,0.1694,0.0686,0.5866,0.2132
11999,-118.565,34.625,0.0536,0.015,0.0369,0.017,0.299,0.0757,0.3672,0.0651,0.0757,0.0261,0.0371,0.0179,0.1671,0.0677,0.6067,0.2216
12000,-118.555,34.625,0.0543,0.015,0.037,0.017,0.3023,0.0777,0.356,0.0634,0.0764,0.0263,0.039,0.0181,0.1653,0.067,0.6263,0.2299
12001,-118.545,34.625,0.0552,0.0152,0.0371,0.0171,0.3073,0.0814,0.3447,0.0636,0.0772,0.0267,0.0411,0.0182,0.164,0.0665,0.6459,0.2384
12002,-118.535,34.625,0.0563,0.0153,0.0374,0.0172,0.314,0.0869,0.3335,0.0654,0.0781,0.027,0.0435,0.0184,0.1632,0.0663,0.6661,0.2473
12003,-118.525,34.625,0.0573,0.0154,0.0376,0.0172,0.3196,0.0931,0.3229,0.0678,0.0789,0.0273,0.0461,0.0186,0.1623,0.066,0.6868,0.2563
12004,-118.515,34.625,0.0584,0.0156,0.0378,0.0173,0.325,0.0995,0.3127,0.0705,0.0796,0.0276,0.0489,0.0188,0.1614,0.0658,0.7075,0.2654
12005,-118.505,34.625,0.0595,0.0157,0.0379,0.0174,0.3305,0.1065,0.3036,0.0732,0.0802,0.0278,0.0519,0.0189,0.1603,0.0654,0.7283,0.2745
12006,-118.495,34.625,0.0606,0.0158,0.0381,0.0174,0.335,0.1135,0.2956,0.0761,0.0808,0.028,0.055,0.0189,0.1592,0.065,0.7495,0.2837
12007,-118.485,34.625,0.0617,0.0159,0.0382,0.0174,0.3386,0.1205,0.2888,0.0793,0.0813,0.0282,0.0583,0.019,0.1581,0.0646,0.7713,0.2933
12008,-118.475,34.625,0.0628,0.016,0.0383,0.0175,0.3404,0.1275,0.2852,0.0835,0.0818,0.0284,0.0616,0.0191,0.1571,0.0643,0.7941,0.3033
12009,-118.465,34.625,0.064,0.0161,0.0385,0.0175,0.3414,0.1342,0.2827,0.088,0.0823,0.0286,0.0648,0.0192,0.1561,0.064,0.8179,0.3137
12010,-118.455,34.625,0.0651,0.0161,0.0386,0.0176,0.3399,0.1397,0.2823,0.0929,0.0829,0.0288,0.067,0.0194,0.1551,0.0637,0.8427,0.3247
12011,-118.445,34.625,0.0663,0.0161,0.0387,0.0176,0.3377,0.144,0.2821,0.0974,0.0834,0.029,0.0681,0.0196,0.154,0.0633,0.8681,0.3361
12012,-118.435,34.625,0.0673,0.0161,0.0388,0.0177,0.3347,0.1473,0.2822,0.1016,0.0839,0.0292,0.0683,0.0198,0.1528,0.0629,0.8938,0.3475
12013,-118.425,34.625,0.0682,0.016,0.0388,0.0176,0.3306,0.148,0.2816,0.1042,0.0844,0.0294,0.0677,0.0201,0.1514,0.0623,0.9198,0.3591
12014,-118.415,34.625,0.069,0.0158,0.0388,0.0176,0.3261,0.1478,0.2805,0.1061,0.0849,0.0296,0.067,0.0203,0.1499,0.0617,0.946,0.3709
12015,-118.405,34.625,0.0697,0.0156,0.0387,0.0176,0.3207,0.1453,0.2773,0.106,0.0856,0.0299,0.0661,0.0206,0.1482,0.061,0.9717,0.3823
12016,-118.395,34.625,0.0703,0.0154,0.0386,0.0175,0.3147,0.142,0.2723,0.1052,0.0862,0.0302,0.0654,0.0209,0.1463,0.0603,0.997,0.3936
12017,-118.385,34.625,0.0709,0.0152,0.0385,0.0174,0.3081,0.1377,0.2655,0.1035,0.0869,0.0304,0.0647,0.0213,0.1443,0.0594,1.0256,0.4069
12018,-118.375,34.625,0.0714,0.0149,0.0383,0.0172,0.3032,0.1341,0.2582,0.1022,0.0875,0.0307,0.0648,0.0219,0.1435,0.0592,1.0619,0.4247
12019,-118.365,34.625,0.0719,0.0146,0.038,0.0171,0.306,0.136,0.2572,0.1054,0.088,0.031,0.0673,0.0237,0.1472,0.0617,1.1206,0.4587
12020,-118.355,34.625,0.0724,0.0143,0.0378,0.0169,0.3445,0.1636,0.2869,0.1293,0.0885,0.0312,0.0809,0.0308,0.1716,0.0772,1.1727,0.4926
12021,-118.345,34.625,0.0728,0.014,0.0412,0.0189,0.354,0.1692,0.29,0.1356,0.0889,0.0314,0.0859,0.0336,0.1788,0.0817,1.2284,0.5248
12022,-118.335,34.625,0.0931,0.0186,0.0485,0.0231,0.3347,0.1527,0.2665,0.1243,0.1128,0.0427,0.0825,0.0321,0.1689,0.0753,1.2946,0.5576
12023,-118.325,34.625,0.106,0.0212,0.0518,0.0251,0.3675,0.1719,0.286,0.1433,0.1276,0.05,0.0958,0.039,0.1878,0.0869,1.3765,0.6119
12024,-118.315,34.625,0.1066,0.0208,0.0539,0.0264,0.3915,0.1861,0.299,0.1578,0.1277,0.0502,0.1063,0.0446,0.202,0.0957,1.4065,0.6375
12025,-118.305,34.625,0.1038,0.0194,0.0546,0.0268,0.3206,0.1401,0.2373,0.1203,0.1231,0.0479,0.0855,0.035,0.1635,0.0729,1.3783,0.62
12026,-118.295,34.625,0.0987,0.0178,0.0504,0.0243,0.294,0.1227,0.2112,0.1081,0.1152,0.0441,0.0766,0.0324,0.1499,0.0652,1.3055,0.5675
12027,-118.285,34.625,0.0855,0.0141,0.0412,0.0188,0.3118,0.134,0.2206,0.1213,0.0988,0.0359,0.0797,0.0368,0.1612,0.0725,1.2442,0.5262
12028,-118.275,34.625,0.0767,0.0116,0.0377,0.0168,0.2947,0.1222,0.2057,0.114,0.0882,0.0311,0.0716,0.0342,0.1528,0.0673,1.1705,0.4849
12029,-118.265,34.625,0.077,0.011,0.0361,0.016,0.2767,0.1099,0.1908,0.1062,0.0881,0.031,0.0633,0.0315,0.1441,0.062,1.1222,0.4631
12030,-118.255,34.625,0.0803,0.0111,0.0383,0.0172,0.2891,0.1187,0.1996,0.1169,0.0916,0.0325,0.0646,0.0351,0.1538,0.0688,1.1114,0.4662
12031,-118.245,34.625,0.0876,0.012,0.0455,0.0214,0.305,0.1281,0.2096,0.1278,0.1004,0.0364,0.0663,0.0388,0.1645,0.0756,1.1495,0.4975
12032,-118.235,34.625,0.1202,0.0179,0.0577,0.0288,0.3246,0.1382,0.2208,0.1387,0.1384,0.0553,0.0685,0.0426,0.176,0.0825,1.2426,0.5785
12033,-118.225,34.625,0.1389,0.0217,0.0625,0.0318,0.3259,0.1384,0.2178,0.1368,0.1615,0.0678,0.0671,0.0434,0.1774,0.0836,1.2885,0.6295
12034,-118.215,34.625,0.1384,0.0219,0.0651,0.0335,0.3277,0.1394,0.215,0.1349,0.1643,0.0692,0.0663,0.0444,0.1792,0.085,1.2975,0.6642
12035,-118.205,34.625,0.1382,0.0222,0.065,0.0334,0.35,0.1532,0.2276,0.1454,0.1672,0.0707,0.0718,0.0494,0.1928,0.094,1.2912,0.7049
12036,-118.195,34.625,0.138,0.0226,0.0648,0.0333,0.3593,0.1589,0.2322,0.1483,0.17,0.0723,0.0745,0.0516,0.1986,0.098,1.2737,0.7049
12037,-118.185,34.625,0.1378,0.0229,0.0646,0.0332,0.3554,0.1565,0.229,0.1436,0.1726,0.0737,0.0745,0.0509,0.1966,0.0971,1.2545,0.6989
12038,-118.175,34.625,0.1371,0.0232,0.0642,0.0329,0.3507,0.1535,0.2266,0.1398,0.1745,0.0746,0.0749,0.0496,0.1939,0.0955,1.2333,0.6874
12039,-118.165,34.625,0.1358,0.0234,0.0636,0.0325,0.3458,0.1505,0.2245,0.1362,0.1753,0.0749,0.0754,0.0481,0.1909,0.0939,1.2097,0.6708
12040,-118.155,34.625,0.1342,0.0236,0.0631,0.0322,0.3411,0.1476,0.2231,0.1333,0.1755,0.0747,0.0761,0.046,0.1879,0.0923,1.1843,0.65
12041,-118.145,34.625,0.1326,0.0239,0.0626,0.0319,0.3367,0.145,0.2222,0.1308,0.1756,0.0744,0.0767,0.0439,0.1851,0.0908,1.1582,0.6297
12042,-118.135,34.625,0.1309,0.0242,0.0622,0.0316,0.3328,0.1427,0.2219,0.1288,0.1758,0.0743,0.0773,0.0419,0.1825,0.0894,1.1326,0.6107
12043,-118.125,34.625,0.1292,0.0246,0.062,0.0315,0.3294,0.141,0.2226,0.1274,0.1767,0.0745,0.0779,0.0403,0.1805,0.0885,1.1081,0.5934
12044,-118.115,34.625,0.1275,0.025,0.0618,0.0314,0.3263,0.1393,0.2234,0.1262,0.1781,0.0752,0.0786,0.039,0.1788,0.0878,1.0848,0.579
12045,-118.105,34.625,0.126,0.0254,0.0619,0.0315,0.3236,0.1379,0.2246,0.1254,0.18,0.0762,0.0793,0.0384,0.1775,0.0874,1.0634,0.5668
12046,-118.095,34.625,0.1244,0.0259,0.062,0.0315,0.3209,0.1365,0.2258,0.1248,0.1821,0.0773,0.0802,0.0381,0.1765,0.0871,1.0431,0.556
12047,-118.085,34.625,0.1229,0.0263,0.0621,0.0317,0.3183,0.135,0.2269,0.1242,0.1845,0.0786,0.0811,0.0381,0.1756,0.0869,1.0238,0.5461
12048,-118.075,34.625,0.1214,0.0267,0.0623,0.0318,0.3154,0.1335,0.2277,0.1237,0.1868,0.0799,0.082,0.0383,0.1748,0.0867,1.005,0.5369
12049,-118.065,34.625,0.1198,0.027,0.0625,0.032,0.3125,0.132,0.2284,0.1231,0.1891,0.0812,0.083,0.0386,0.174,0.0866,0.9872,0.5282
12050,-118.055,34.625,0.1183,0.0273,0.0626,0.0321,0.3094,0.1303,0.2286,0.1225,0.1912,0.0824,0.0839,0.0389,0.1732,0.0864,0.9699,0.5196
12051,-118.045,34.625,0.1167,0.0276,0.0627,0.0322,0.3061,0.1286,0.2285,0.1218,0.1931,0.0835,0.0847,0.0391,0.1723,0.0862,0.9531,0.5111
12052,-118.035,34.625,0.1151,0.0278,0.0628,0.0323,0.3026,0.1267,0.2281,0.121,0.1948,0.0845,0.0854,0.0392,0.1713,0.0859,0.9368,0.5027
12053,-118.025,34.625,0.1135,0.028,0.0628,0.0323,0.2988,0.1247,0.2271,0.12,0.1962,0.0854,0.086,0.0392,0.1701,0.0855,0.9209,0.494
12054,-118.015,34.625,0.1118,0.0282,0.0628,0.0323,0.2949,0.1227,0.2258,0.1188,0.1974,0.086,0.0864,0.0391,0.1689,0.0851,0.9053,0.4854
12055,-118.005,34.625,0.1101,0.0283,0.0627,0.0323,0.2907,0.1205,0.224,0.1174,0.1982,0.0866,0.0866,0.0388,0.1676,0.0846,0.89,0.4767
12056,-117.995,34.625,0.1085,0.0283,0.0625,0.0323,0.2865,0.1184,0.222,0.1159,0.1989,0.087,0.0865,0.0383,0.1663,0.084,0.875,0.468
12057,-117.985,34.625,0.107,0.0284,0.0624,0.0322,0.2823,0.1163,0.2197,0.1143,0.1995,0.0874,0.0862,0.0377,0.1649,0.0834,0.8605,0.4594
12058,-117.975,34.625,0.1055,0.0285,0.0622,0.0321,0.278,0.1142,0.2172,0.1125,0.2,0.0877,0.0855,0.037,0.1635,0.0829,0.8463,0.451
12059,-117.965,34.625,0.1041,0.0285,0.062,0.0321,0.2737,0.1121,0.2145,0.1107,0.2004,0.088,0.0847,0.0362,0.1622,0.0823,0.8326,0.4429
12060,-117.955,34.625,0.1028,0.0286,0.0618,0.032,0.2696,0.1102,0.2118,0.1089,0.2007,0.0883,0.0836,0.0354,0.1608,0.0817,0.8193,0.4351
12061,-117.945,34.625,0.1016,0.0286,0.0616,0.0319,0.2655,0.1083,0.209,0.1071,0.2011,0.0886,0.0823,0.0344,0.1595,0.0812,0.8064,0.4275
12062,-117.935,34.625,0.1005,0.0287,0.0614,0.0319,0.2615,0.1065,0.2062,0.1053,0.2015,0.089,0.0808,0.0335,0.1582,0.0806,0.7936,0.4197
12063,-117.925,34.625,0.098,0.0282,0.0476,0.0235,0.2517,0.1014,0.1984,0.1001,0.1994,0.0878,0.0771,0.0314,0.1531,0.0775,0.7296,0.3658
12064,-117.915,34.625,0.0548,0.0137,0.0344,0.0155,0.2377,0.0943,0.1871,0.093,0.1152,0.0431,0.072,0.0287,0.1453,0.0727,0.6315,0.2837
12065,-117.905,34.625,0.0575,0.0148,0.0376,0.0173,0.2088,0.0805,0.164,0.0793,0.1221,0.0465,0.0624,0.0241,0.1278,0.0624,0.5826,0.2544
12066,-117.895,34.625,0.0735,0.0204,0.0455,0.0222,0.2037,0.0783,0.1598,0.0769,0.157,0.0644,0.0602,0.0229,0.1256,0.0613,0.6315,0.2907
12067,-117.885,34.625,0.0929,0.0279,0.0583,0.0302,0.2225,0.0875,0.1745,0.0856,0.1978,0.0878,0.0654,0.0252,0.1386,0.0692,0.687,0.3398
12068,-117.875,34.625,0.0956,0.0293,0.0603,0.0315,0.2312,0.0926,0.1811,0.09,0.2051,0.0925,0.0677,0.0261,0.1454,0.0739,0.7237,0.3783
12069,-117.865,34.625,0.095,0.0294,0.0601,0.0315,0.2362,0.096,0.1848,0.0928,0.2059,0.0933,0.0689,0.0265,0.1499,0.0773,0.7193,0.3793
12070,-117.855,34.625,0.0944,0.0295,0.0599,0.0314,0.2336,0.0951,0.182,0.0913,0.2067,0.0941,0.0678,0.0258,0.1492,0.0772,0.7141,0.3796
12071,-117.845,34.625,0.0938,0.0296,0.0597,0.0314,0.2308,0.0941,0.1792,0.0899,0.2075,0.0949,0.0669,0.0252,0.1485,0.0769,0.7075,0.378
12072,-117.835,34.625,0.0932,0.0297,0.0596,0.0314,0.228,0.0931,0.1765,0.0884,0.208,0.0956,0.0662,0.0247,0.1476,0.0766,0.7003,0.3755
12073,-117.825,34.625,0.0926,0.0298,0.0594,0.0313,0.2253,0.0922,0.1749,0.0877,0.2083,0.0961,0.0663,0.0245,0.1468,0.0764,0.6932,0.373
12074,-117.815,34.625,0.0921,0.0298,0.0592,0.0313,0.2226,0.0913,0.1737,0.0871,0.208,0.0962,0.0667,0.0246,0.1459,0.0762,0.686,0.3699
12075,-117.805,34.625,0.0915,0.0299,0.0591,0.0313,0.2201,0.0905,0.1734,0.0871,0.207,0.0959,0.0681,0.0251,0.1451,0.076,0.6783,0.3662
12076,-117.795,34.625,0.0909,0.0299,0.0589,0.0313,0.2177,0.0897,0.1732,0.0872,0.2055,0.0951,0.07,0.026,0.1444,0.0758,0.6704,0.3619
12077,-117.785,34.625,0.0903,0.0299,0.0588,0.0313,0.2154,0.089,0.1732,0.0873,0.2036,0.0941,0.0725,0.0271,0.1437,0.0756,0.6624,0.3573
12078,-117.775,34.625,0.0896,0.0299,0.0586,0.0313,0.2131,0.0883,0.1733,0.0876,0.2015,0.0929,0.0755,0.0286,0.143,0.0755,0.6545,0.3525
12079,-117.765,34.625,0.089,0.0299,0.0585,0.0312,0.2108,0.0877,0.1733,0.0878,0.1992,0.0916,0.0787,0.0302,0.1423,0.0753,0.6467,0.3479
12080,-117.755,34.625,0.0884,0.0299,0.0583,0.0312,0.2086,0.087,0.1733,0.0879,0.1968,0.0904,0.0822,0.0319,0.1416,0.0752,0.639,0.3432
12081,-117.745,34.625,0.0878,0.0299,0.0581,0.0312,0.2058,0.086,0.1725,0.0877,0.1946,0.0891,0.0853,0.0335,0.1404,0.0746,0.631,0.338
12082,-117.735,34.625,0.0872,0.0299,0.058,0.0312,0.2023,0.0846,0.1711,0.0869,0.1923,0.0879,0.0881,0.0349,0.1387,0.0738,0.6221,0.3316
12083,-117.725,34.625,0.0841,0.0287,0.0453,0.0232,0.1725,0.0692,0.1466,0.0716,0.1851,0.0836,0.0777,0.0299,0.1185,0.0606,0.5461,0.2672
12084,-117.715,34.625,0.0486,0.0145,0.0325,0.0152,0.1429,0.054,0.1222,0.0563,0.1088,0.0419,0.067,0.0247,0.0984,0.0475,0.4588,0.2057
12085,-117.705,34.625,0.0468,0.0139,0.0316,0.0148,0.1402,0.0534,0.1208,0.0561,0.1044,0.0399,0.0683,0.0257,0.0969,0.0471,0.394,0.1671
12086,-117.695,34.625,0.0465,0.0139,0.0328,0.0155,0.1369,0.0522,0.1189,0.0552,0.1032,0.0394,0.069,0.0262,0.0952,0.0463,0.396,0.1685
12087,-117.685,34.625,0.0528,0.0164,0.0361,0.0175,0.1332,0.0506,0.1163,0.0537,0.1164,0.046,0.0691,0.0264,0.0934,0.0452,0.4272,0.1864
12088,-117.675,34.625,0.0836,0.0296,0.0442,0.0228,0.1282,0.0484,0.1126,0.0517,0.1795,0.0815,0.0684,0.0262,0.0901,0.0433,0.4634,0.2103
12089,-117.665,34.625,0.0777,0.0272,0.0523,0.028,0.1301,0.0499,0.1151,0.0537,0.1672,0.0742,0.0716,0.0282,0.0919,0.0449,0.5002,0.2379
12090,-117.655,34.625,0.0824,0.0296,0.0548,0.0298,0.1672,0.07,0.1493,0.0759,0.1756,0.0796,0.0954,0.0411,0.1192,0.0633,0.5336,0.2669
12091,-118.945,34.635,0.033,0.012,0.0303,0.0152,0.1265,0.0437,0.2027,0.0863,0.0545,0.0197,0.0162,0.0126,0.2456,0.0962,0.2045,0.0749
12092,-118.935,34.635,0.0334,0.0121,0.0304,0.0152,0.1288,0.0444,0.2066,0.088,0.0546,0.0196,0.0163,0.0126,0.2438,0.0955,0.2073,0.0755
12093,-118.925,34.635,0.0338,0.0122,0.0306,0.0152,0.1311,0.0451,0.2107,0.0898,0.0548,0.0196,0.0164,0.0126,0.242,0.0948,0.2101,0.0761
12094,-118.915,34.635,0.0342,0.0122,0.0307,0.0152,0.1335,0.0459,0.2149,0.0916,0.0549,0.0196,0.0164,0.0126,0.2401,0.0941,0.213,0.0767
12095,-118.905,34.635,0.0346,0.0123,0.0308,0.0153,0.1361,0.0466,0.2193,0.0935,0.055,0.0195,0.0165,0.0126,0.2381,0.0933,0.216,0.0773
12096,-118.895,34.635,0.035,0.0124,0.031,0.0153,0.1387,0.0475,0.2238,0.0955,0.0551,0.0194,0.0165,0.0126,0.2361,0.0926,0.2193,0.078
12097,-118.885,34.635,0.0354,0.0125,0.0311,0.0153,0.1414,0.0483,0.2284,0.0976,0.0551,0.0194,0.0166,0.0126,0.2341,0.0918,0.2228,0.0788
12098,-118.875,34.635,0.0358,0.0126,0.0313,0.0154,0.1443,0.0492,0.2333,0.0997,0.0551,0.0193,0.0166,0.0126,0.232,0.0911,0.2264,0.0797
12099,-118.865,34.635,0.0362,0.0126,0.0314,0.0154,0.1474,0.0502,0.2383,0.1019,0.0552,0.0192,0.0166,0.0127,0.2298,0.0903,0.2295,0.0802
12100,-118.855,34.635,0.0367,0.0127,0.0316,0.0154,0.1506,0.0512,0.2435,0.1041,0.0552,0.0191,0.0167,0.0127,0.2277,0.0895,0.2329,0.0809
12101,-118.845,34.635,0.0371,0.0128,0.0317,0.0155,0.154,0.0524,0.2491,0.1066,0.0552,0.019,0.0167,0.0127,0.2257,0.0888,0.2366,0.0817
12102,-118.835,34.635,0.0376,0.0129,0.0319,0.0155,0.1577,0.0536,0.255,0.1092,0.0552,0.0189,0.0167,0.0128,0.2239,0.0882,0.2406,0.0825
12103,-118.825,34.635,0.038,0.013,0.032,0.0156,0.1655,0.0567,0.2669,0.1155,0.0552,0.0188,0.0172,0.0132,0.2269,0.0904,0.2449,0.0835
12104,-118.815,34.635,0.0385,0.0131,0.0332,0.0163,0.1739,0.0601,0.2798,0.1223,0.0553,0.0188,0.0177,0.0138,0.2305,0.0931,0.2536,0.0864
12105,-118.805,34.635,0.0411,0.014,0.0393,0.0201,0.182,0.0633,0.2921,0.1286,0.0581,0.0199,0.0181,0.0142,0.2328,0.0949,0.2686,0.092
12106,-118.795,34.635,0.0432,0.0148,0.0436,0.0228,0.203,0.0725,0.3244,0.1466,0.0603,0.0208,0.0197,0.0159,0.2493,0.1045,0.2926,0.1018
12107,-118.785,34.635,0.0539,0.0194,0.046,0.0244,0.2369,0.0877,0.3766,0.1763,0.0739,0.0269,0.0225,0.0189,0.28,0.1221,0.3387,0.1244
12108,-118.775,34.635,0.0684,0.0259,0.0499,0.0268,0.2717,0.1053,0.4266,0.2094,0.0917,0.0353,0.0255,0.0223,0.3068,0.1407,0.3802,0.1474
12109,-118.765,34.635,0.0692,0.026,0.0536,0.0291,0.3022,0.1209,0.4695,0.2381,0.0917,0.0351,0.028,0.0253,0.3279,0.156,0.4107,0.1652
12110,-118.755,34.635,0.0701,0.0262,0.0556,0.0303,0.3104,0.1241,0.4803,0.2418,0.0916,0.035,0.028,0.0255,0.3247,0.1546,0.4248,0.1722
12111,-118.745,34.635,0.071,0.0263,0.0567,0.031,0.3189,0.1273,0.4912,0.245,0.0917,0.0348,0.028,0.0257,0.3216,0.1533,0.4347,0.1761
12112,-118.735,34.635,0.0719,0.0265,0.0571,0.0311,0.3278,0.1306,0.5022,0.2477,0.092,0.0348,0.0281,0.0259,0.3185,0.152,0.4455,0.1805
12113,-118.725,34.635,0.0728,0.0267,0.0574,0.0312,0.3371,0.1339,0.5134,0.2493,0.0927,0.0351,0.0287,0.0263,0.3155,0.1507,0.4583,0.1862
12114,-118.715,34.635,0.0737,0.0268,0.0577,0.0314,0.3466,0.1372,0.5245,0.2505,0.0941,0.0357,0.0295,0.0267,0.3126,0.1494,0.4737,0.1935
12115,-118.705,34.635,0.0747,0.027,0.0581,0.0315,0.3563,0.1404,0.5352,0.2501,0.096,0.0366,0.0309,0.0272,0.3098,0.1482,0.4928,0.2033
12116,-118.695,34.635,0.0757,0.0272,0.0584,0.0316,0.3656,0.1432,0.545,0.2484,0.0983,0.0377,0.0324,0.0277,0.3067,0.1468,0.5139,0.2144
12117,-118.685,34.635,0.0767,0.0273,0.0587,0.0317,0.3747,0.1455,0.5539,0.2451,0.1007,0.0388,0.0341,0.0282,0.3034,0.1453,0.5334,0.2234
12118,-118.675,34.635,0.0759,0.0267,0.0571,0.0306,0.3721,0.1405,0.5468,0.2292,0.1008,0.0388,0.0345,0.0273,0.2915,0.1373,0.5508,0.2296
12119,-118.665,34.635,0.0734,0.0253,0.0546,0.0288,0.3672,0.1341,0.5362,0.2109,0.0988,0.0377,0.0346,0.0262,0.278,0.1283,0.571,0.238
12120,-118.655,34.635,0.0746,0.0255,0.0495,0.0254,0.3625,0.1286,0.5241,0.1939,0.1012,0.0389,0.035,0.0253,0.2655,0.1208,0.5736,0.231
12121,-118.645,34.635,0.0656,0.0215,0.0447,0.0223,0.333,0.1124,0.477,0.1627,0.0904,0.0335,0.0326,0.0224,0.2368,0.1043,0.5518,0.2111
12122,-118.635,34.635,0.0519,0.0158,0.0402,0.0195,0.2787,0.0855,0.3948,0.1174,0.0724,0.0252,0.0276,0.0173,0.1919,0.0787,0.5192,0.1879
12123,-118.625,34.635,0.05,0.0149,0.0386,0.0184,0.2772,0.0822,0.3854,0.1061,0.0702,0.0241,0.0283,0.017,0.1856,0.0752,0.5143,0.1838
12124,-118.615,34.635,0.0514,0.0152,0.0376,0.0178,0.2848,0.0831,0.3882,0.1011,0.0724,0.0251,0.0301,0.0176,0.1861,0.0758,0.5282,0.1887
12125,-118.605,34.635,0.0511,0.0149,0.0369,0.0173,0.2835,0.0806,0.3782,0.0923,0.0721,0.0249,0.0311,0.0175,0.1813,0.0736,0.5479,0.1966
12126,-118.595,34.635,0.0518,0.015,0.0367,0.0171,0.2841,0.0791,0.3705,0.0849,0.0733,0.0254,0.0324,0.0175,0.178,0.0722,0.5715,0.2063
12127,-118.585,34.635,0.0525,0.0151,0.0368,0.0172,0.2864,0.0784,0.365,0.0789,0.0742,0.0258,0.034,0.0178,0.1763,0.0715,0.5979,0.2174
12128,-118.575,34.635,0.0532,0.0152,0.0369,0.0172,0.2882,0.0783,0.3576,0.0742,0.075,0.0261,0.0357,0.018,0.1743,0.0707,0.6238,0.2283
12129,-118.565,34.635,0.0539,0.0152,0.037,0.0172,0.2901,0.0786,0.3495,0.0702,0.0757,0.0263,0.0374,0.0181,0.1723,0.07,0.6486,0.2387
12130,-118.555,34.635,0.0547,0.0153,0.037,0.0172,0.2929,0.0806,0.3397,0.0683,0.0764,0.0266,0.0393,0.0183,0.1705,0.0693,0.6724,0.2489
12131,-118.545,34.635,0.0555,0.0154,0.0371,0.0172,0.2964,0.0837,0.3295,0.0677,0.077,0.0268,0.0413,0.0184,0.1689,0.0687,0.695,0.2587
12132,-118.535,34.635,0.0564,0.0155,0.0372,0.0172,0.3006,0.088,0.319,0.0681,0.0776,0.027,0.0434,0.0185,0.1676,0.0682,0.716,0.2679
12133,-118.525,34.635,0.0573,0.0156,0.0373,0.0172,0.3047,0.0933,0.3085,0.0694,0.0782,0.0272,0.0457,0.0186,0.1663,0.0677,0.7372,0.2773
12134,-118.515,34.635,0.0583,0.0157,0.0374,0.0173,0.3088,0.0991,0.2983,0.071,0.0787,0.0274,0.0482,0.0187,0.165,0.0672,0.7587,0.2867
12135,-118.505,34.635,0.0593,0.0158,0.0375,0.0173,0.3131,0.1056,0.2887,0.0728,0.0791,0.0275,0.0507,0.0188,0.1637,0.0667,0.7805,0.2962
12136,-118.495,34.635,0.0603,0.0159,0.0376,0.0173,0.319,0.1136,0.2823,0.0758,0.0795,0.0277,0.0539,0.019,0.1637,0.067,0.803,0.3061
12137,-118.485,34.635,0.0614,0.016,0.0378,0.0173,0.3266,0.1232,0.279,0.08,0.0798,0.0278,0.0575,0.0195,0.1652,0.0681,0.8259,0.3161
12138,-118.475,34.635,0.0625,0.0161,0.0379,0.0174,0.3252,0.129,0.274,0.0834,0.0802,0.0279,0.0596,0.0193,0.1625,0.0668,0.85,0.3267
12139,-118.465,34.635,0.0638,0.0162,0.038,0.0174,0.3222,0.1341,0.2698,0.087,0.0807,0.0281,0.0613,0.0191,0.1594,0.0653,0.8755,0.338
12140,-118.455,34.635,0.065,0.0163,0.0382,0.0175,0.3204,0.14,0.2708,0.0926,0.0813,0.0283,0.063,0.0192,0.1582,0.0649,0.9027,0.3501
12141,-118.445,34.635,0.0662,0.0163,0.0383,0.0176,0.3182,0.1448,0.2723,0.0977,0.0818,0.0285,0.0642,0.0194,0.157,0.0645,0.9301,0.3624
12142,-118.435,34.635,0.0673,0.0163,0.0384,0.0176,0.3157,0.1486,0.2743,0.1025,0.0823,0.0287,0.0649,0.0196,0.1559,0.0641,0.9576,0.3748
12143,-118.425,34.635,0.0682,0.0162,0.0385,0.0176,0.3122,0.1493,0.2757,0.1051,0.0828,0.0289,0.0649,0.0198,0.1544,0.0635,0.9851,0.3872
12144,-118.415,34.635,0.0689,0.0161,0.0385,0.0176,0.3084,0.1489,0.2766,0.1069,0.0833,0.0291,0.0647,0.0201,0.1529,0.063,1.0123,0.3995
12145,-118.405,34.635,0.0695,0.0159,0.0384,0.0175,0.3039,0.1459,0.2755,0.1064,0.0841,0.0294,0.0642,0.0204,0.1513,0.0623,1.0389,0.4114
12146,-118.395,34.635,0.0701,0.0156,0.0383,0.0174,0.3002,0.1429,0.2732,0.1057,0.0848,0.0297,0.0641,0.0208,0.1502,0.062,1.0646,0.4229
12147,-118.385,34.635,0.0706,0.0154,0.0381,0.0173,0.2972,0.1399,0.2697,0.1048,0.0855,0.03,0.0642,0.0215,0.1498,0.062,1.1111,0.4461
12148,-118.375,34.635,0.0769,0.0167,0.0431,0.0203,0.2988,0.1395,0.2669,0.1058,0.093,0.0336,0.0659,0.0228,0.152,0.0635,1.201,0.4947
12149,-118.365,34.635,0.0875,0.0192,0.0482,0.0233,0.3136,0.1485,0.2748,0.1144,0.1055,0.0398,0.0715,0.026,0.1618,0.0698,1.3395,0.5921
12150,-118.355,34.635,0.1194,0.0276,0.049,0.0238,0.3876,0.2005,0.3342,0.1579,0.1426,0.0586,0.0952,0.0382,0.2062,0.0975,1.4502,0.6939
12151,-118.345,34.635,0.1229,0.0278,0.0489,0.0237,0.4087,0.2124,0.3453,0.1693,0.1465,0.0608,0.1034,0.0426,0.2192,0.1054,1.4912,0.7327
12152,-118.335,34.635,0.1111,0.0238,0.0478,0.0229,0.377,0.1842,0.3082,0.1488,0.1332,0.0536,0.0959,0.0391,0.201,0.0934,1.4454,0.6791
12153,-118.325,34.635,0.0916,0.018,0.0454,0.0215,0.369,0.1764,0.2937,0.1447,0.1107,0.042,0.0973,0.04,0.1978,0.0917,1.3578,0.6012
12154,-118.315,34.635,0.1019,0.0202,0.0433,0.0203,0.3543,0.166,0.2752,0.1381,0.1222,0.0483,0.0966,0.0399,0.1911,0.0883,1.2527,0.5346
12155,-118.305,34.635,0.0759,0.0134,0.0438,0.0206,0.2831,0.1221,0.2141,0.1026,0.0912,0.033,0.0763,0.0307,0.1524,0.0662,1.1571,0.4807
12156,-118.295,34.635,0.0746,0.0127,0.0448,0.0212,0.2477,0.1002,0.1822,0.0857,0.0886,0.0318,0.0648,0.0266,0.1338,0.0559,1.0937,0.4467
12157,-118.285,34.635,0.0809,0.0135,0.0463,0.022,0.2482,0.1003,0.1794,0.0874,0.095,0.0347,0.0623,0.0277,0.1353,0.0571,1.111,0.4573
12158,-118.275,34.635,0.0809,0.013,0.0494,0.024,0.2569,0.1038,0.1833,0.0927,0.0946,0.0345,0.0618,0.0296,0.1409,0.0603,1.1363,0.4746
12159,-118.265,34.635,0.0996,0.0162,0.0524,0.026,0.2748,0.1128,0.1941,0.1032,0.1156,0.0447,0.0636,0.0332,0.1519,0.0667,1.1994,0.532
12160,-118.255,34.635,0.1228,0.0202,0.0537,0.0267,0.3293,0.1446,0.2322,0.1352,0.142,0.058,0.0751,0.0439,0.1851,0.087,1.2713,0.6106
12161,-118.245,34.635,0.1334,0.022,0.0567,0.0286,0.3588,0.1621,0.2517,0.1528,0.1549,0.0651,0.0802,0.0503,0.2039,0.0989,1.2831,0.6613
12162,-118.235,34.635,0.1355,0.0222,0.0616,0.0315,0.3633,0.1652,0.2526,0.1559,0.1596,0.0676,0.0787,0.0524,0.2082,0.1024,1.2744,0.6841
12163,-118.225,34.635,0.1348,0.022,0.0615,0.0314,0.3592,0.1622,0.2462,0.1515,0.1618,0.0687,0.0759,0.0523,0.2065,0.1016,1.2603,0.6834
12164,-118.215,34.635,0.1323,0.0215,0.0602,0.0306,0.3536,0.1582,0.2386,0.1458,0.1613,0.0683,0.0731,0.0519,0.2037,0.1001,1.2424,0.6686
12165,-118.205,34.635,0.1319,0.0214,0.058,0.0291,0.3493,0.1553,0.2331,0.1407,0.1629,0.0691,0.072,0.0515,0.2015,0.099,1.2218,0.6513
12166,-118.195,34.635,0.1325,0.0216,0.0589,0.0297,0.346,0.153,0.2292,0.1368,0.1656,0.0706,0.0718,0.0513,0.1998,0.0983,1.2042,0.6502
12167,-118.185,34.635,0.1358,0.0224,0.063,0.0324,0.3435,0.1514,0.227,0.1341,0.1719,0.0742,0.0725,0.0512,0.1987,0.0979,1.1875,0.6555
12168,-118.175,34.635,0.1363,0.0226,0.0634,0.0326,0.3396,0.1489,0.2249,0.1315,0.175,0.076,0.0731,0.0504,0.1964,0.0967,1.1693,0.656
12169,-118.165,34.635,0.1357,0.0228,0.063,0.0324,0.3355,0.1463,0.2231,0.1291,0.1767,0.0769,0.0737,0.0494,0.1939,0.0954,1.1481,0.644
12170,-118.155,34.635,0.1346,0.023,0.0626,0.0321,0.3316,0.144,0.2221,0.1271,0.1769,0.0767,0.0748,0.0478,0.1914,0.0941,1.125,0.6243
12171,-118.145,34.635,0.1332,0.0233,0.0622,0.0318,0.3281,0.1418,0.2215,0.1255,0.1765,0.0761,0.0759,0.0462,0.189,0.0928,1.1012,0.6044
12172,-118.135,34.635,0.1315,0.0237,0.0619,0.0316,0.3248,0.1399,0.2213,0.1242,0.1765,0.0757,0.0771,0.0446,0.1867,0.0917,1.0777,0.5857
12173,-118.125,34.635,0.1297,0.024,0.0617,0.0315,0.3225,0.1387,0.2222,0.1238,0.177,0.0757,0.0785,0.0435,0.1853,0.0912,1.0549,0.5689
12174,-118.115,34.635,0.1279,0.0245,0.0615,0.0314,0.3205,0.1378,0.2235,0.1236,0.1779,0.076,0.08,0.0426,0.1842,0.0909,1.0333,0.5547
12175,-118.105,34.635,0.1261,0.0249,0.0615,0.0315,0.3189,0.137,0.2252,0.1238,0.1793,0.0766,0.0814,0.0422,0.1835,0.0909,1.0135,0.5425
12176,-118.095,34.635,0.1243,0.0253,0.0617,0.0316,0.3168,0.136,0.2264,0.1237,0.1809,0.0775,0.0827,0.0418,0.1826,0.0908,0.9948,0.532
12177,-118.085,34.635,0.1226,0.0258,0.062,0.0318,0.3143,0.1346,0.2272,0.1233,0.183,0.0786,0.0838,0.0415,0.1815,0.0905,0.9769,0.5226
12178,-118.075,34.635,0.1208,0.0262,0.062,0.0318,0.3116,0.1332,0.2278,0.1229,0.1847,0.0795,0.0848,0.0414,0.1805,0.0902,0.9596,0.5134
12179,-118.065,34.635,0.119,0.0265,0.0619,0.0318,0.3088,0.1317,0.2282,0.1224,0.1865,0.0805,0.0858,0.0413,0.1795,0.0899,0.943,0.5045
12180,-118.055,34.635,0.1173,0.0268,0.062,0.0319,0.306,0.1302,0.2282,0.1219,0.1882,0.0815,0.0867,0.0412,0.1786,0.0897,0.927,0.496
12181,-118.045,34.635,0.1156,0.0271,0.062,0.0319,0.3027,0.1284,0.2278,0.1211,0.1898,0.0824,0.0874,0.041,0.1774,0.0893,0.9116,0.4878
12182,-118.035,34.635,0.1139,0.0274,0.0621,0.032,0.2991,0.1263,0.227,0.12,0.1912,0.0832,0.0878,0.0407,0.176,0.0887,0.8966,0.4799
12183,-118.025,34.635,0.1122,0.0276,0.062,0.032,0.2944,0.1237,0.225,0.1183,0.1925,0.084,0.0878,0.0401,0.1739,0.0876,0.8819,0.4719
12184,-118.015,34.635,0.1105,0.0277,0.062,0.032,0.2897,0.1211,0.2228,0.1164,0.1935,0.0845,0.0877,0.0395,0.1718,0.0865,0.8677,0.4639
12185,-118.005,34.635,0.1089,0.0279,0.0619,0.032,0.2854,0.1188,0.2207,0.1149,0.1943,0.085,0.0876,0.0389,0.1702,0.0858,0.8537,0.4559
12186,-117.995,34.635,0.1073,0.028,0.0618,0.032,0.2813,0.1167,0.2186,0.1134,0.195,0.0855,0.0874,0.0382,0.1687,0.0851,0.8399,0.4479
12187,-117.985,34.635,0.1058,0.028,0.0616,0.0319,0.2773,0.1148,0.2165,0.1119,0.1956,0.0858,0.087,0.0375,0.1673,0.0845,0.8266,0.4402
12188,-117.975,34.635,0.1043,0.0281,0.0615,0.0319,0.2734,0.1129,0.2141,0.1103,0.1961,0.0861,0.0863,0.0368,0.1659,0.0839,0.8136,0.4325
12189,-117.965,34.635,0.103,0.0282,0.0613,0.0318,0.2695,0.111,0.2117,0.1087,0.1964,0.0864,0.0855,0.036,0.1646,0.0834,0.801,0.425
12190,-117.955,34.635,0.1017,0.0283,0.0611,0.0318,0.2657,0.1092,0.2092,0.1071,0.1968,0.0868,0.0843,0.0351,0.1632,0.0828,0.7886,0.4177
12191,-117.945,34.635,0.1005,0.0283,0.0609,0.0317,0.262,0.1075,0.2066,0.1055,0.1972,0.0871,0.0829,0.0342,0.1619,0.0823,0.7767,0.4106
12192,-117.935,34.635,0.0994,0.0284,0.0607,0.0316,0.2583,0.1058,0.2039,0.1039,0.1977,0.0875,0.0813,0.0333,0.1606,0.0818,0.7651,0.4037
12193,-117.925,34.635,0.0984,0.0285,0.0551,0.0282,0.2541,0.1039,0.2007,0.1019,0.1981,0.0878,0.0794,0.0322,0.159,0.081,0.7316,0.3734
12194,-117.915,34.635,0.0906,0.0261,0.0491,0.0246,0.2406,0.0974,0.1899,0.0953,0.1848,0.0808,0.0744,0.0298,0.1514,0.0765,0.6668,0.3172
12195,-117.905,34.635,0.0625,0.0166,0.047,0.0232,0.182,0.0685,0.1428,0.0668,0.1309,0.0517,0.0551,0.0206,0.1146,0.0542,0.5613,0.2455
12196,-117.895,34.635,0.058,0.0153,0.0477,0.0236,0.1695,0.062,0.1324,0.0601,0.1231,0.0477,0.0502,0.0181,0.1073,0.0496,0.5551,0.2426
12197,-117.885,34.635,0.0744,0.0212,0.051,0.0257,0.203,0.078,0.1585,0.0754,0.1587,0.0661,0.0598,0.0224,0.1295,0.0628,0.6078,0.283
12198,-117.875,34.635,0.0918,0.0279,0.0516,0.0261,0.2214,0.0882,0.1729,0.0849,0.1954,0.0872,0.0651,0.0249,0.1426,0.0716,0.6713,0.3328
12199,-117.865,34.635,0.0901,0.0276,0.0524,0.0267,0.2332,0.0952,0.1819,0.0912,0.1937,0.0866,0.0684,0.0265,0.1515,0.0779,0.6774,0.3429
12200,-117.855,34.635,0.0932,0.0292,0.0569,0.0297,0.2279,0.0929,0.1768,0.0884,0.2015,0.0915,0.0665,0.0254,0.1489,0.0765,0.6841,0.3572
12201,-117.845,34.635,0.0926,0.0293,0.0591,0.0312,0.2254,0.0921,0.174,0.0869,0.2019,0.092,0.0656,0.0249,0.1482,0.0764,0.6815,0.3599
12202,-117.835,34.635,0.092,0.0293,0.0589,0.0311,0.2257,0.0927,0.1735,0.087,0.2021,0.0924,0.066,0.025,0.1495,0.0775,0.6742,0.3568
12203,-117.825,34.635,0.0914,0.0294,0.0588,0.0311,0.2236,0.0921,0.1723,0.0865,0.202,0.0927,0.0663,0.025,0.149,0.0774,0.6671,0.3538
12204,-117.815,34.635,0.0908,0.0295,0.0586,0.0311,0.221,0.0912,0.1711,0.086,0.2016,0.0927,0.0667,0.0251,0.1481,0.0772,0.6602,0.3507
12205,-117.805,34.635,0.0902,0.0295,0.0584,0.0311,0.2185,0.0904,0.171,0.0861,0.2008,0.0924,0.0681,0.0257,0.1473,0.077,0.6531,0.3475
12206,-117.795,34.635,0.0896,0.0295,0.0583,0.031,0.2161,0.0896,0.171,0.0862,0.1996,0.0919,0.0699,0.0264,0.1465,0.0767,0.6461,0.344
12207,-117.785,34.635,0.089,0.0296,0.0581,0.031,0.2138,0.0889,0.1712,0.0865,0.1981,0.0912,0.0721,0.0275,0.1457,0.0765,0.6392,0.3404
12208,-117.775,34.635,0.0884,0.0296,0.058,0.031,0.2111,0.088,0.1711,0.0866,0.1964,0.0903,0.0748,0.0287,0.1446,0.0762,0.6322,0.3366
12209,-117.765,34.635,0.0878,0.0296,0.0578,0.031,0.2086,0.0871,0.171,0.0866,0.1945,0.0893,0.0776,0.03,0.1437,0.0758,0.6254,0.3329
12210,-117.755,34.635,0.0872,0.0296,0.0577,0.031,0.2068,0.0867,0.1714,0.0871,0.1925,0.0882,0.081,0.0317,0.1432,0.0758,0.6182,0.3287
12211,-117.745,34.635,0.0859,0.0292,0.0574,0.0309,0.2036,0.0854,0.1704,0.0866,0.1891,0.0863,0.0837,0.033,0.1417,0.0751,0.6101,0.3234
12212,-117.735,34.635,0.0842,0.0287,0.0569,0.0307,0.199,0.0833,0.168,0.0852,0.1849,0.0838,0.0857,0.0341,0.1391,0.0736,0.5999,0.3154
12213,-117.725,34.635,0.0816,0.0278,0.0459,0.0237,0.171,0.069,0.1452,0.071,0.1789,0.0803,0.0762,0.0295,0.1199,0.0612,0.5319,0.2588
12214,-117.715,34.635,0.0551,0.017,0.0346,0.0165,0.1405,0.0534,0.12,0.0554,0.1224,0.049,0.0651,0.0241,0.0988,0.0476,0.4446,0.199
12215,-117.705,34.635,0.0462,0.0138,0.0321,0.0151,0.1203,0.0442,0.1033,0.0461,0.1025,0.0392,0.0576,0.0208,0.0848,0.0395,0.3722,0.1562
12216,-117.695,34.635,0.0459,0.0138,0.0315,0.0148,0.1201,0.0444,0.104,0.0467,0.1015,0.0388,0.0601,0.0221,0.0852,0.0399,0.3652,0.1527
12217,-117.685,34.635,0.0564,0.018,0.0327,0.0156,0.14,0.0542,0.1222,0.0574,0.1236,0.0501,0.0724,0.028,0.0998,0.0489,0.404,0.1744
12218,-117.675,34.635,0.0685,0.0232,0.0359,0.0177,0.1268,0.0481,0.1112,0.0512,0.1483,0.0639,0.0673,0.0257,0.0907,0.0435,0.411,0.1788
12219,-117.665,34.635,0.0473,0.0146,0.0396,0.0201,0.1169,0.0439,0.1032,0.047,0.1032,0.04,0.0642,0.0245,0.0841,0.0399,0.4111,0.1799
12220,-117.655,34.635,0.0601,0.0201,0.0436,0.0227,0.1561,0.0648,0.1391,0.0698,0.1296,0.0543,0.089,0.0376,0.1131,0.0591,0.4375,0.1968
12221,-118.945,34.645,0.0326,0.0119,0.0298,0.0149,0.125,0.0428,0.1988,0.0849,0.0539,0.0195,0.0163,0.0125,0.2519,0.0985,0.2061,0.0756
12222,-118.935,34.645,0.0329,0.012,0.0299,0.015,0.1271,0.0435,0.2025,0.0865,0.054,0.0195,0.0163,0.0124,0.25,0.0978,0.2088,0.0762
12223,-118.925,34.645,0.0333,0.012,0.0301,0.015,0.1294,0.0441,0.2063,0.0882,0.0542,0.0194,0.0164,0.0124,0.248,0.097,0.2117,0.0768
12224,-118.915,34.645,0.0337,0.0121,0.0302,0.015,0.1318,0.0448,0.2103,0.09,0.0542,0.0194,0.0164,0.0125,0.246,0.0963,0.2146,0.0773
12225,-118.905,34.645,0.0341,0.0122,0.0304,0.0151,0.1342,0.0456,0.2144,0.0919,0.0543,0.0193,0.0165,0.0125,0.2438,0.0955,0.2176,0.078
12226,-118.895,34.645,0.0345,0.0123,0.0305,0.0151,0.1368,0.0463,0.2186,0.0938,0.0544,0.0192,0.0165,0.0125,0.2417,0.0947,0.2207,0.0786
12227,-118.885,34.645,0.0349,0.0124,0.0307,0.0151,0.1394,0.0471,0.223,0.0958,0.0544,0.0192,0.0166,0.0125,0.2395,0.0939,0.2239,0.0792
12228,-118.875,34.645,0.0353,0.0124,0.0308,0.0152,0.1422,0.048,0.2276,0.0979,0.0544,0.0191,0.0166,0.0125,0.2373,0.093,0.2272,0.0799
12229,-118.865,34.645,0.0358,0.0125,0.031,0.0152,0.1451,0.0489,0.2323,0.1,0.0544,0.019,0.0166,0.0125,0.235,0.0922,0.2308,0.0806
12230,-118.855,34.645,0.0362,0.0126,0.0311,0.0153,0.1482,0.0499,0.2372,0.1022,0.0544,0.0189,0.0166,0.0125,0.2327,0.0913,0.2352,0.0818
12231,-118.845,34.645,0.0366,0.0127,0.0322,0.0159,0.1523,0.0513,0.2436,0.1053,0.0544,0.0188,0.0167,0.0126,0.2317,0.0911,0.2417,0.0838
12232,-118.835,34.645,0.0374,0.0129,0.0342,0.0171,0.1573,0.0531,0.2515,0.1092,0.0549,0.0189,0.0169,0.0128,0.2319,0.0916,0.2534,0.088
12233,-118.825,34.645,0.0384,0.0132,0.0353,0.0178,0.1879,0.067,0.2978,0.1379,0.0556,0.0191,0.02,0.0158,0.2651,0.1117,0.2757,0.0976
12234,-118.815,34.645,0.0468,0.0169,0.0374,0.0191,0.2199,0.0818,0.3461,0.1682,0.0666,0.0242,0.0232,0.019,0.2994,0.1328,0.3048,0.1114
12235,-118.805,34.645,0.0542,0.0201,0.0455,0.0243,0.2341,0.0887,0.3661,0.1819,0.0758,0.0284,0.0244,0.0203,0.3067,0.1391,0.3357,0.127
12236,-118.795,34.645,0.0595,0.0223,0.0511,0.0278,0.249,0.0955,0.3877,0.1951,0.0824,0.0312,0.0254,0.0214,0.3143,0.1447,0.3602,0.14
12237,-118.785,34.645,0.0651,0.0247,0.0542,0.0299,0.2645,0.1022,0.4109,0.2079,0.0887,0.0342,0.0264,0.0225,0.3222,0.1495,0.3855,0.153
12238,-118.775,34.645,0.0676,0.0256,0.055,0.0303,0.2807,0.1099,0.4335,0.2217,0.0909,0.0352,0.0274,0.0237,0.3288,0.1546,0.4067,0.1642
12239,-118.765,34.645,0.0684,0.0258,0.0553,0.0304,0.2955,0.1169,0.4538,0.2339,0.091,0.0351,0.0283,0.0247,0.3335,0.1587,0.4227,0.1725
12240,-118.755,34.645,0.0693,0.026,0.0557,0.0306,0.3031,0.1198,0.4635,0.2373,0.0912,0.0351,0.0283,0.0249,0.3302,0.1573,0.433,0.1768
12241,-118.745,34.645,0.0702,0.0261,0.056,0.0307,0.311,0.1228,0.4732,0.2403,0.0916,0.0351,0.0285,0.0252,0.327,0.1559,0.4438,0.1812
12242,-118.735,34.645,0.0711,0.0263,0.0563,0.0308,0.3192,0.1258,0.4829,0.2426,0.0922,0.0353,0.0288,0.0254,0.3239,0.1545,0.4559,0.1864
12243,-118.725,34.645,0.072,0.0265,0.0567,0.0309,0.3277,0.1288,0.4926,0.2439,0.0931,0.0356,0.0295,0.0258,0.3208,0.1532,0.4699,0.1927
12244,-118.715,34.645,0.073,0.0266,0.057,0.0311,0.3363,0.1319,0.5021,0.2446,0.0945,0.0362,0.0303,0.0262,0.3178,0.1519,0.4859,0.2005
12245,-118.705,34.645,0.0739,0.0268,0.0574,0.0312,0.3451,0.1348,0.5111,0.2438,0.0962,0.037,0.0316,0.0267,0.315,0.1507,0.505,0.2102
12246,-118.695,34.645,0.075,0.027,0.0577,0.0313,0.3515,0.1361,0.5168,0.2397,0.0982,0.038,0.0327,0.027,0.3102,0.1481,0.5254,0.2205
12247,-118.685,34.645,0.0749,0.0267,0.0579,0.0314,0.3558,0.1359,0.519,0.2323,0.0991,0.0384,0.0337,0.027,0.3035,0.144,0.5447,0.229
12248,-118.675,34.645,0.0715,0.0249,0.0556,0.0298,0.3623,0.1369,0.523,0.2257,0.0957,0.0366,0.0353,0.0274,0.2995,0.1419,0.5599,0.2332
12249,-118.665,34.645,0.0743,0.0259,0.0522,0.0274,0.3594,0.1332,0.5141,0.212,0.1001,0.0388,0.0358,0.0268,0.2882,0.1354,0.5607,0.225
12250,-118.655,34.645,0.0636,0.0211,0.0463,0.0236,0.3086,0.1062,0.4399,0.1625,0.0868,0.0324,0.0307,0.0214,0.2392,0.1055,0.5317,0.2022
12251,-118.645,34.645,0.0531,0.0166,0.041,0.0202,0.2758,0.0884,0.3896,0.1287,0.0736,0.026,0.0277,0.018,0.2067,0.0862,0.5092,0.185
12252,-118.635,34.645,0.0493,0.0149,0.0364,0.0173,0.261,0.0799,0.3631,0.1106,0.0688,0.0237,0.0269,0.0165,0.1908,0.0774,0.5031,0.1785
12253,-118.625,34.645,0.0494,0.0148,0.0358,0.0169,0.2637,0.0791,0.36,0.1037,0.0693,0.0239,0.0281,0.0167,0.1878,0.0759,0.5174,0.1836
12254,-118.615,34.645,0.0502,0.0149,0.0361,0.017,0.2693,0.0797,0.3606,0.0987,0.0706,0.0245,0.0297,0.0172,0.1872,0.0759,0.5429,0.1941
12255,-118.605,34.645,0.051,0.015,0.0363,0.0171,0.2716,0.0793,0.356,0.0926,0.0719,0.025,0.0311,0.0174,0.1848,0.0749,0.5713,0.2058
12256,-118.595,34.645,0.0519,0.0152,0.0366,0.0172,0.2744,0.0791,0.3516,0.0871,0.0731,0.0255,0.0326,0.0177,0.1829,0.0742,0.6014,0.2185
12257,-118.585,34.645,0.0527,0.0153,0.0368,0.0173,0.2775,0.0794,0.3473,0.0823,0.0742,0.026,0.0343,0.018,0.1814,0.0738,0.6331,0.2319
12258,-118.575,34.645,0.0535,0.0154,0.0369,0.0173,0.2799,0.08,0.341,0.0784,0.0752,0.0263,0.036,0.0182,0.1797,0.0731,0.6645,0.2453
12259,-118.565,34.645,0.0543,0.0155,0.037,0.0173,0.2822,0.081,0.3338,0.0749,0.0758,0.0266,0.0377,0.0184,0.1778,0.0724,0.6947,0.2582
12260,-118.555,34.645,0.055,0.0155,0.037,0.0173,0.2844,0.083,0.3248,0.0729,0.0764,0.0268,0.0394,0.0185,0.1759,0.0716,0.7233,0.2705
12261,-118.545,34.645,0.0557,0.0156,0.037,0.0173,0.2869,0.0858,0.3153,0.0718,0.0768,0.027,0.0413,0.0186,0.1741,0.0709,0.7501,0.282
12262,-118.535,34.645,0.0565,0.0156,0.0371,0.0172,0.2896,0.0895,0.3053,0.0715,0.0773,0.0271,0.0432,0.0187,0.1723,0.0702,0.7735,0.2923
12263,-118.525,34.645,0.0573,0.0157,0.0371,0.0172,0.2924,0.0943,0.2952,0.072,0.0776,0.0272,0.0453,0.0187,0.1706,0.0695,0.7959,0.3021
12264,-118.515,34.645,0.0582,0.0158,0.0371,0.0172,0.2952,0.0995,0.2852,0.0727,0.0779,0.0273,0.0474,0.0188,0.1689,0.0688,0.8182,0.3119
12265,-118.505,34.645,0.0591,0.0159,0.0372,0.0172,0.298,0.1055,0.2754,0.0737,0.0782,0.0274,0.0496,0.0187,0.1673,0.0682,0.8419,0.3224
12266,-118.495,34.645,0.0601,0.016,0.0372,0.0172,0.3169,0.1215,0.2803,0.0808,0.0784,0.0274,0.0551,0.0202,0.1754,0.073,0.873,0.3367
12267,-118.485,34.645,0.067,0.0181,0.0373,0.0172,0.3516,0.1473,0.2998,0.0941,0.0858,0.0308,0.064,0.0233,0.1932,0.0832,0.9182,0.3587
12268,-118.475,34.645,0.0627,0.0163,0.0378,0.0175,0.334,0.1444,0.2826,0.0922,0.0793,0.0277,0.0625,0.0216,0.1812,0.0767,0.946,0.3712
12269,-118.465,34.645,0.0644,0.0166,0.0383,0.0177,0.3096,0.138,0.2621,0.0891,0.0801,0.028,0.0596,0.0194,0.1656,0.0682,0.9574,0.3748
12270,-118.455,34.645,0.0651,0.0166,0.0382,0.0177,0.3044,0.1431,0.2617,0.0946,0.0798,0.0279,0.0604,0.0191,0.1625,0.0667,0.9808,0.3849
12271,-118.445,34.645,0.0663,0.0166,0.0382,0.0176,0.3008,0.148,0.2633,0.1001,0.0803,0.028,0.0612,0.0191,0.1604,0.0659,1.0004,0.3931
12272,-118.435,34.645,0.0674,0.0166,0.0381,0.0176,0.2988,0.1527,0.2668,0.1057,0.0807,0.0282,0.062,0.0193,0.1593,0.0655,1.0244,0.4036
12273,-118.425,34.645,0.0683,0.0165,0.0382,0.0176,0.296,0.1533,0.2701,0.1081,0.0812,0.0284,0.0622,0.0195,0.1578,0.065,1.0539,0.417
12274,-118.415,34.645,0.0689,0.0163,0.0385,0.0177,0.2931,0.1526,0.2734,0.1093,0.0818,0.0287,0.0623,0.0198,0.1564,0.0644,1.0887,0.4334
12275,-118.405,34.645,0.0696,0.0161,0.0403,0.0188,0.2907,0.1491,0.2763,0.1082,0.0828,0.0291,0.0624,0.0202,0.1553,0.0641,1.1399,0.4592
12276,-118.395,34.645,0.0711,0.0162,0.0416,0.0196,0.2968,0.1508,0.2846,0.1108,0.0848,0.0299,0.0645,0.0216,0.1592,0.0664,1.2,0.4906
12277,-118.385,34.645,0.075,0.0169,0.0423,0.02,0.3113,0.1578,0.2983,0.1171,0.0896,0.0321,0.0687,0.024,0.1681,0.0716,1.2845,0.5487
12278,-118.375,34.645,0.1085,0.0264,0.0481,0.0235,0.3317,0.17,0.3106,0.1277,0.1283,0.0516,0.0752,0.0277,0.1814,0.0798,1.4042,0.6505
12279,-118.365,34.645,0.1047,0.0243,0.0539,0.0269,0.3509,0.1812,0.32,0.1379,0.1247,0.0493,0.0818,0.0316,0.194,0.0877,1.4406,0.684
12280,-118.355,34.645,0.1067,0.0243,0.0536,0.0267,0.358,0.1831,0.3161,0.1418,0.1273,0.0507,0.0857,0.0342,0.1986,0.091,1.4324,0.6762
12281,-118.345,34.645,0.1001,0.0219,0.0511,0.0252,0.3419,0.1695,0.293,0.1332,0.1199,0.0472,0.0832,0.0336,0.1898,0.0862,1.3785,0.6324
12282,-118.335,34.645,0.0876,0.0179,0.0463,0.0222,0.3027,0.1405,0.2507,0.112,0.1055,0.0399,0.0743,0.0296,0.1676,0.0733,1.2881,0.5635
12283,-118.325,34.645,0.0749,0.0142,0.0423,0.0198,0.2936,0.1327,0.2363,0.1074,0.0905,0.0327,0.0738,0.0299,0.1633,0.0711,1.2276,0.5215
12284,-118.315,34.645,0.0759,0.0141,0.0394,0.0182,0.2924,0.1305,0.2293,0.1071,0.0916,0.0333,0.0752,0.0312,0.1639,0.0718,1.1991,0.5062
12285,-118.305,34.645,0.0836,0.0155,0.0412,0.0194,0.3002,0.1341,0.2308,0.1112,0.1004,0.0376,0.0772,0.0339,0.1709,0.0761,1.1839,0.5042
12286,-118.295,34.645,0.0852,0.0154,0.0456,0.022,0.312,0.1413,0.236,0.1189,0.1018,0.0383,0.08,0.0378,0.1804,0.0825,1.1845,0.5186
12287,-118.285,34.645,0.1101,0.0206,0.0525,0.026,0.3278,0.1523,0.2449,0.1302,0.1298,0.0525,0.0834,0.0428,0.1924,0.0911,1.2322,0.576
12288,-118.275,34.645,0.1148,0.0209,0.0585,0.0297,0.3305,0.1526,0.2435,0.1323,0.135,0.0551,0.0818,0.0446,0.195,0.093,1.2393,0.6135
12289,-118.265,34.645,0.1325,0.0241,0.0633,0.0328,0.3331,0.1523,0.242,0.134,0.1548,0.0658,0.0798,0.0462,0.1973,0.0945,1.2485,0.647
12290,-118.255,34.645,0.1335,0.0237,0.0638,0.0331,0.3481,0.16,0.2503,0.1428,0.1565,0.0668,0.0812,0.0501,0.207,0.1006,1.2571,0.6732
12291,-118.245,34.645,0.1329,0.023,0.0641,0.0333,0.3548,0.1631,0.2527,0.1468,0.1578,0.0674,0.0806,0.0523,0.2119,0.1039,1.2442,0.6801
12292,-118.235,34.645,0.1321,0.0226,0.064,0.0332,0.3532,0.1616,0.2491,0.1458,0.1596,0.0683,0.0779,0.053,0.212,0.1044,1.224,0.6767
12293,-118.225,34.645,0.1311,0.0222,0.0613,0.0315,0.3412,0.1529,0.2369,0.1368,0.1617,0.0693,0.073,0.0509,0.2046,0.0997,1.2016,0.6539
12294,-118.215,34.645,0.1185,0.0193,0.0581,0.0294,0.3286,0.1438,0.2244,0.1272,0.1489,0.0618,0.0684,0.0485,0.1966,0.0946,1.1765,0.6203
12295,-118.205,34.645,0.1154,0.0183,0.0551,0.0275,0.3234,0.1403,0.2188,0.1228,0.1457,0.0599,0.0671,0.048,0.1937,0.093,1.1483,0.5877
12296,-118.195,34.645,0.1206,0.0191,0.0565,0.0284,0.3243,0.141,0.2185,0.1225,0.1527,0.0638,0.068,0.0489,0.1949,0.0943,1.138,0.6031
12297,-118.185,34.645,0.1335,0.0217,0.0622,0.0321,0.3314,0.1459,0.2235,0.1261,0.1694,0.0735,0.0711,0.0514,0.2003,0.0984,1.1267,0.6199
12298,-118.175,34.645,0.1362,0.0222,0.0634,0.0329,0.3294,0.1447,0.2227,0.1249,0.1746,0.0766,0.0721,0.0513,0.1992,0.0981,1.1122,0.628
12299,-118.165,34.645,0.1362,0.0223,0.0637,0.0331,0.3258,0.1424,0.2211,0.1229,0.1771,0.078,0.0729,0.0507,0.197,0.097,1.0934,0.621
12300,-118.155,34.645,0.1361,0.0226,0.0638,0.0332,0.3238,0.1413,0.2214,0.1222,0.1777,0.0781,0.0747,0.0499,0.1957,0.0965,1.0737,0.607
12301,-118.145,34.645,0.135,0.023,0.0637,0.0331,0.3217,0.14,0.2217,0.1217,0.1775,0.0775,0.0765,0.049,0.1942,0.0959,1.0529,0.5906
12302,-118.135,34.645,0.1337,0.0234,0.0635,0.033,0.3195,0.1387,0.2222,0.1214,0.1778,0.0773,0.0784,0.0479,0.1926,0.0952,1.0327,0.576
12303,-118.125,34.645,0.1327,0.0241,0.0634,0.0329,0.3224,0.1411,0.2269,0.1246,0.1792,0.0779,0.0819,0.0483,0.1947,0.0972,1.0137,0.5655
12304,-118.115,34.645,0.1337,0.0253,0.0633,0.0329,0.3264,0.1442,0.2328,0.1286,0.184,0.0807,0.0858,0.0491,0.1977,0.0999,0.9972,0.5625
12305,-118.105,34.645,0.1343,0.0266,0.0633,0.0329,0.3307,0.1478,0.2391,0.1331,0.1885,0.0833,0.0899,0.0503,0.201,0.103,0.9809,0.5582
12306,-118.095,34.645,0.1325,0.0272,0.0635,0.033,0.3319,0.149,0.2428,0.1354,0.1905,0.0844,0.0927,0.0506,0.2022,0.1044,0.9649,0.5514
12307,-118.085,34.645,0.131,0.0279,0.0638,0.0333,0.3299,0.1479,0.2439,0.1355,0.193,0.0858,0.0942,0.0502,0.2013,0.1042,0.949,0.5424
12308,-118.075,34.645,0.1285,0.0282,0.0637,0.0333,0.3275,0.1465,0.2445,0.1353,0.1941,0.0864,0.0955,0.0497,0.2001,0.1039,0.9336,0.5331
12309,-118.065,34.645,0.1264,0.0286,0.0636,0.0332,0.3249,0.1451,0.2448,0.135,0.1955,0.0872,0.0966,0.0492,0.199,0.1035,0.9189,0.5244
12310,-118.055,34.645,0.1244,0.029,0.0636,0.0332,0.3224,0.1437,0.245,0.1346,0.197,0.0881,0.0976,0.0488,0.198,0.1033,0.9046,0.5157
12311,-118.045,34.645,0.1222,0.0292,0.0636,0.0333,0.3182,0.1411,0.2435,0.133,0.1981,0.0887,0.0978,0.0479,0.1957,0.1021,0.8905,0.5063
12312,-118.035,34.645,0.1193,0.0291,0.0636,0.0333,0.3122,0.1372,0.2403,0.1302,0.1978,0.0884,0.0972,0.0465,0.1923,0.0999,0.8761,0.4951
12313,-118.025,34.645,0.1158,0.0288,0.0636,0.0333,0.3007,0.1298,0.2323,0.1238,0.1964,0.0874,0.0942,0.0438,0.1852,0.0951,0.8602,0.4795
12314,-118.015,34.645,0.1108,0.0279,0.0635,0.0333,0.2892,0.1224,0.2241,0.1173,0.1925,0.0848,0.0911,0.0411,0.178,0.0903,0.8436,0.4633
12315,-118.005,34.645,0.1082,0.0277,0.063,0.033,0.2823,0.1185,0.2197,0.114,0.1916,0.0843,0.0899,0.0396,0.1743,0.0881,0.8273,0.4485
12316,-117.995,34.645,0.1061,0.0276,0.0624,0.0327,0.2768,0.1154,0.2163,0.1115,0.1914,0.0841,0.0889,0.0384,0.1716,0.0865,0.8124,0.4367
12317,-117.985,34.645,0.1045,0.0277,0.0618,0.0323,0.2725,0.1133,0.2137,0.1098,0.1918,0.0843,0.0884,0.0375,0.1697,0.0856,0.7985,0.4268
12318,-117.975,34.645,0.1031,0.0278,0.0612,0.0319,0.2689,0.1115,0.2115,0.1084,0.1923,0.0846,0.0876,0.0367,0.1683,0.085,0.785,0.4174
12319,-117.965,34.645,0.1017,0.0279,0.0606,0.0316,0.2653,0.1098,0.2093,0.107,0.1926,0.085,0.0867,0.0359,0.167,0.0845,0.7725,0.4092
12320,-117.955,34.645,0.1005,0.028,0.0604,0.0315,0.2618,0.1082,0.2069,0.1055,0.193,0.0853,0.0854,0.035,0.1656,0.0839,0.761,0.4023
12321,-117.945,34.645,0.0993,0.028,0.0602,0.0315,0.2583,0.1066,0.2044,0.104,0.1934,0.0856,0.0838,0.0341,0.1643,0.0834,0.7498,0.3956
12322,-117.935,34.645,0.0983,0.0281,0.0601,0.0314,0.2549,0.1051,0.2019,0.1025,0.1938,0.0859,0.0821,0.0332,0.163,0.0829,0.7391,0.3891
12323,-117.925,34.645,0.0973,0.0282,0.0599,0.0313,0.2513,0.1034,0.199,0.1009,0.1942,0.0863,0.0802,0.0323,0.1617,0.0823,0.7225,0.3761
12324,-117.915,34.645,0.0963,0.0283,0.059,0.0308,0.2446,0.1003,0.1936,0.0977,0.1946,0.0866,0.0771,0.0308,0.1583,0.0805,0.6956,0.3542
12325,-117.905,34.645,0.0921,0.0271,0.0544,0.0279,0.223,0.0898,0.1761,0.0872,0.1884,0.0831,0.0693,0.0271,0.1453,0.0727,0.6502,0.3214
12326,-117.895,34.645,0.0836,0.0243,0.051,0.0258,0.2146,0.0856,0.169,0.0827,0.1738,0.0748,0.0656,0.0253,0.1406,0.0699,0.632,0.3059
12327,-117.885,34.645,0.0796,0.0231,0.0486,0.0243,0.2196,0.0876,0.1724,0.0844,0.1675,0.0713,0.0659,0.0254,0.1443,0.0719,0.6349,0.3071
12328,-117.875,34.645,0.0808,0.0238,0.0482,0.0241,0.2265,0.0919,0.1774,0.0881,0.1718,0.0736,0.0674,0.0261,0.1499,0.076,0.6434,0.3141
12329,-117.865,34.645,0.0815,0.0245,0.0489,0.0246,0.2286,0.0937,0.1785,0.0893,0.1741,0.0756,0.0674,0.0262,0.1522,0.0779,0.6342,0.3098
12330,-117.855,34.645,0.0848,0.026,0.0528,0.0272,0.2047,0.0813,0.1586,0.077,0.1821,0.0805,0.0594,0.0224,0.1365,0.0679,0.6162,0.3004
12331,-117.845,34.645,0.0879,0.0276,0.0558,0.0292,0.2021,0.0803,0.1557,0.0755,0.1896,0.0852,0.0584,0.0218,0.1356,0.0676,0.6291,0.3165
12332,-117.835,34.645,0.0908,0.029,0.0579,0.0307,0.2207,0.0909,0.1696,0.0849,0.1965,0.0894,0.0643,0.0247,0.1495,0.0771,0.6467,0.3357
12333,-117.825,34.645,0.0902,0.0291,0.0581,0.0309,0.2217,0.0919,0.1704,0.0858,0.1963,0.0895,0.0655,0.0252,0.1511,0.0785,0.6431,0.3363
12334,-117.815,34.645,0.0896,0.0291,0.0579,0.0308,0.2192,0.0911,0.1688,0.0851,0.1958,0.0895,0.066,0.0253,0.1502,0.0782,0.6363,0.3332
12335,-117.805,34.645,0.089,0.0292,0.0571,0.0303,0.2168,0.0902,0.169,0.0853,0.1951,0.0893,0.0674,0.0259,0.1493,0.0779,0.6288,0.3291
12336,-117.795,34.645,0.0884,0.0292,0.0569,0.0303,0.2144,0.0895,0.1694,0.0856,0.1941,0.0889,0.0692,0.0267,0.1485,0.0777,0.6224,0.3262
12337,-117.785,34.645,0.0878,0.0292,0.0574,0.0307,0.2121,0.0887,0.1698,0.0859,0.1929,0.0884,0.0715,0.0277,0.1477,0.0775,0.6172,0.3244
12338,-117.775,34.645,0.0872,0.0292,0.0557,0.0297,0.2072,0.0865,0.1678,0.0847,0.1915,0.0877,0.0732,0.0284,0.1449,0.0759,0.6061,0.3159
12339,-117.765,34.645,0.0854,0.0287,0.054,0.0286,0.2028,0.0845,0.1662,0.0837,0.1874,0.0854,0.0752,0.0293,0.1426,0.0745,0.5906,0.303
12340,-117.755,34.645,0.0856,0.029,0.0544,0.029,0.2038,0.0857,0.1688,0.0858,0.1874,0.0856,0.0796,0.0314,0.144,0.0759,0.5839,0.2993
12341,-117.745,34.645,0.0853,0.0291,0.0543,0.029,0.2028,0.0857,0.1696,0.0865,0.1862,0.0851,0.0831,0.0331,0.144,0.0763,0.585,0.3037
12342,-117.735,34.645,0.0842,0.0289,0.0536,0.0286,0.1996,0.0844,0.1686,0.086,0.1835,0.0836,0.0857,0.0344,0.1424,0.0755,0.5748,0.296
12343,-117.725,34.645,0.0823,0.0283,0.0456,0.0235,0.1872,0.0782,0.1592,0.0802,0.179,0.0811,0.0836,0.0334,0.1341,0.0702,0.5318,0.2603
12344,-117.715,34.645,0.0613,0.0198,0.0371,0.0181,0.1686,0.0688,0.1444,0.0712,0.1345,0.0563,0.0783,0.0309,0.1214,0.0622,0.4538,0.2072
12345,-117.705,34.645,0.0463,0.0139,0.0329,0.0157,0.1298,0.0495,0.1116,0.0515,0.1022,0.0393,0.062,0.0231,0.0935,0.0448,0.3735,0.1576
12346,-117.695,34.645,0.0454,0.0137,0.0307,0.0144,0.113,0.0413,0.0978,0.0432,0.0999,0.0383,0.0562,0.0203,0.0816,0.0375,0.3515,0.1461
12347,-117.685,34.645,0.0449,0.0136,0.0303,0.0143,0.1181,0.044,0.103,0.0464,0.0986,0.0378,0.0608,0.0226,0.0856,0.0401,0.3593,0.1509
12348,-117.675,34.645,0.0446,0.0136,0.0302,0.0142,0.1129,0.0418,0.0989,0.0443,0.0976,0.0374,0.0599,0.0222,0.0822,0.0382,0.3577,0.1503
12349,-117.665,34.645,0.0443,0.0136,0.0311,0.0148,0.1092,0.0404,0.0963,0.0431,0.0966,0.037,0.0599,0.0223,0.08,0.0371,0.3578,0.1507
12350,-117.655,34.645,0.0474,0.0149,0.0369,0.0184,0.124,0.0483,0.1101,0.0518,0.1029,0.0402,0.0702,0.0277,0.0911,0.0444,0.3752,0.1609
12351,-118.945,34.655,0.0322,0.0118,0.0293,0.0148,0.1235,0.0419,0.1948,0.0834,0.0533,0.0194,0.0163,0.0123,0.2584,0.101,0.2076,0.0763
12352,-118.935,34.655,0.0325,0.0118,0.0295,0.0148,0.1255,0.0425,0.1983,0.085,0.0535,0.0194,0.0163,0.0123,0.2563,0.1002,0.2103,0.0769
12353,-118.925,34.655,0.0329,0.0119,0.0296,0.0148,0.1277,0.0431,0.2019,0.0867,0.0536,0.0193,0.0164,0.0123,0.2542,0.0994,0.2131,0.0774
12354,-118.915,34.655,0.0333,0.012,0.0298,0.0149,0.13,0.0438,0.2056,0.0884,0.0536,0.0192,0.0164,0.0123,0.2521,0.0985,0.2161,0.078
12355,-118.905,34.655,0.0337,0.0121,0.0299,0.0149,0.1323,0.0445,0.2095,0.0902,0.0537,0.0192,0.0164,0.0123,0.2497,0.0977,0.2191,0.0786
12356,-118.895,34.655,0.0341,0.0121,0.0301,0.0149,0.1348,0.0452,0.2135,0.0921,0.0537,0.0191,0.0165,0.0123,0.2474,0.0968,0.2221,0.0792
12357,-118.885,34.655,0.0345,0.0122,0.0302,0.015,0.1373,0.046,0.2176,0.094,0.0537,0.019,0.0165,0.0123,0.2451,0.0959,0.2253,0.0798
12358,-118.875,34.655,0.0349,0.0123,0.0304,0.015,0.14,0.0468,0.2219,0.0961,0.0537,0.0189,0.0165,0.0123,0.2427,0.095,0.2287,0.0804
12359,-118.865,34.655,0.0353,0.0124,0.0305,0.015,0.1436,0.048,0.2274,0.0988,0.0537,0.0188,0.0166,0.0124,0.2415,0.0948,0.2329,0.0814
12360,-118.855,34.655,0.0357,0.0125,0.0307,0.0151,0.1507,0.0507,0.2386,0.1048,0.0536,0.0187,0.0172,0.0128,0.246,0.0975,0.2438,0.0855
12361,-118.845,34.655,0.0392,0.0139,0.0346,0.0175,0.163,0.056,0.257,0.1162,0.058,0.0205,0.0183,0.0139,0.2568,0.1046,0.2646,0.0945
12362,-118.835,34.655,0.0467,0.0172,0.0422,0.0224,0.1804,0.0639,0.2827,0.1329,0.0681,0.0252,0.0201,0.0157,0.2739,0.1163,0.2983,0.1112
12363,-118.825,34.655,0.0533,0.0202,0.0461,0.025,0.2133,0.0791,0.3322,0.1643,0.0763,0.0291,0.0234,0.019,0.3095,0.1381,0.327,0.1256
12364,-118.815,34.655,0.0617,0.0239,0.049,0.0269,0.2456,0.0941,0.3805,0.1952,0.087,0.0341,0.0266,0.0222,0.3432,0.1588,0.3548,0.1396
12365,-118.805,34.655,0.0643,0.0249,0.0513,0.0283,0.2593,0.1008,0.3995,0.2088,0.0895,0.0352,0.0277,0.0233,0.3489,0.1643,0.3797,0.1524
12366,-118.795,34.655,0.0651,0.0251,0.0529,0.0292,0.2692,0.1053,0.4131,0.2177,0.0896,0.0351,0.0283,0.0239,0.3499,0.1662,0.3965,0.1615
12367,-118.785,34.655,0.0659,0.0252,0.0539,0.0298,0.2754,0.1077,0.4214,0.2222,0.0898,0.035,0.0283,0.024,0.3463,0.1646,0.4086,0.1674
12368,-118.775,34.655,0.0667,0.0254,0.0543,0.03,0.282,0.1103,0.43,0.2263,0.09,0.035,0.0284,0.0241,0.3428,0.163,0.4193,0.1721
12369,-118.765,34.655,0.0676,0.0256,0.0546,0.0301,0.2888,0.1129,0.4386,0.2303,0.0904,0.035,0.0285,0.0242,0.3393,0.1615,0.4295,0.1763
12370,-118.755,34.655,0.0685,0.0257,0.0549,0.0303,0.2959,0.1157,0.4472,0.2336,0.0908,0.0352,0.0287,0.0244,0.3359,0.16,0.4399,0.1805
12371,-118.745,34.655,0.0693,0.0259,0.0553,0.0304,0.3032,0.1184,0.4558,0.2364,0.0914,0.0353,0.029,0.0246,0.3326,0.1586,0.4519,0.1857
12372,-118.735,34.655,0.0703,0.0261,0.0556,0.0305,0.3107,0.1212,0.4644,0.2386,0.0922,0.0356,0.0294,0.0249,0.3293,0.1572,0.4653,0.1917
12373,-118.725,34.655,0.0712,0.0262,0.0559,0.0307,0.3184,0.124,0.4728,0.2396,0.0933,0.0361,0.0301,0.0253,0.3262,0.1558,0.4802,0.1987
12374,-118.715,34.655,0.0722,0.0264,0.0563,0.0308,0.3263,0.1268,0.4809,0.24,0.0946,0.0367,0.031,0.0257,0.3231,0.1545,0.497,0.2068
12375,-118.705,34.655,0.0731,0.0266,0.0566,0.031,0.3343,0.1295,0.4885,0.2388,0.0963,0.0375,0.0322,0.0262,0.3202,0.1533,0.5163,0.2166
12376,-118.695,34.655,0.0742,0.0268,0.057,0.0311,0.34,0.1307,0.4927,0.2344,0.0982,0.0384,0.0332,0.0265,0.3154,0.1506,0.5369,0.2271
12377,-118.685,34.655,0.0743,0.0266,0.0573,0.0312,0.3434,0.1304,0.4935,0.2268,0.099,0.0387,0.0342,0.0265,0.3088,0.1465,0.5551,0.2342
12378,-118.675,34.655,0.0763,0.0272,0.0503,0.0265,0.3346,0.1247,0.4767,0.209,0.1024,0.0404,0.0339,0.0255,0.2912,0.1363,0.5618,0.2317
12379,-118.665,34.655,0.0599,0.0199,0.0425,0.0214,0.3166,0.1145,0.4472,0.1844,0.0816,0.0302,0.0325,0.0235,0.2666,0.1219,0.5232,0.1988
12380,-118.655,34.655,0.0483,0.0149,0.0387,0.019,0.2656,0.088,0.3731,0.1369,0.0668,0.0231,0.0273,0.0182,0.2184,0.0927,0.493,0.1776
12381,-118.645,34.655,0.0475,0.0145,0.0364,0.0175,0.2426,0.0752,0.3368,0.1111,0.0661,0.0228,0.0253,0.0157,0.1936,0.0779,0.4868,0.1712
12382,-118.635,34.655,0.0483,0.0146,0.0354,0.0168,0.2475,0.076,0.3381,0.1069,0.0675,0.0234,0.0267,0.0161,0.1922,0.0775,0.5034,0.1773
12383,-118.625,34.655,0.0491,0.0148,0.0355,0.0168,0.2523,0.0768,0.3382,0.1024,0.069,0.024,0.0281,0.0166,0.191,0.0772,0.5297,0.1881
12384,-118.615,34.655,0.05,0.0149,0.0358,0.017,0.2569,0.0775,0.3379,0.0979,0.0704,0.0246,0.0296,0.017,0.1899,0.0769,0.5613,0.2012
12385,-118.605,34.655,0.051,0.0151,0.0361,0.0171,0.2613,0.0783,0.3365,0.0936,0.0718,0.0252,0.0312,0.0174,0.189,0.0767,0.5952,0.2155
12386,-118.595,34.655,0.052,0.0153,0.0365,0.0173,0.2655,0.0792,0.3344,0.0895,0.0732,0.0258,0.0329,0.0178,0.188,0.0765,0.6311,0.2308
12387,-118.585,34.655,0.053,0.0155,0.0368,0.0174,0.2695,0.0803,0.3315,0.0858,0.0744,0.0263,0.0346,0.0182,0.187,0.0763,0.6687,0.2469
12388,-118.575,34.655,0.0539,0.0156,0.037,0.0175,0.2724,0.0817,0.3262,0.0825,0.0755,0.0267,0.0363,0.0185,0.1856,0.0757,0.7064,0.2632
12389,-118.565,34.655,0.0546,0.0157,0.0371,0.0175,0.2749,0.0831,0.3198,0.0796,0.0761,0.027,0.038,0.0188,0.1839,0.0751,0.7421,0.2785
12390,-118.555,34.655,0.0552,0.0157,0.037,0.0174,0.2763,0.085,0.3112,0.0773,0.0765,0.0271,0.0396,0.0188,0.1815,0.0741,0.7759,0.293
12391,-118.545,34.655,0.0558,0.0157,0.037,0.0174,0.2777,0.0875,0.3021,0.0757,0.0768,0.0272,0.0412,0.0189,0.1793,0.0731,0.8075,0.3067
12392,-118.535,34.655,0.0565,0.0158,0.0369,0.0173,0.2792,0.0907,0.2926,0.0748,0.077,0.0272,0.0429,0.0189,0.177,0.0722,0.8353,0.3188
12393,-118.525,34.655,0.0573,0.0158,0.0369,0.0172,0.2808,0.095,0.2832,0.0747,0.0772,0.0272,0.0448,0.0189,0.175,0.0713,0.8597,0.3295
12394,-118.515,34.655,0.0581,0.0159,0.0369,0.0172,0.2825,0.0997,0.2738,0.0749,0.0773,0.0273,0.0466,0.0189,0.173,0.0705,0.8832,0.3399
12395,-118.505,34.655,0.059,0.016,0.0369,0.0172,0.2841,0.1054,0.2645,0.0755,0.0774,0.0272,0.0485,0.0188,0.1711,0.0697,0.9076,0.3507
12396,-118.495,34.655,0.0599,0.0161,0.0369,0.0171,0.3018,0.1211,0.2698,0.0823,0.0774,0.0272,0.0537,0.0202,0.179,0.0744,0.9379,0.3646
12397,-118.485,34.655,0.0666,0.0181,0.0368,0.0171,0.3356,0.1469,0.2898,0.0954,0.0845,0.0305,0.0623,0.0232,0.1968,0.0846,0.9813,0.3855
12398,-118.475,34.655,0.0634,0.0168,0.0386,0.0181,0.3176,0.1446,0.273,0.0937,0.0791,0.0279,0.0604,0.0215,0.1847,0.0781,1.0172,0.4025
12399,-118.465,34.655,0.0695,0.0185,0.0402,0.019,0.2947,0.1402,0.2542,0.0918,0.085,0.0305,0.0575,0.0194,0.1702,0.0702,1.046,0.4158
12400,-118.455,34.655,0.0713,0.0189,0.0391,0.0183,0.2993,0.1543,0.2628,0.1032,0.0856,0.0308,0.0603,0.02,0.1731,0.0721,1.0863,0.4357
12401,-118.445,34.655,0.0671,0.0172,0.0384,0.0179,0.2979,0.1626,0.2665,0.111,0.0794,0.0279,0.0615,0.0201,0.1722,0.0719,1.0891,0.4343
12402,-118.435,34.655,0.0677,0.017,0.038,0.0176,0.2906,0.165,0.2654,0.1151,0.0792,0.0277,0.0611,0.0197,0.1675,0.0695,1.1153,0.4461
12403,-118.425,34.655,0.0685,0.0169,0.038,0.0176,0.3052,0.183,0.2873,0.1298,0.0797,0.0279,0.0663,0.0221,0.1776,0.0764,1.1714,0.4773
12404,-118.415,34.655,0.0719,0.0176,0.0393,0.0184,0.3203,0.1989,0.3101,0.1428,0.0837,0.0298,0.0714,0.0246,0.188,0.0834,1.2525,0.5294
12405,-118.405,34.655,0.0849,0.0212,0.0469,0.023,0.3165,0.1886,0.3142,0.1365,0.0988,0.0369,0.0709,0.0247,0.1851,0.0817,1.3037,0.5798
12406,-118.395,34.655,0.0946,0.0238,0.0523,0.0263,0.3132,0.1776,0.314,0.1297,0.1101,0.0427,0.0703,0.0249,0.1819,0.0795,1.3457,0.608
12407,-118.385,34.655,0.1007,0.025,0.0554,0.0283,0.3106,0.166,0.3093,0.1224,0.1177,0.0464,0.0695,0.0249,0.1784,0.0769,1.3772,0.6244
12408,-118.375,34.655,0.1014,0.0246,0.0537,0.0271,0.3234,0.1711,0.3119,0.1277,0.1191,0.0473,0.0739,0.0278,0.1864,0.0821,1.3944,0.6401
12409,-118.365,34.655,0.0986,0.023,0.0505,0.025,0.3335,0.1751,0.3107,0.1323,0.1167,0.0456,0.0778,0.0304,0.1931,0.0867,1.3669,0.629
12410,-118.355,34.655,0.0901,0.02,0.0447,0.0215,0.3152,0.1579,0.2833,0.1208,0.1073,0.0411,0.0738,0.0292,0.1827,0.0806,1.3055,0.5817
12411,-118.345,34.655,0.0786,0.0163,0.0423,0.02,0.2945,0.1408,0.2558,0.109,0.0943,0.0347,0.0693,0.0277,0.1713,0.0742,1.2461,0.5357
12412,-118.335,34.655,0.0799,0.0162,0.0433,0.0205,0.2714,0.1237,0.2281,0.0971,0.0961,0.0355,0.0642,0.026,0.1588,0.0674,1.2133,0.5173
12413,-118.325,34.655,0.1045,0.0224,0.0457,0.022,0.2775,0.1271,0.2273,0.1012,0.1245,0.0505,0.067,0.0287,0.1647,0.0718,1.2313,0.5585
12414,-118.315,34.655,0.0958,0.0193,0.0491,0.0242,0.2932,0.1364,0.2347,0.1102,0.1149,0.045,0.0722,0.0328,0.1761,0.0793,1.2391,0.5813
12415,-118.305,34.655,0.1142,0.0235,0.0555,0.0283,0.3256,0.1543,0.2551,0.1264,0.1359,0.0562,0.0811,0.0393,0.1968,0.0916,1.2426,0.6004
12416,-118.295,34.655,0.1175,0.0237,0.0595,0.0308,0.3492,0.168,0.269,0.1396,0.1395,0.0582,0.0875,0.0451,0.2128,0.1018,1.2477,0.6234
12417,-118.285,34.655,0.1277,0.0254,0.061,0.0316,0.3639,0.1776,0.2764,0.1497,0.1508,0.0644,0.0915,0.0503,0.224,0.1099,1.2686,0.6602
12418,-118.275,34.655,0.1312,0.0255,0.0623,0.0325,0.3622,0.1751,0.2711,0.1491,0.1549,0.0666,0.0895,0.0518,0.2241,0.1104,1.2547,0.6784
12419,-118.265,34.655,0.1313,0.0247,0.0634,0.0331,0.3572,0.1701,0.2635,0.1463,0.1554,0.0668,0.0863,0.0525,0.2218,0.1093,1.233,0.6825
12420,-118.255,34.655,0.1311,0.024,0.0635,0.0332,0.3524,0.1658,0.257,0.1434,0.1561,0.0672,0.0832,0.0531,0.2197,0.1083,1.2096,0.6755
12421,-118.245,34.655,0.1307,0.0234,0.0634,0.0331,0.3477,0.1616,0.2508,0.1405,0.1575,0.0679,0.0802,0.0534,0.2176,0.1072,1.187,0.6618
12422,-118.235,34.655,0.13,0.0229,0.0633,0.033,0.3431,0.1577,0.2451,0.1376,0.1593,0.0687,0.0773,0.0534,0.2154,0.1062,1.1666,0.6496
12423,-118.225,34.655,0.1293,0.0225,0.0625,0.0325,0.3312,0.1489,0.2333,0.1289,0.1613,0.0697,0.0729,0.0514,0.208,0.1014,1.145,0.628
12424,-118.215,34.655,0.1246,0.021,0.0616,0.0319,0.3196,0.1406,0.222,0.1204,0.157,0.0671,0.0688,0.0494,0.2007,0.0969,1.1218,0.6021
12425,-118.205,34.655,0.1246,0.0204,0.0607,0.0314,0.3173,0.1392,0.219,0.1184,0.1568,0.067,0.0684,0.0498,0.1999,0.0968,1.0972,0.5796
12426,-118.195,34.655,0.1303,0.0211,0.0612,0.0317,0.3212,0.142,0.2211,0.1204,0.1637,0.0708,0.0701,0.0517,0.2032,0.0997,1.0872,0.5965
12427,-118.185,34.655,0.1363,0.0219,0.063,0.0329,0.3311,0.1491,0.2285,0.1262,0.171,0.0751,0.0739,0.0552,0.2107,0.1055,1.0756,0.6107
12428,-118.175,34.655,0.1434,0.0231,0.065,0.0342,0.3297,0.1482,0.228,0.1254,0.18,0.0806,0.0751,0.0555,0.21,0.1054,1.0616,0.6175
12429,-118.165,34.655,0.1455,0.0235,0.0669,0.0355,0.3264,0.1459,0.2264,0.1236,0.1837,0.0827,0.076,0.0551,0.2078,0.1043,1.0449,0.6137
12430,-118.155,34.655,0.1488,0.0245,0.0684,0.0365,0.3248,0.1449,0.227,0.1232,0.1885,0.0855,0.0781,0.0547,0.2067,0.104,1.028,0.6051
12431,-118.145,34.655,0.1488,0.0251,0.0691,0.037,0.3231,0.1438,0.2276,0.1232,0.1903,0.0864,0.0804,0.0542,0.2054,0.1035,1.0103,0.5925
12432,-118.135,34.655,0.1474,0.0258,0.0691,0.037,0.3212,0.1426,0.2283,0.1234,0.1913,0.0867,0.0828,0.0536,0.2039,0.1028,0.993,0.5805
12433,-118.125,34.655,0.1461,0.0266,0.0691,0.0371,0.3246,0.1452,0.2334,0.1273,0.1933,0.0876,0.0868,0.0543,0.2062,0.105,0.9767,0.5715
12434,-118.115,34.655,0.1469,0.0281,0.0692,0.0371,0.3291,0.1486,0.2396,0.1319,0.1986,0.0907,0.0912,0.0552,0.2093,0.1077,0.9623,0.5688
12435,-118.105,34.655,0.1473,0.0295,0.0693,0.0372,0.3338,0.1523,0.246,0.1368,0.2035,0.0937,0.0955,0.0563,0.2127,0.1108,0.9479,0.5646
12436,-118.095,34.655,0.145,0.0302,0.0695,0.0374,0.3354,0.1537,0.2499,0.1395,0.2054,0.0948,0.0986,0.0565,0.214,0.1123,0.9335,0.558
12437,-118.085,34.655,0.1427,0.0309,0.0697,0.0375,0.3339,0.1529,0.2511,0.1401,0.2072,0.0958,0.1005,0.056,0.2131,0.1122,0.9194,0.5494
12438,-118.075,34.655,0.14,0.0314,0.0697,0.0376,0.3318,0.1516,0.2516,0.14,0.2086,0.0966,0.1019,0.0552,0.2118,0.1118,0.9056,0.5407
12439,-118.065,34.655,0.1378,0.0319,0.0697,0.0376,0.3295,0.1503,0.2519,0.1398,0.2103,0.0976,0.1031,0.0544,0.2105,0.1113,0.8926,0.5324
12440,-118.055,34.655,0.1358,0.0324,0.0698,0.0377,0.3273,0.1491,0.2521,0.1397,0.2121,0.0987,0.1042,0.0536,0.2094,0.111,0.8798,0.5241
12441,-118.045,34.655,0.1334,0.0327,0.0699,0.0378,0.3233,0.1466,0.2506,0.1381,0.213,0.0992,0.1044,0.0522,0.2071,0.1098,0.8672,0.5151
12442,-118.035,34.655,0.1303,0.0327,0.0699,0.0378,0.3174,0.1427,0.2473,0.1353,0.2127,0.099,0.1036,0.0505,0.2035,0.1075,0.8543,0.5044
12443,-118.025,34.655,0.1265,0.0324,0.0699,0.0379,0.3062,0.1354,0.2392,0.1289,0.2112,0.0979,0.1006,0.0475,0.1962,0.1026,0.8403,0.49
12444,-118.015,34.655,0.1214,0.0316,0.0696,0.0377,0.2948,0.128,0.231,0.1224,0.2073,0.0953,0.0975,0.0445,0.1889,0.0976,0.8255,0.4747
12445,-118.005,34.655,0.1171,0.0309,0.0679,0.0366,0.2882,0.1242,0.2266,0.1192,0.2042,0.0932,0.0963,0.0428,0.1851,0.0954,0.8105,0.4594
12446,-117.995,34.655,0.1121,0.0298,0.066,0.0353,0.2828,0.1212,0.2231,0.1167,0.1995,0.0902,0.0954,0.0414,0.1822,0.0937,0.7959,0.445
12447,-117.985,34.655,0.1079,0.029,0.0639,0.0339,0.2787,0.119,0.2206,0.115,0.1957,0.0877,0.0948,0.0403,0.1802,0.0927,0.7816,0.4317
12448,-117.975,34.655,0.102,0.0276,0.0617,0.0325,0.2746,0.1169,0.2179,0.1132,0.189,0.0834,0.0937,0.0391,0.1783,0.0917,0.7668,0.4176
12449,-117.965,34.655,0.1005,0.0276,0.0599,0.0313,0.2697,0.1142,0.2144,0.1108,0.189,0.0835,0.092,0.0378,0.1757,0.0902,0.7517,0.4034
12450,-117.955,34.655,0.0993,0.0277,0.0597,0.0313,0.2607,0.109,0.2072,0.1058,0.1893,0.0838,0.088,0.0356,0.1702,0.0866,0.7369,0.3904
12451,-117.945,34.655,0.0981,0.0278,0.0596,0.0312,0.2546,0.1056,0.2024,0.1026,0.1897,0.0841,0.085,0.0341,0.1668,0.0845,0.7251,0.382
12452,-117.935,34.655,0.0971,0.0278,0.0594,0.0312,0.2514,0.1042,0.1999,0.1013,0.1901,0.0844,0.0831,0.0332,0.1655,0.084,0.7147,0.3755
12453,-117.925,34.655,0.0961,0.0279,0.0592,0.0311,0.2482,0.1028,0.1974,0.0998,0.1904,0.0847,0.081,0.0323,0.1642,0.0835,0.7048,0.3694
12454,-117.915,34.655,0.0952,0.028,0.0589,0.0309,0.245,0.1014,0.1948,0.0984,0.1907,0.085,0.0789,0.0314,0.163,0.083,0.6945,0.3626
12455,-117.905,34.655,0.0943,0.0281,0.0576,0.0302,0.242,0.1002,0.1921,0.0969,0.191,0.0853,0.0767,0.0305,0.1618,0.0825,0.6818,0.3527
12456,-117.895,34.655,0.0935,0.0282,0.0566,0.0296,0.2368,0.0976,0.1875,0.0942,0.1912,0.0856,0.0737,0.0292,0.1591,0.081,0.6661,0.3395
12457,-117.885,34.655,0.0913,0.0277,0.0559,0.0292,0.2294,0.0939,0.1811,0.0902,0.1886,0.0841,0.07,0.0275,0.1548,0.0784,0.6511,0.3277
12458,-117.875,34.655,0.0875,0.0266,0.0555,0.029,0.2294,0.0944,0.1806,0.0903,0.1827,0.0807,0.069,0.0271,0.1558,0.0794,0.6331,0.3137
12459,-117.865,34.655,0.0849,0.026,0.0539,0.0281,0.2266,0.0935,0.1777,0.089,0.1785,0.079,0.0671,0.0263,0.1547,0.0792,0.6058,0.2907
12460,-117.855,34.655,0.0618,0.0176,0.0463,0.0233,0.2022,0.0807,0.1574,0.0763,0.133,0.0536,0.0587,0.0224,0.1385,0.0688,0.5704,0.2655
12461,-117.845,34.655,0.0795,0.0245,0.047,0.0238,0.1995,0.0797,0.1544,0.0749,0.1701,0.0744,0.0573,0.0218,0.1375,0.0684,0.591,0.2873
12462,-117.835,34.655,0.0895,0.0287,0.0561,0.0297,0.2186,0.0906,0.1688,0.0846,0.1912,0.0866,0.0632,0.0247,0.1517,0.0781,0.6223,0.3177
12463,-117.825,34.655,0.0889,0.0287,0.0575,0.0307,0.2183,0.0908,0.1683,0.0847,0.1908,0.0866,0.0639,0.025,0.1522,0.0787,0.6188,0.3184
12464,-117.815,34.655,0.0882,0.0287,0.0569,0.0303,0.2127,0.0882,0.1641,0.0823,0.1902,0.0865,0.0633,0.0246,0.1489,0.0768,0.5904,0.2957
12465,-117.805,34.655,0.0856,0.0279,0.0543,0.0286,0.2007,0.0823,0.1565,0.0776,0.1856,0.0838,0.0617,0.0237,0.1409,0.072,0.5755,0.2853
12466,-117.795,34.655,0.0853,0.0281,0.0541,0.0286,0.1972,0.0809,0.1558,0.0772,0.1853,0.0839,0.0632,0.0243,0.1391,0.0712,0.5763,0.2885
12467,-117.785,34.655,0.0866,0.0289,0.0564,0.0302,0.2024,0.084,0.1621,0.0811,0.188,0.0858,0.0679,0.0264,0.1437,0.0743,0.5879,0.3006
12468,-117.775,34.655,0.086,0.0289,0.05,0.0261,0.1941,0.0799,0.1571,0.078,0.1868,0.0853,0.0681,0.0263,0.1383,0.071,0.5686,0.2851
12469,-117.765,34.655,0.0684,0.0219,0.0436,0.022,0.1857,0.0758,0.152,0.0749,0.1504,0.0644,0.0685,0.0264,0.1328,0.0677,0.5242,0.2533
12470,-117.755,34.655,0.0689,0.0223,0.0458,0.0235,0.1901,0.0788,0.1575,0.0786,0.1512,0.0653,0.074,0.029,0.1368,0.0706,0.5086,0.2434
12471,-117.745,34.655,0.0792,0.0267,0.0464,0.024,0.1866,0.0776,0.156,0.0782,0.1723,0.0773,0.0761,0.03,0.1347,0.0699,0.5211,0.2547
12472,-117.735,34.655,0.074,0.0247,0.0455,0.0234,0.175,0.0723,0.1477,0.0735,0.1614,0.0711,0.0748,0.0294,0.1268,0.0653,0.4961,0.239
12473,-117.725,34.655,0.0657,0.0216,0.0433,0.0221,0.1698,0.0699,0.1444,0.0716,0.1436,0.0615,0.0758,0.0299,0.1235,0.0634,0.4706,0.2201
12474,-117.715,34.655,0.0661,0.0218,0.0403,0.0203,0.1612,0.0657,0.1381,0.0678,0.1442,0.0617,0.0748,0.0294,0.1178,0.0598,0.4327,0.1944
12475,-117.705,34.655,0.0488,0.015,0.0345,0.0167,0.1303,0.0501,0.1121,0.0519,0.1073,0.042,0.0623,0.0233,0.0956,0.0458,0.3871,0.1661
12476,-117.695,34.655,0.0454,0.0138,0.0311,0.0147,0.1124,0.0412,0.0972,0.043,0.0995,0.0384,0.0558,0.0201,0.0828,0.0379,0.3459,0.1439
12477,-117.685,34.655,0.0443,0.0135,0.0301,0.0142,0.1072,0.0391,0.0934,0.0411,0.0969,0.0372,0.0552,0.0199,0.0793,0.0361,0.3358,0.1389
12478,-117.675,34.655,0.044,0.0134,0.0298,0.0141,0.1055,0.0385,0.0925,0.0407,0.096,0.0368,0.0561,0.0204,0.0783,0.0357,0.3306,0.1365
12479,-117.665,34.655,0.0437,0.0134,0.0311,0.0149,0.1056,0.0389,0.0931,0.0413,0.095,0.0365,0.058,0.0213,0.0788,0.0361,0.3341,0.1386
12480,-117.655,34.655,0.0492,0.0158,0.0394,0.0202,0.1115,0.0419,0.0988,0.0447,0.1063,0.0425,0.0631,0.0238,0.0836,0.0391,0.3524,0.1488
12481,-118.945,34.665,0.0318,0.0117,0.0289,0.0146,0.1219,0.041,0.1909,0.082,0.0528,0.0193,0.0163,0.0121,0.2652,0.1035,0.2091,0.077
12482,-118.935,34.665,0.0321,0.0117,0.029,0.0146,0.1238,0.0415,0.1941,0.0835,0.0529,0.0192,0.0163,0.0121,0.263,0.1026,0.2118,0.0775
12483,-118.925,34.665,0.0325,0.0118,0.0292,0.0146,0.126,0.0421,0.1975,0.0851,0.053,0.0192,0.0164,0.0121,0.2607,0.1017,0.2146,0.0781
12484,-118.915,34.665,0.0329,0.0119,0.0293,0.0147,0.1281,0.0427,0.201,0.0868,0.053,0.0191,0.0164,0.0121,0.2583,0.1008,0.2175,0.0786
12485,-118.905,34.665,0.0332,0.012,0.0295,0.0147,0.1304,0.0434,0.2046,0.0886,0.053,0.019,0.0164,0.0121,0.2558,0.0999,0.2204,0.0791
12486,-118.895,34.665,0.0336,0.012,0.0296,0.0147,0.1327,0.0441,0.2084,0.0904,0.053,0.0189,0.0164,0.0121,0.2533,0.099,0.2234,0.0797
12487,-118.885,34.665,0.034,0.0121,0.0298,0.0148,0.1352,0.0448,0.2122,0.0923,0.053,0.0188,0.0165,0.0121,0.2508,0.0981,0.2267,0.0803
12488,-118.875,34.665,0.0344,0.0122,0.0299,0.0148,0.1378,0.0456,0.2162,0.0943,0.053,0.0187,0.0165,0.0121,0.2483,0.0971,0.23,0.0809
12489,-118.865,34.665,0.0348,0.0123,0.0304,0.0151,0.1426,0.0473,0.2237,0.0983,0.0529,0.0186,0.0168,0.0123,0.2493,0.098,0.2356,0.0825
12490,-118.855,34.665,0.0372,0.0132,0.0324,0.0163,0.1582,0.0536,0.2478,0.1118,0.0557,0.0197,0.0183,0.0137,0.2675,0.1078,0.2574,0.0919
12491,-118.845,34.665,0.0505,0.0193,0.0379,0.0198,0.1863,0.0665,0.2894,0.1392,0.074,0.0284,0.0214,0.0167,0.301,0.1293,0.2987,0.1113
12492,-118.835,34.665,0.0594,0.0233,0.0468,0.0256,0.227,0.0862,0.3486,0.1805,0.0856,0.0339,0.0262,0.0214,0.3499,0.1624,0.3519,0.1406
12493,-118.825,34.665,0.0619,0.0243,0.0503,0.0279,0.2418,0.0929,0.3702,0.1949,0.0881,0.035,0.0274,0.0227,0.3602,0.1697,0.3752,0.1539
12494,-118.815,34.665,0.0627,0.0245,0.0524,0.0293,0.2509,0.0968,0.3833,0.2033,0.0881,0.0349,0.0279,0.0231,0.3618,0.1712,0.3885,0.1608
12495,-118.805,34.665,0.0635,0.0247,0.0527,0.0294,0.2575,0.0995,0.3923,0.2092,0.0883,0.0348,0.0281,0.0233,0.3593,0.1705,0.3974,0.1646
12496,-118.795,34.665,0.0643,0.0248,0.053,0.0295,0.2637,0.102,0.4006,0.2144,0.0885,0.0348,0.0282,0.0234,0.3562,0.1692,0.4056,0.1675
12497,-118.785,34.665,0.0651,0.025,0.0533,0.0296,0.2695,0.1042,0.4082,0.219,0.0888,0.0348,0.0283,0.0234,0.3524,0.1676,0.4146,0.171
12498,-118.775,34.665,0.0659,0.0252,0.0536,0.0297,0.2757,0.1066,0.416,0.2232,0.0891,0.0348,0.0285,0.0235,0.3487,0.1659,0.4242,0.1748
12499,-118.765,34.665,0.0668,0.0253,0.0539,0.0298,0.282,0.1091,0.4238,0.2273,0.0897,0.035,0.0287,0.0236,0.3451,0.1643,0.4347,0.179
12500,-118.755,34.665,0.0676,0.0255,0.0542,0.03,0.2886,0.1116,0.4316,0.2307,0.0903,0.0352,0.029,0.0238,0.3417,0.1628,0.4461,0.1838
12501,-118.745,34.665,0.0685,0.0257,0.0545,0.0301,0.2953,0.1142,0.4392,0.2335,0.0911,0.0355,0.0294,0.024,0.3383,0.1613,0.4591,0.1897
12502,-118.735,34.665,0.0694,0.0259,0.0549,0.0302,0.3023,0.1168,0.4468,0.2356,0.0921,0.0359,0.0299,0.0243,0.3349,0.1599,0.4734,0.1963
12503,-118.725,34.665,0.0704,0.026,0.0552,0.0304,0.3094,0.1194,0.454,0.2365,0.0933,0.0364,0.0307,0.0247,0.3317,0.1585,0.4893,0.2038
12504,-118.715,34.665,0.0714,0.0262,0.0556,0.0305,0.3167,0.122,0.461,0.2367,0.0947,0.0371,0.0315,0.0252,0.3286,0.1571,0.5067,0.2123
12505,-118.705,34.665,0.0723,0.0264,0.0559,0.0307,0.324,0.1246,0.4674,0.2353,0.0963,0.0378,0.0327,0.0257,0.3256,0.1559,0.5263,0.2224
12506,-118.695,34.665,0.0734,0.0266,0.0563,0.0308,0.3309,0.1268,0.4728,0.2327,0.0981,0.0387,0.034,0.0263,0.3224,0.1545,0.5479,0.2336
12507,-118.685,34.665,0.0745,0.0268,0.0567,0.031,0.3375,0.1289,0.4773,0.2287,0.1001,0.0396,0.0353,0.0269,0.319,0.1529,0.5647,0.2392
12508,-118.675,34.665,0.0756,0.027,0.0478,0.0251,0.2892,0.1039,0.4078,0.179,0.1022,0.0407,0.0302,0.0217,0.2667,0.1207,0.5627,0.2299
12509,-118.665,34.665,0.0473,0.0148,0.0384,0.0189,0.2389,0.0779,0.3355,0.1281,0.0654,0.0228,0.0248,0.0163,0.2133,0.0879,0.4881,0.1768
12510,-118.655,34.665,0.0463,0.0143,0.0358,0.0173,0.2336,0.0742,0.3238,0.1172,0.0645,0.0223,0.0248,0.0157,0.2032,0.0824,0.4734,0.1657
12511,-118.645,34.665,0.0471,0.0144,0.0346,0.0165,0.2334,0.0729,0.3185,0.1098,0.0659,0.0229,0.0255,0.0156,0.1975,0.0794,0.4863,0.1701
12512,-118.635,34.665,0.048,0.0146,0.0348,0.0166,0.2383,0.074,0.3197,0.1061,0.0673,0.0235,0.0268,0.0161,0.1962,0.0791,0.5145,0.1815
12513,-118.625,34.665,0.0489,0.0147,0.0352,0.0168,0.243,0.0751,0.3201,0.1023,0.0687,0.0241,0.0282,0.0166,0.1952,0.0789,0.5455,0.1943
12514,-118.615,34.665,0.0498,0.0149,0.0355,0.0169,0.2478,0.0763,0.3202,0.0986,0.0702,0.0248,0.0297,0.0171,0.1943,0.0787,0.5804,0.209
12515,-118.605,34.665,0.0509,0.0152,0.0359,0.0171,0.2526,0.0777,0.3197,0.0952,0.0718,0.0254,0.0314,0.0176,0.1937,0.0787,0.6183,0.225
12516,-118.595,34.665,0.0521,0.0154,0.0364,0.0174,0.2575,0.0794,0.3188,0.0921,0.0733,0.0261,0.0331,0.0181,0.1933,0.0788,0.6595,0.2427
12517,-118.585,34.665,0.0533,0.0157,0.0369,0.0176,0.2625,0.0813,0.3175,0.0894,0.0749,0.0267,0.035,0.0186,0.1931,0.079,0.7042,0.2622
12518,-118.575,34.665,0.0544,0.0159,0.0372,0.0177,0.2658,0.0831,0.3132,0.0867,0.0762,0.0273,0.0367,0.0189,0.192,0.0786,0.7494,0.2821
12519,-118.565,34.665,0.0551,0.016,0.0373,0.0178,0.2683,0.0849,0.3077,0.084,0.0767,0.0275,0.0384,0.0192,0.1905,0.0781,0.7904,0.2997
12520,-118.555,34.665,0.0555,0.0159,0.0371,0.0176,0.2686,0.0866,0.2989,0.0815,0.0768,0.0274,0.0398,0.0192,0.1875,0.0767,0.8286,0.3161
12521,-118.545,34.665,0.0559,0.0159,0.0369,0.0174,0.2689,0.0888,0.29,0.0795,0.0767,0.0274,0.0412,0.0192,0.1846,0.0754,0.8652,0.3318
12522,-118.535,34.665,0.0565,0.0159,0.0367,0.0173,0.2693,0.0916,0.281,0.0782,0.0767,0.0273,0.0427,0.0191,0.1818,0.0742,0.8991,0.3466
12523,-118.525,34.665,0.0571,0.0159,0.0367,0.0172,0.27,0.0954,0.2723,0.0777,0.0767,0.0273,0.0443,0.0191,0.1794,0.0732,0.9274,0.359
12524,-118.515,34.665,0.0579,0.016,0.0366,0.0172,0.2707,0.0998,0.2639,0.0776,0.0768,0.0273,0.0459,0.019,0.1771,0.0722,0.9529,0.3702
12525,-118.505,34.665,0.0588,0.0161,0.0366,0.0171,0.2713,0.1052,0.256,0.0782,0.0768,0.0272,0.0476,0.0189,0.1751,0.0714,0.9772,0.381
12526,-118.495,34.665,0.0597,0.0162,0.0366,0.0171,0.274,0.1126,0.2511,0.0803,0.0768,0.0271,0.0497,0.019,0.1747,0.0715,1.0017,0.3919
12527,-118.485,34.665,0.0608,0.0163,0.0366,0.0171,0.2787,0.1221,0.2491,0.084,0.0767,0.0271,0.0522,0.0193,0.1758,0.0723,1.0313,0.4054
12528,-118.475,34.665,0.0624,0.0166,0.0381,0.0179,0.2762,0.1294,0.2452,0.0879,0.0772,0.0272,0.0533,0.019,0.1731,0.0711,1.0789,0.4291
12529,-118.465,34.665,0.0655,0.0174,0.0401,0.0191,0.2775,0.1407,0.2463,0.0951,0.0793,0.0281,0.0553,0.0191,0.1731,0.0714,1.144,0.4636
12530,-118.455,34.665,0.072,0.0194,0.043,0.0209,0.3048,0.1737,0.2739,0.1184,0.085,0.0307,0.0628,0.0218,0.1902,0.0811,1.2141,0.5043
12531,-118.445,34.665,0.0723,0.0192,0.0433,0.021,0.3094,0.1886,0.2819,0.1302,0.0837,0.03,0.0651,0.0223,0.1926,0.0826,1.1931,0.487
12532,-118.435,34.665,0.0718,0.0187,0.041,0.0196,0.2913,0.1854,0.2703,0.1307,0.0819,0.0291,0.0621,0.0207,0.1804,0.076,1.2101,0.4936
12533,-118.425,34.665,0.0849,0.0226,0.0395,0.0187,0.3398,0.2384,0.3273,0.1704,0.0962,0.0359,0.077,0.0275,0.2136,0.0978,1.2757,0.5341
12534,-118.415,34.665,0.1059,0.0294,0.0394,0.0185,0.3898,0.288,0.3867,0.2073,0.1194,0.0479,0.092,0.0344,0.2476,0.1199,1.3767,0.6053
12535,-118.405,34.665,0.1083,0.0293,0.0446,0.0217,0.3811,0.2644,0.3894,0.1914,0.1232,0.0496,0.0899,0.034,0.2406,0.1153,1.4008,0.6595
12536,-118.395,34.665,0.1081,0.0284,0.0485,0.0241,0.3495,0.2233,0.3614,0.1625,0.124,0.0498,0.0815,0.0306,0.2182,0.1013,1.3981,0.6686
12537,-118.385,34.665,0.0892,0.0218,0.0509,0.0256,0.295,0.1645,0.3028,0.1205,0.1038,0.0396,0.0667,0.0243,0.1807,0.078,1.3566,0.6284
12538,-118.375,34.665,0.073,0.0164,0.0493,0.0245,0.2738,0.1428,0.2708,0.1057,0.086,0.0309,0.0619,0.0228,0.1669,0.0704,1.2668,0.542
12539,-118.365,34.665,0.075,0.0165,0.0472,0.0232,0.2615,0.1301,0.2469,0.0976,0.0888,0.0323,0.0595,0.0225,0.1593,0.0667,1.2349,0.526
12540,-118.355,34.665,0.0731,0.0156,0.0469,0.0231,0.2594,0.125,0.2356,0.0948,0.087,0.0314,0.0594,0.0232,0.1583,0.0663,1.1963,0.5122
12541,-118.345,34.665,0.0778,0.0164,0.0472,0.0233,0.2665,0.1262,0.2335,0.097,0.0929,0.0342,0.0614,0.0251,0.1635,0.0693,1.1881,0.5181
12542,-118.335,34.665,0.0864,0.0182,0.0479,0.0236,0.2829,0.1337,0.2405,0.1041,0.1035,0.0393,0.0657,0.0283,0.1749,0.0759,1.2285,0.5576
12543,-118.325,34.665,0.125,0.0285,0.0522,0.0263,0.3209,0.1595,0.2669,0.1262,0.1478,0.063,0.0769,0.0365,0.202,0.0938,1.2949,0.6556
12544,-118.315,34.665,0.1215,0.0267,0.057,0.0294,0.3566,0.1838,0.2913,0.1473,0.1442,0.061,0.0874,0.0446,0.2277,0.111,1.2922,0.6848
12545,-118.305,34.665,0.1272,0.0275,0.0616,0.0323,0.3592,0.1827,0.287,0.148,0.1509,0.0648,0.0877,0.0468,0.2302,0.1129,1.2705,0.6939
12546,-118.295,34.665,0.1288,0.0271,0.0637,0.0336,0.3592,0.1801,0.2812,0.1476,0.1528,0.0659,0.0875,0.0486,0.231,0.1137,1.2469,0.6966
12547,-118.285,34.665,0.1291,0.0264,0.0634,0.0334,0.3566,0.1763,0.274,0.146,0.1534,0.0662,0.0866,0.0502,0.2301,0.1135,1.2229,0.6844
12548,-118.275,34.665,0.1293,0.0257,0.0633,0.0333,0.3519,0.1713,0.2663,0.1431,0.154,0.0666,0.0849,0.0513,0.228,0.1125,1.1992,0.6708
12549,-118.265,34.665,0.1295,0.025,0.0631,0.0332,0.3469,0.1663,0.2586,0.14,0.1546,0.0669,0.0831,0.0522,0.2256,0.1113,1.1762,0.6568
12550,-118.255,34.665,0.1295,0.0243,0.063,0.0331,0.3422,0.1618,0.2522,0.137,0.1555,0.0674,0.0812,0.053,0.2232,0.1101,1.1538,0.6435
12551,-118.245,34.665,0.1293,0.0237,0.0633,0.0333,0.3375,0.1576,0.2462,0.1341,0.157,0.0682,0.0792,0.0535,0.2209,0.1089,1.1322,0.6326
12552,-118.235,34.665,0.1292,0.0232,0.064,0.0338,0.3329,0.1536,0.2407,0.1312,0.1588,0.069,0.0772,0.0539,0.2186,0.1078,1.1127,0.625
12553,-118.225,34.665,0.1295,0.0227,0.0652,0.0346,0.329,0.1504,0.2354,0.1278,0.1608,0.07,0.0755,0.054,0.2167,0.107,1.0937,0.6177
12554,-118.215,34.665,0.1319,0.0227,0.0662,0.0353,0.3267,0.1486,0.2314,0.1253,0.1643,0.072,0.0744,0.0546,0.2158,0.1069,1.0757,0.6113
12555,-118.205,34.665,0.1369,0.023,0.0662,0.0353,0.3313,0.152,0.2337,0.1275,0.1698,0.0752,0.0758,0.0569,0.22,0.1106,1.0593,0.6067
12556,-118.195,34.665,0.1477,0.0247,0.0663,0.0354,0.3366,0.1561,0.2372,0.1305,0.1814,0.0824,0.078,0.0596,0.2248,0.1147,1.0454,0.6132
12557,-118.185,34.665,0.1534,0.0251,0.0665,0.0355,0.3428,0.1609,0.242,0.1343,0.1873,0.086,0.0809,0.0627,0.23,0.1192,1.0309,0.6156
12558,-118.175,34.665,0.1571,0.0252,0.0677,0.0363,0.3407,0.1593,0.241,0.1331,0.191,0.0881,0.082,0.0629,0.2287,0.1187,1.016,0.6144
12559,-118.165,34.665,0.1587,0.0253,0.069,0.0372,0.3371,0.1566,0.2391,0.1311,0.193,0.0892,0.0829,0.0625,0.2262,0.1173,1.0011,0.6102
12560,-118.155,34.665,0.1598,0.0257,0.0702,0.038,0.3347,0.1549,0.2389,0.1301,0.1954,0.0905,0.085,0.0623,0.2244,0.1165,0.9863,0.6039
12561,-118.145,34.665,0.1587,0.0262,0.0707,0.0384,0.3322,0.1531,0.2391,0.1298,0.1968,0.0911,0.0875,0.062,0.2225,0.1155,0.9713,0.5941
12562,-118.135,34.665,0.1561,0.0268,0.0707,0.0384,0.3298,0.1515,0.2397,0.1302,0.1977,0.0914,0.0902,0.0616,0.2205,0.1145,0.9564,0.5834
12563,-118.125,34.665,0.1531,0.0276,0.0707,0.0384,0.3291,0.151,0.2417,0.1317,0.1989,0.092,0.0931,0.0613,0.2197,0.1144,0.9416,0.5732
12564,-118.115,34.665,0.1504,0.0285,0.0708,0.0385,0.3287,0.1508,0.244,0.1335,0.2006,0.0929,0.096,0.0609,0.2191,0.1144,0.9274,0.5649
12565,-118.105,34.665,0.1476,0.0292,0.0709,0.0386,0.3282,0.1505,0.246,0.135,0.2023,0.0938,0.0984,0.0603,0.2186,0.1144,0.9136,0.5565
12566,-118.095,34.665,0.1444,0.0298,0.0711,0.0387,0.3274,0.1501,0.2476,0.1361,0.2035,0.0945,0.1006,0.0596,0.2179,0.1144,0.9004,0.5485
12567,-118.085,34.665,0.1421,0.0306,0.0714,0.039,0.3263,0.1496,0.2489,0.1369,0.2055,0.0957,0.1027,0.0589,0.2169,0.1143,0.8876,0.5408
12568,-118.075,34.665,0.1396,0.0312,0.0714,0.039,0.3244,0.1485,0.2493,0.137,0.2072,0.0966,0.1042,0.0578,0.2156,0.1138,0.8752,0.5333
12569,-118.065,34.665,0.137,0.0316,0.0714,0.0391,0.3225,0.1473,0.2495,0.137,0.2084,0.0973,0.1055,0.0567,0.2142,0.1133,0.8634,0.5254
12570,-118.055,34.665,0.1348,0.0322,0.0715,0.0391,0.3206,0.1463,0.2497,0.137,0.2099,0.0982,0.1064,0.0555,0.2131,0.113,0.852,0.5176
12571,-118.045,34.665,0.1325,0.0325,0.0715,0.0392,0.3181,0.1449,0.2492,0.1364,0.2109,0.0988,0.1071,0.0542,0.2115,0.1123,0.8408,0.5097
12572,-118.035,34.665,0.1302,0.0328,0.0714,0.0391,0.3149,0.1429,0.2479,0.1353,0.2116,0.0992,0.1073,0.0527,0.2096,0.1113,0.8297,0.5015
12573,-118.025,34.665,0.128,0.0331,0.0713,0.0391,0.3108,0.1404,0.2457,0.1336,0.2124,0.0996,0.1071,0.0512,0.2071,0.1099,0.8189,0.4932
12574,-118.015,34.665,0.1259,0.0333,0.071,0.0389,0.3067,0.1379,0.2434,0.1318,0.2129,0.0999,0.1069,0.0496,0.2046,0.1086,0.808,0.4839
12575,-118.005,34.665,0.1234,0.0333,0.0697,0.0381,0.303,0.1359,0.2414,0.1304,0.2127,0.0997,0.1068,0.0483,0.2026,0.1076,0.7964,0.4728
12576,-117.995,34.665,0.1204,0.033,0.0682,0.0371,0.2994,0.1339,0.2393,0.1289,0.2113,0.0988,0.1066,0.047,0.2006,0.1067,0.7838,0.4592
12577,-117.985,34.665,0.1178,0.0328,0.0666,0.036,0.2959,0.1319,0.2371,0.1274,0.2102,0.098,0.1063,0.0457,0.1988,0.1057,0.7705,0.4449
12578,-117.975,34.665,0.1148,0.0324,0.0649,0.035,0.2907,0.1289,0.2334,0.1248,0.2082,0.0967,0.1045,0.0441,0.1958,0.1039,0.7556,0.4283
12579,-117.965,34.665,0.1093,0.031,0.0631,0.0338,0.2826,0.1242,0.2271,0.1203,0.2019,0.0927,0.1013,0.0419,0.1907,0.1006,0.7384,0.4086
12580,-117.955,34.665,0.0988,0.0277,0.0608,0.0322,0.2624,0.1116,0.2101,0.1081,0.1871,0.0832,0.0921,0.037,0.1768,0.0908,0.7193,0.3869
12581,-117.945,34.665,0.0969,0.0275,0.0593,0.0313,0.2509,0.1046,0.2005,0.1013,0.1861,0.0826,0.0865,0.0341,0.1692,0.0856,0.7033,0.3714
12582,-117.935,34.665,0.0958,0.0276,0.0588,0.031,0.2479,0.1033,0.1982,0.1001,0.1864,0.0829,0.0843,0.0333,0.1679,0.0851,0.6922,0.3631
12583,-117.925,34.665,0.0948,0.0277,0.0586,0.0309,0.2449,0.102,0.1958,0.0988,0.1868,0.0832,0.082,0.0324,0.1666,0.0846,0.6826,0.3568
12584,-117.915,34.665,0.0939,0.0277,0.0584,0.0308,0.2419,0.1007,0.1933,0.0975,0.187,0.0835,0.0796,0.0315,0.1654,0.0841,0.6733,0.3509
12585,-117.905,34.665,0.0931,0.0278,0.0582,0.0308,0.2391,0.0995,0.1908,0.0961,0.1872,0.0837,0.0773,0.0306,0.1642,0.0837,0.6643,0.3452
12586,-117.895,34.665,0.0923,0.0279,0.0581,0.0307,0.2359,0.0982,0.1879,0.0946,0.1874,0.0839,0.0748,0.0297,0.1628,0.0831,0.6553,0.3394
12587,-117.885,34.665,0.0916,0.028,0.0579,0.0307,0.2325,0.0967,0.1846,0.0928,0.1874,0.084,0.0722,0.0286,0.1612,0.0823,0.646,0.3332
12588,-117.875,34.665,0.0909,0.0281,0.0576,0.0305,0.2301,0.0959,0.1823,0.0917,0.1874,0.0842,0.07,0.0278,0.1604,0.0821,0.6298,0.32
12589,-117.865,34.665,0.0884,0.0275,0.0561,0.0297,0.2272,0.0947,0.1793,0.0902,0.1836,0.0822,0.0677,0.0269,0.1591,0.0816,0.5964,0.2893
12590,-117.855,34.665,0.0817,0.0253,0.0492,0.0253,0.2202,0.0913,0.173,0.0865,0.1712,0.0754,0.0643,0.0254,0.155,0.0791,0.5613,0.2641
12591,-117.845,34.665,0.0862,0.0272,0.0491,0.0253,0.2177,0.0903,0.1703,0.0852,0.1811,0.081,0.0626,0.0248,0.1539,0.0788,0.5764,0.28
12592,-117.835,34.665,0.0883,0.0284,0.0559,0.0297,0.2195,0.0919,0.1712,0.0863,0.1863,0.084,0.0627,0.0249,0.156,0.0805,0.6015,0.3035
12593,-117.825,34.665,0.0877,0.0284,0.0558,0.0297,0.2133,0.0887,0.1661,0.0832,0.1858,0.0839,0.0614,0.0243,0.1521,0.0781,0.5947,0.3004
12594,-117.815,34.665,0.0778,0.0248,0.0535,0.0283,0.2014,0.0826,0.1569,0.0776,0.1666,0.0732,0.0587,0.0229,0.1441,0.0731,0.5394,0.254
12595,-117.805,34.665,0.0584,0.0175,0.0466,0.024,0.1702,0.0667,0.1333,0.063,0.1269,0.0517,0.0511,0.0191,0.1219,0.0592,0.5036,0.2294
12596,-117.795,34.665,0.0732,0.0234,0.0442,0.0225,0.1645,0.064,0.1304,0.0612,0.1586,0.0687,0.052,0.0193,0.1184,0.0571,0.4997,0.2312
12597,-117.785,34.665,0.0777,0.0253,0.0462,0.0239,0.1845,0.0746,0.1481,0.0721,0.1683,0.0742,0.0614,0.0236,0.1337,0.067,0.5244,0.2536
12598,-117.775,34.665,0.0812,0.027,0.0419,0.0211,0.1717,0.0683,0.1391,0.0666,0.1755,0.0788,0.0597,0.0226,0.1248,0.0615,0.5051,0.238
12599,-117.765,34.665,0.0578,0.0177,0.0384,0.0189,0.157,0.061,0.1286,0.0602,0.1271,0.0517,0.0575,0.0213,0.1145,0.0552,0.4439,0.1978
12600,-117.755,34.665,0.0554,0.0171,0.0449,0.0231,0.1657,0.0659,0.1372,0.0657,0.1216,0.0494,0.0641,0.0244,0.1215,0.0599,0.4249,0.1854
12601,-117.745,34.665,0.0589,0.0186,0.045,0.0233,0.155,0.0612,0.1295,0.0615,0.1288,0.0535,0.0626,0.0236,0.1141,0.0559,0.4457,0.1991
12602,-117.735,34.665,0.0497,0.0151,0.0386,0.0192,0.1251,0.047,0.1053,0.0476,0.1092,0.0433,0.0529,0.0191,0.0923,0.043,0.3974,0.1711
12603,-117.725,34.665,0.0467,0.014,0.0374,0.0185,0.1188,0.0442,0.1008,0.0451,0.1026,0.0398,0.0526,0.0189,0.088,0.0406,0.3814,0.1625
12604,-117.715,34.665,0.0536,0.017,0.0367,0.0182,0.1181,0.0441,0.101,0.0453,0.1169,0.0477,0.0546,0.0197,0.0879,0.0407,0.3906,0.1683
12605,-117.705,34.665,0.0648,0.0217,0.0329,0.0159,0.1219,0.0458,0.1049,0.0474,0.14,0.0604,0.0586,0.0214,0.0911,0.0425,0.3948,0.1714
12606,-117.695,34.665,0.0466,0.0143,0.0306,0.0145,0.1183,0.0443,0.1025,0.0461,0.1018,0.0397,0.0588,0.0215,0.0888,0.0412,0.3414,0.1422
12607,-117.685,34.665,0.0437,0.0133,0.0297,0.0141,0.1074,0.0395,0.0937,0.0414,0.0953,0.0367,0.0554,0.02,0.081,0.0369,0.3281,0.1356
12608,-117.675,34.665,0.0434,0.0133,0.0295,0.014,0.1046,0.0384,0.0918,0.0405,0.0944,0.0363,0.0558,0.0203,0.0792,0.036,0.3222,0.1328
12609,-117.665,34.665,0.0431,0.0133,0.0303,0.0145,0.1059,0.0393,0.0935,0.0416,0.0935,0.036,0.0584,0.0215,0.0805,0.0369,0.3264,0.1353
12610,-117.655,34.665,0.048,0.0154,0.0358,0.018,0.1188,0.0457,0.1053,0.0486,0.1037,0.0412,0.0676,0.0259,0.0906,0.0431,0.3452,0.1458
12611,-118.945,34.675,0.0314,0.0115,0.0284,0.0144,0.1202,0.0401,0.1869,0.0805,0.0522,0.0192,0.0163,0.012,0.2724,0.1062,0.2105,0.0777
12612,-118.935,34.675,0.0317,0.0116,0.0286,0.0144,0.1221,0.0406,0.1899,0.082,0.0523,0.0191,0.0163,0.012,0.27,0.1053,0.2132,0.0782
12613,-118.925,34.675,0.0321,0.0117,0.0287,0.0145,0.1241,0.0411,0.1931,0.0836,0.0524,0.0191,0.0163,0.012,0.2675,0.1043,0.2159,0.0787
12614,-118.915,34.675,0.0324,0.0118,0.0289,0.0145,0.1262,0.0417,0.1963,0.0852,0.0524,0.019,0.0164,0.0119,0.2649,0.1033,0.2188,0.0792
12615,-118.905,34.675,0.0328,0.0118,0.029,0.0145,0.1284,0.0423,0.1997,0.0869,0.0524,0.0189,0.0164,0.0119,0.2623,0.1024,0.2217,0.0797
12616,-118.895,34.675,0.0332,0.0119,0.0292,0.0146,0.1306,0.0429,0.2032,0.0886,0.0524,0.0187,0.0164,0.0119,0.2596,0.1014,0.2246,0.0802
12617,-118.885,34.675,0.0336,0.012,0.0293,0.0146,0.133,0.0436,0.2068,0.0905,0.0523,0.0186,0.0164,0.0119,0.2569,0.1004,0.2278,0.0808
12618,-118.875,34.675,0.034,0.0121,0.0295,0.0147,0.1355,0.0443,0.2106,0.0925,0.0523,0.0185,0.0164,0.0119,0.2541,0.0993,0.231,0.0813
12619,-118.865,34.675,0.0344,0.0121,0.0304,0.0152,0.1424,0.047,0.221,0.0986,0.0522,0.0184,0.017,0.0124,0.2586,0.1023,0.2391,0.084
12620,-118.855,34.675,0.0384,0.0139,0.0353,0.0182,0.1709,0.0592,0.264,0.1248,0.0574,0.0207,0.0202,0.0154,0.2986,0.1252,0.2732,0.0999
12621,-118.845,34.675,0.0537,0.0209,0.0417,0.0224,0.2012,0.0731,0.3085,0.1545,0.0783,0.0307,0.0236,0.0187,0.3364,0.1495,0.3307,0.1288
12622,-118.835,34.675,0.0604,0.024,0.0498,0.0278,0.2333,0.0887,0.3545,0.1878,0.0868,0.0347,0.0274,0.0223,0.3721,0.1751,0.3728,0.1548
12623,-118.825,34.675,0.0612,0.0241,0.0514,0.0288,0.2428,0.0928,0.3678,0.1973,0.0868,0.0346,0.028,0.0229,0.3748,0.1779,0.3846,0.1603
12624,-118.815,34.675,0.0619,0.0243,0.0516,0.0289,0.2477,0.0947,0.3745,0.202,0.0868,0.0344,0.028,0.0229,0.3707,0.176,0.3917,0.1627
12625,-118.805,34.675,0.0627,0.0244,0.0519,0.029,0.2528,0.0966,0.3814,0.2068,0.087,0.0344,0.0281,0.0228,0.3667,0.1742,0.3994,0.1654
12626,-118.795,34.675,0.0635,0.0246,0.0522,0.0292,0.259,0.0992,0.3896,0.2126,0.0873,0.0344,0.0283,0.0229,0.3637,0.1732,0.408,0.1687
12627,-118.785,34.675,0.0643,0.0248,0.0526,0.0293,0.2663,0.1023,0.399,0.2195,0.0877,0.0345,0.0287,0.0232,0.3618,0.1732,0.4179,0.1727
12628,-118.775,34.675,0.0651,0.0249,0.0529,0.0294,0.2709,0.1039,0.4046,0.2226,0.0882,0.0346,0.0287,0.0231,0.3567,0.1703,0.4281,0.1768
12629,-118.765,34.675,0.066,0.0251,0.0532,0.0295,0.2753,0.1054,0.4098,0.2252,0.0889,0.0349,0.0287,0.023,0.3512,0.1672,0.439,0.1813
12630,-118.755,34.675,0.0668,0.0253,0.0535,0.0297,0.2814,0.1078,0.4168,0.2289,0.0897,0.0352,0.0291,0.0231,0.3477,0.1657,0.4513,0.1867
12631,-118.745,34.675,0.0677,0.0255,0.0538,0.0298,0.2877,0.1102,0.4237,0.232,0.0907,0.0356,0.0296,0.0234,0.3442,0.1642,0.4651,0.1931
12632,-118.735,34.675,0.0686,0.0256,0.0542,0.0299,0.2942,0.1126,0.4305,0.2343,0.0918,0.0361,0.0302,0.0237,0.3408,0.1627,0.4803,0.2002
12633,-118.725,34.675,0.0696,0.0258,0.0545,0.0301,0.3008,0.1152,0.4368,0.2352,0.0931,0.0366,0.031,0.0241,0.3375,0.1613,0.4968,0.2082
12634,-118.715,34.675,0.0705,0.026,0.0549,0.0302,0.3074,0.1177,0.4429,0.2354,0.0946,0.0373,0.0319,0.0245,0.3343,0.1599,0.5149,0.2171
12635,-118.705,34.675,0.0715,0.0262,0.0552,0.0304,0.3142,0.1201,0.4483,0.2339,0.0962,0.0381,0.033,0.0251,0.3312,0.1586,0.535,0.2274
12636,-118.695,34.675,0.0726,0.0264,0.0556,0.0306,0.3209,0.1225,0.4532,0.2314,0.098,0.039,0.0343,0.0258,0.3283,0.1574,0.557,0.2389
12637,-118.685,34.675,0.0736,0.0266,0.056,0.0307,0.3277,0.1249,0.4576,0.2279,0.1,0.0399,0.0358,0.0265,0.3254,0.1562,0.5746,0.245
12638,-118.675,34.675,0.0748,0.0269,0.0467,0.0246,0.2883,0.1039,0.4007,0.1841,0.102,0.0409,0.0314,0.0221,0.2807,0.1278,0.5738,0.2362
12639,-118.665,34.675,0.0493,0.0157,0.0371,0.0183,0.2452,0.0813,0.339,0.1379,0.0687,0.0245,0.0267,0.0174,0.233,0.0978,0.5005,0.1824
12640,-118.655,34.675,0.0459,0.0142,0.035,0.017,0.2302,0.0739,0.3143,0.1198,0.0643,0.0225,0.0255,0.016,0.2123,0.0867,0.484,0.1701
12641,-118.645,34.675,0.0467,0.0143,0.0342,0.0164,0.2251,0.0708,0.3025,0.1091,0.0657,0.0231,0.0256,0.0155,0.2014,0.0809,0.4967,0.1742
12642,-118.635,34.675,0.0475,0.0145,0.0345,0.0165,0.2297,0.0721,0.3035,0.1057,0.0671,0.0237,0.0269,0.016,0.2002,0.0806,0.5266,0.1864
12643,-118.625,34.675,0.0485,0.0147,0.0348,0.0167,0.2344,0.0735,0.304,0.1024,0.0685,0.0243,0.0283,0.0166,0.1992,0.0805,0.5595,0.2
12644,-118.615,34.675,0.0495,0.0149,0.0352,0.0169,0.2392,0.0749,0.3043,0.0992,0.0701,0.0249,0.0298,0.0171,0.1985,0.0804,0.5972,0.2159
12645,-118.605,34.675,0.0507,0.0152,0.0357,0.0171,0.2442,0.0768,0.3044,0.0965,0.0717,0.0256,0.0315,0.0177,0.1982,0.0805,0.6389,0.2336
12646,-118.595,34.675,0.0521,0.0155,0.0363,0.0174,0.2498,0.079,0.3047,0.0943,0.0735,0.0264,0.0334,0.0183,0.1986,0.081,0.6857,0.254
12647,-118.585,34.675,0.0537,0.016,0.037,0.0178,0.256,0.0818,0.3052,0.0926,0.0756,0.0273,0.0354,0.019,0.1996,0.0819,0.7388,0.2776
12648,-118.575,34.675,0.0555,0.0164,0.0374,0.018,0.2601,0.0843,0.3025,0.0907,0.0778,0.0282,0.0372,0.0195,0.1993,0.0819,0.7939,0.3023
12649,-118.565,34.675,0.0557,0.0163,0.0376,0.0181,0.2629,0.0864,0.298,0.0884,0.0776,0.0281,0.0389,0.0198,0.198,0.0815,0.8389,0.3218
12650,-118.555,34.675,0.0557,0.0161,0.0371,0.0177,0.2611,0.0872,0.2879,0.085,0.077,0.0278,0.0399,0.0196,0.1934,0.0793,0.8796,0.3389
12651,-118.545,34.675,0.0559,0.016,0.0367,0.0175,0.26,0.0889,0.2787,0.0825,0.0766,0.0276,0.0411,0.0195,0.1895,0.0775,0.921,0.3565
12652,-118.535,34.675,0.0563,0.016,0.0365,0.0173,0.2597,0.0913,0.2703,0.0809,0.0764,0.0274,0.0424,0.0194,0.1863,0.0761,0.9626,0.3746
12653,-118.525,34.675,0.0569,0.016,0.0364,0.0172,0.2598,0.0949,0.2626,0.0804,0.0764,0.0274,0.0438,0.0193,0.1837,0.075,0.9975,0.3898
12654,-118.515,34.675,0.0576,0.016,0.0363,0.0172,0.2599,0.0988,0.2552,0.0802,0.0763,0.0273,0.0453,0.0192,0.1813,0.074,1.0265,0.4027
12655,-118.505,34.675,0.0585,0.0161,0.0363,0.0171,0.2601,0.1039,0.2487,0.0809,0.0763,0.0272,0.0468,0.0191,0.1793,0.0731,1.051,0.4137
12656,-118.495,34.675,0.0595,0.0163,0.0364,0.0171,0.2613,0.1105,0.2443,0.0829,0.0763,0.0272,0.0486,0.0191,0.1784,0.0729,1.0754,0.4248
12657,-118.485,34.675,0.0607,0.0165,0.0364,0.0171,0.2637,0.1186,0.2422,0.0864,0.0763,0.0271,0.0506,0.0192,0.1787,0.0733,1.1067,0.4394
12658,-118.475,34.675,0.0621,0.0167,0.037,0.0174,0.2904,0.149,0.2658,0.107,0.0764,0.0271,0.0587,0.0224,0.1977,0.0853,1.1686,0.4716
12659,-118.465,34.675,0.07,0.0193,0.0391,0.0187,0.3134,0.1775,0.287,0.1264,0.084,0.0306,0.0659,0.025,0.2138,0.0955,1.2595,0.524
12660,-118.455,34.675,0.0921,0.0268,0.0483,0.0243,0.2946,0.1741,0.2703,0.1221,0.1072,0.0417,0.0622,0.0223,0.1977,0.0854,1.3534,0.5917
12661,-118.445,34.675,0.0827,0.0232,0.0505,0.0256,0.2801,0.1756,0.2593,0.1219,0.094,0.0352,0.0598,0.0205,0.1862,0.0785,1.3055,0.5517
12662,-118.435,34.675,0.0805,0.0219,0.0457,0.0226,0.2698,0.182,0.2539,0.1257,0.09,0.0331,0.0585,0.0196,0.1791,0.0748,1.2721,0.5296
12663,-118.425,34.675,0.0787,0.0207,0.042,0.0203,0.2964,0.2097,0.2868,0.1477,0.0881,0.0321,0.067,0.0234,0.197,0.0867,1.2603,0.5278
12664,-118.415,34.675,0.0714,0.0179,0.039,0.0184,0.3237,0.233,0.3207,0.1669,0.0809,0.0288,0.0755,0.0273,0.2151,0.0987,1.2447,0.5194
12665,-118.405,34.675,0.0694,0.0168,0.038,0.0178,0.3179,0.2139,0.3219,0.1548,0.0794,0.0281,0.0742,0.0273,0.2098,0.0955,1.2205,0.508
12666,-118.395,34.675,0.0733,0.0176,0.0375,0.0175,0.3066,0.1913,0.3124,0.1397,0.0845,0.0304,0.0712,0.0264,0.2012,0.0901,1.2053,0.502
12667,-118.385,34.675,0.0715,0.0166,0.0375,0.0175,0.2898,0.1654,0.292,0.1218,0.0831,0.0298,0.0664,0.0249,0.1893,0.0823,1.2067,0.5084
12668,-118.375,34.675,0.0864,0.0205,0.0398,0.0188,0.2987,0.1684,0.2917,0.1254,0.1007,0.0381,0.07,0.028,0.1968,0.0885,1.2297,0.5331
12669,-118.365,34.675,0.0837,0.0192,0.0439,0.0213,0.3106,0.1752,0.2934,0.1318,0.0983,0.037,0.0744,0.0316,0.2064,0.0961,1.2421,0.554
12670,-118.355,34.675,0.1051,0.0251,0.0545,0.0281,0.3117,0.1712,0.2847,0.1299,0.1232,0.0497,0.0749,0.0331,0.2072,0.0971,1.2694,0.6006
12671,-118.345,34.675,0.1167,0.028,0.0587,0.0307,0.3162,0.1692,0.2796,0.1297,0.1369,0.0572,0.0758,0.035,0.2101,0.0989,1.2821,0.637
12672,-118.335,34.675,0.1111,0.0255,0.0564,0.0291,0.3241,0.1692,0.2782,0.1311,0.1313,0.0541,0.0772,0.0371,0.2151,0.1016,1.2668,0.6492
12673,-118.325,34.675,0.1224,0.0282,0.0601,0.0315,0.3436,0.1803,0.2881,0.1415,0.1445,0.0616,0.0821,0.042,0.2292,0.111,1.251,0.6847
12674,-118.315,34.675,0.1265,0.0287,0.064,0.0342,0.3612,0.1904,0.2966,0.1512,0.1497,0.0646,0.0865,0.0467,0.2421,0.1199,1.2319,0.691
12675,-118.305,34.675,0.1268,0.0279,0.0636,0.0339,0.3571,0.1846,0.287,0.148,0.1505,0.0651,0.084,0.0475,0.2399,0.1188,1.2117,0.6832
12676,-118.295,34.675,0.1271,0.0272,0.0633,0.0336,0.3524,0.1787,0.2776,0.1447,0.1513,0.0655,0.0826,0.0485,0.2374,0.1175,1.1907,0.6682
12677,-118.285,34.675,0.1274,0.0266,0.063,0.0334,0.3472,0.1727,0.2684,0.1411,0.1521,0.066,0.0821,0.0498,0.2345,0.116,1.1685,0.6528
12678,-118.275,34.675,0.1277,0.0259,0.0628,0.0332,0.3423,0.1675,0.2604,0.1379,0.1529,0.0665,0.0816,0.051,0.2319,0.1146,1.145,0.6386
12679,-118.265,34.675,0.1279,0.0252,0.0626,0.0331,0.3376,0.1626,0.253,0.1348,0.1536,0.067,0.0811,0.0523,0.2295,0.1134,1.1226,0.6253
12680,-118.255,34.675,0.1281,0.0246,0.0624,0.033,0.3342,0.1591,0.2476,0.1326,0.1548,0.0675,0.0805,0.0536,0.228,0.1129,1.1016,0.6152
12681,-118.245,34.675,0.1283,0.024,0.0633,0.0336,0.3355,0.1596,0.2464,0.1336,0.1564,0.0684,0.0814,0.0563,0.2303,0.1152,1.0817,0.6128
12682,-118.235,34.675,0.1347,0.0249,0.0654,0.035,0.3414,0.1639,0.2494,0.1377,0.1648,0.0733,0.0838,0.0603,0.2363,0.1205,1.064,0.6197
12683,-118.225,34.675,0.1428,0.0262,0.0685,0.0371,0.3395,0.162,0.2459,0.1358,0.1749,0.0794,0.0832,0.0613,0.2358,0.1207,1.0464,0.6248
12684,-118.215,34.675,0.1502,0.0271,0.0713,0.0391,0.3368,0.1595,0.2417,0.1331,0.1835,0.0847,0.0822,0.0618,0.2344,0.1203,1.0295,0.6263
12685,-118.205,34.675,0.1539,0.027,0.0717,0.0393,0.3373,0.1597,0.2409,0.1326,0.1872,0.0869,0.0819,0.0627,0.2355,0.1216,1.0142,0.6231
12686,-118.195,34.675,0.1562,0.0264,0.0717,0.0393,0.3378,0.1599,0.2408,0.1324,0.1887,0.0876,0.0824,0.0638,0.2364,0.1228,0.9998,0.6191
12687,-118.185,34.675,0.1587,0.0258,0.0713,0.039,0.3382,0.1602,0.2413,0.1325,0.1898,0.0881,0.0836,0.0652,0.2373,0.124,0.9864,0.6109
12688,-118.175,34.675,0.1613,0.0253,0.0709,0.0388,0.3353,0.158,0.2399,0.1309,0.1909,0.0885,0.0845,0.0654,0.2354,0.123,0.9733,0.6004
12689,-118.165,34.675,0.1634,0.0249,0.0706,0.0386,0.3318,0.1554,0.2384,0.1291,0.1919,0.0889,0.0856,0.0653,0.233,0.1217,0.9601,0.5892
12690,-118.155,34.675,0.1639,0.025,0.0705,0.0385,0.3288,0.1532,0.2379,0.1279,0.1932,0.0895,0.0876,0.0653,0.2307,0.1205,0.9467,0.5789
12691,-118.145,34.675,0.1617,0.0256,0.0704,0.0384,0.3262,0.1512,0.2381,0.1276,0.1946,0.0902,0.0901,0.0653,0.2286,0.1194,0.9332,0.5694
12692,-118.135,34.675,0.158,0.0264,0.0702,0.0384,0.3239,0.1496,0.239,0.1281,0.1958,0.0909,0.0932,0.0655,0.2266,0.1184,0.9198,0.5603
12693,-118.125,34.675,0.154,0.0273,0.0703,0.0384,0.3226,0.1486,0.2408,0.1295,0.1971,0.0916,0.0961,0.0651,0.2251,0.1177,0.9065,0.5516
12694,-118.115,34.675,0.1504,0.0282,0.0703,0.0384,0.3213,0.1477,0.2427,0.131,0.1987,0.0925,0.0987,0.0644,0.2237,0.1171,0.8935,0.5435
12695,-118.105,34.675,0.1467,0.0289,0.0702,0.0384,0.32,0.1468,0.2439,0.132,0.2,0.0932,0.1002,0.063,0.2223,0.1165,0.8808,0.5355
12696,-118.095,34.675,0.1435,0.0296,0.0705,0.0386,0.3192,0.1464,0.2454,0.1331,0.2015,0.0941,0.1022,0.0619,0.2214,0.1164,0.8687,0.5289
12697,-118.085,34.675,0.1416,0.0305,0.071,0.039,0.3191,0.1465,0.2471,0.1344,0.2044,0.0959,0.1048,0.0612,0.2209,0.1166,0.8571,0.5233
12698,-118.075,34.675,0.1395,0.0313,0.0711,0.0391,0.3176,0.1456,0.2475,0.1346,0.2066,0.0972,0.1064,0.0599,0.2196,0.116,0.846,0.5174
12699,-118.065,34.675,0.1362,0.0315,0.0711,0.0391,0.3158,0.1446,0.2475,0.1345,0.2068,0.0973,0.1078,0.0585,0.218,0.1154,0.835,0.5091
12700,-118.055,34.675,0.1336,0.0319,0.0711,0.0391,0.3138,0.1434,0.2472,0.1343,0.2077,0.0977,0.1085,0.057,0.2165,0.1148,0.8244,0.5012
12701,-118.045,34.675,0.1311,0.0323,0.0709,0.039,0.3116,0.1421,0.2467,0.1338,0.2085,0.0982,0.109,0.0555,0.2149,0.1141,0.814,0.4935
12702,-118.035,34.675,0.1285,0.0325,0.0706,0.0389,0.3092,0.1407,0.2458,0.1332,0.2088,0.0983,0.1093,0.0539,0.2132,0.1133,0.8038,0.4855
12703,-118.025,34.675,0.1263,0.0327,0.0704,0.0388,0.3066,0.1393,0.2447,0.1325,0.2092,0.0985,0.1097,0.0525,0.2115,0.1125,0.7938,0.4779
12704,-118.015,34.675,0.124,0.0328,0.0702,0.0386,0.304,0.1378,0.2435,0.1316,0.2093,0.0984,0.11,0.0511,0.2098,0.1118,0.784,0.4704
12705,-118.005,34.675,0.1221,0.033,0.0701,0.0386,0.301,0.1361,0.2419,0.1305,0.2097,0.0987,0.1102,0.0497,0.208,0.1109,0.7742,0.463
12706,-117.995,34.675,0.1201,0.0331,0.0699,0.0385,0.2978,0.1344,0.24,0.1293,0.2099,0.0988,0.1103,0.0483,0.2062,0.1101,0.7645,0.4557
12707,-117.985,34.675,0.1183,0.0332,0.0696,0.0384,0.2946,0.1327,0.238,0.128,0.2099,0.0987,0.1103,0.0469,0.2044,0.1092,0.7549,0.4484
12708,-117.975,34.675,0.1167,0.0334,0.0694,0.0383,0.2905,0.1303,0.2351,0.126,0.21,0.0988,0.1092,0.0453,0.2019,0.1078,0.745,0.4399
12709,-117.965,34.675,0.1149,0.0334,0.0683,0.0376,0.2841,0.1266,0.2301,0.1225,0.21,0.0988,0.1066,0.0434,0.1978,0.1052,0.7315,0.4245
12710,-117.955,34.675,0.1073,0.0311,0.0627,0.0338,0.2675,0.1162,0.2161,0.1124,0.1999,0.0923,0.0982,0.0392,0.1862,0.097,0.7127,0.3993
12711,-117.945,34.675,0.0965,0.0276,0.0593,0.0315,0.2546,0.1083,0.2053,0.1048,0.1844,0.0823,0.0914,0.036,0.1774,0.0909,0.6862,0.3659
12712,-117.935,34.675,0.0945,0.0273,0.0582,0.0308,0.2455,0.103,0.1976,0.0997,0.183,0.0815,0.0861,0.0338,0.1712,0.0869,0.6721,0.3527
12713,-117.925,34.675,0.0936,0.0274,0.0579,0.0307,0.2416,0.1011,0.1943,0.0979,0.1833,0.0818,0.0831,0.0327,0.1691,0.0858,0.662,0.3453
12714,-117.915,34.675,0.0927,0.0275,0.0577,0.0306,0.2388,0.0999,0.192,0.0967,0.1835,0.082,0.0806,0.0318,0.1678,0.0853,0.6532,0.3395
12715,-117.905,34.675,0.0918,0.0276,0.0576,0.0306,0.2361,0.0988,0.1896,0.0954,0.1836,0.0822,0.078,0.0309,0.1666,0.0848,0.6445,0.3337
12716,-117.895,34.675,0.0911,0.0276,0.0574,0.0305,0.2334,0.0977,0.1872,0.0942,0.1836,0.0823,0.0755,0.03,0.1654,0.0843,0.6358,0.328
12717,-117.885,34.675,0.0903,0.0277,0.0572,0.0305,0.2308,0.0967,0.1847,0.093,0.1836,0.0824,0.073,0.0291,0.1642,0.0839,0.6272,0.3223
12718,-117.875,34.675,0.0896,0.0278,0.0571,0.0304,0.2281,0.0956,0.1822,0.0917,0.1834,0.0823,0.0704,0.0282,0.1631,0.0835,0.6184,0.3163
12719,-117.865,34.675,0.0889,0.0279,0.0569,0.0304,0.2254,0.0946,0.1795,0.0904,0.1831,0.0823,0.0679,0.0272,0.1619,0.083,0.6091,0.3098
12720,-117.855,34.675,0.0883,0.0279,0.0567,0.0303,0.2222,0.0932,0.1764,0.0888,0.1827,0.0821,0.0652,0.0262,0.1603,0.0822,0.5995,0.303
12721,-117.845,34.675,0.0877,0.028,0.0566,0.0303,0.2197,0.0923,0.1739,0.0876,0.1822,0.0819,0.063,0.0254,0.1592,0.0818,0.592,0.2981
12722,-117.835,34.675,0.087,0.0281,0.0564,0.0302,0.218,0.0918,0.1722,0.087,0.1816,0.0816,0.0612,0.0247,0.1586,0.0818,0.5842,0.2928
12723,-117.825,34.675,0.0864,0.0281,0.0537,0.0285,0.2131,0.0895,0.1684,0.0848,0.181,0.0814,0.0601,0.0242,0.1557,0.0801,0.5722,0.2837
12724,-117.815,34.675,0.0754,0.0239,0.0488,0.0254,0.2009,0.0833,0.1589,0.0791,0.1603,0.0692,0.0574,0.0229,0.1472,0.0749,0.5149,0.2376
12725,-117.805,34.675,0.0575,0.0172,0.0366,0.0179,0.1559,0.0604,0.1235,0.0575,0.1239,0.0499,0.0461,0.0172,0.1142,0.0544,0.4357,0.1879
12726,-117.795,34.675,0.0473,0.0135,0.0308,0.0143,0.1384,0.0517,0.1105,0.0497,0.1026,0.0393,0.0434,0.0156,0.1016,0.0468,0.3853,0.159
12727,-117.785,34.675,0.0478,0.0138,0.0313,0.0147,0.1486,0.0572,0.1198,0.0555,0.1041,0.0401,0.0493,0.0182,0.1095,0.052,0.387,0.1613
12728,-117.775,34.675,0.0536,0.0161,0.0326,0.0154,0.1411,0.0537,0.1148,0.0525,0.117,0.0466,0.0492,0.0179,0.1044,0.049,0.3947,0.1665
12729,-117.765,34.675,0.0498,0.0148,0.0358,0.0175,0.1359,0.0513,0.1118,0.0507,0.1089,0.0427,0.0502,0.0182,0.1011,0.047,0.3812,0.1599
12730,-117.755,34.675,0.0594,0.0189,0.0479,0.0253,0.1595,0.0635,0.1328,0.0634,0.1285,0.0541,0.0625,0.0238,0.1196,0.0586,0.3902,0.166
12731,-117.745,34.675,0.0594,0.0191,0.0467,0.0247,0.153,0.0607,0.1283,0.061,0.1286,0.0543,0.0622,0.0236,0.1151,0.0562,0.4093,0.1778
12732,-117.735,34.675,0.0447,0.0133,0.0322,0.0155,0.1164,0.0429,0.0982,0.0434,0.0978,0.0376,0.0495,0.0175,0.0878,0.0399,0.3427,0.1418
12733,-117.725,34.675,0.0443,0.0132,0.0297,0.0139,0.1093,0.0397,0.0929,0.0405,0.0969,0.0373,0.0486,0.0171,0.0828,0.037,0.3322,0.1366
12734,-117.715,34.675,0.0468,0.0143,0.0296,0.014,0.1095,0.04,0.0938,0.0411,0.1022,0.04,0.0509,0.018,0.0833,0.0375,0.353,0.1484
12735,-117.705,34.675,0.0524,0.0166,0.0299,0.0141,0.1161,0.0433,0.1002,0.0448,0.1141,0.0461,0.0562,0.0204,0.0886,0.0407,0.3702,0.1583
12736,-117.695,34.675,0.0437,0.0133,0.0298,0.0141,0.115,0.043,0.0998,0.0448,0.0953,0.0368,0.0576,0.021,0.088,0.0405,0.3284,0.136
12737,-117.685,34.675,0.0431,0.0132,0.0293,0.0139,0.1063,0.0392,0.0929,0.041,0.0937,0.0361,0.0552,0.0199,0.0817,0.0371,0.3192,0.1316
12738,-117.675,34.675,0.0428,0.0132,0.0291,0.0138,0.1045,0.0386,0.0918,0.0406,0.0929,0.0358,0.0562,0.0204,0.0806,0.0366,0.315,0.1298
12739,-117.665,34.675,0.0425,0.0131,0.029,0.0138,0.1052,0.0392,0.0928,0.0414,0.0921,0.0355,0.0584,0.0214,0.0814,0.0372,0.3137,0.1294
12740,-117.655,34.675,0.0424,0.0132,0.029,0.0139,0.1109,0.0422,0.0983,0.0448,0.0916,0.0354,0.0635,0.0239,0.0861,0.0402,0.3145,0.1302
12741,-118.945,34.685,0.031,0.0114,0.028,0.0142,0.1185,0.0391,0.1829,0.0791,0.0517,0.0191,0.0163,0.0118,0.28,0.1091,0.2119,0.0785
12742,-118.935,34.685,0.0313,0.0115,0.0282,0.0142,0.1204,0.0396,0.1859,0.0806,0.0518,0.0191,0.0163,0.0118,0.2776,0.1082,0.2147,0.079
12743,-118.925,34.685,0.0317,0.0116,0.0283,0.0143,0.1225,0.0402,0.1891,0.0822,0.0518,0.019,0.0164,0.0118,0.2751,0.1073,0.2177,0.0796
12744,-118.915,34.685,0.032,0.0116,0.0284,0.0143,0.1246,0.0407,0.1922,0.0838,0.0518,0.0189,0.0164,0.0118,0.2725,0.1063,0.2202,0.0799
12745,-118.905,34.685,0.0324,0.0117,0.0286,0.0144,0.1264,0.0412,0.195,0.0853,0.0518,0.0187,0.0164,0.0118,0.2691,0.105,0.2228,0.0803
12746,-118.895,34.685,0.0328,0.0118,0.0287,0.0144,0.1285,0.0417,0.1981,0.0869,0.0518,0.0186,0.0164,0.0118,0.266,0.1038,0.2256,0.0807
12747,-118.885,34.685,0.0331,0.0119,0.0289,0.0144,0.1307,0.0424,0.2014,0.0887,0.0517,0.0185,0.0164,0.0117,0.2631,0.1027,0.2286,0.0812
12748,-118.875,34.685,0.0335,0.0119,0.029,0.0145,0.1334,0.0432,0.2054,0.0909,0.0516,0.0183,0.0164,0.0118,0.2607,0.1018,0.232,0.0817
12749,-118.865,34.685,0.0339,0.012,0.0307,0.0155,0.1427,0.0469,0.2192,0.0994,0.0515,0.0182,0.0173,0.0126,0.2692,0.1074,0.2443,0.0863
12750,-118.855,34.685,0.0414,0.0153,0.0395,0.0212,0.1837,0.0649,0.28,0.1382,0.0615,0.0228,0.0222,0.0171,0.3302,0.1436,0.2863,0.1071
12751,-118.845,34.685,0.0564,0.0223,0.0458,0.0254,0.2132,0.0783,0.323,0.1673,0.082,0.0327,0.0256,0.0203,0.3682,0.1681,0.3502,0.1406
12752,-118.835,34.685,0.0596,0.0237,0.0498,0.028,0.2313,0.0871,0.348,0.1868,0.0854,0.0343,0.0275,0.0222,0.3832,0.181,0.3763,0.1566
12753,-118.825,34.685,0.0604,0.0239,0.0507,0.0285,0.2382,0.09,0.3575,0.194,0.0854,0.0341,0.0279,0.0225,0.3822,0.1815,0.3855,0.1605
12754,-118.815,34.685,0.0611,0.024,0.0509,0.0286,0.2429,0.0918,0.3638,0.1989,0.0854,0.0339,0.0279,0.0224,0.378,0.1796,0.3925,0.1628
12755,-118.805,34.685,0.0619,0.0242,0.0513,0.0288,0.2479,0.0937,0.3704,0.2041,0.0856,0.0339,0.028,0.0224,0.374,0.1778,0.4008,0.166
12756,-118.795,34.685,0.0632,0.0246,0.0516,0.0289,0.2545,0.0965,0.3789,0.2111,0.0866,0.0343,0.0283,0.0225,0.3716,0.1774,0.4116,0.1711
12757,-118.785,34.685,0.0649,0.0252,0.052,0.0291,0.2625,0.1002,0.3893,0.2196,0.0883,0.035,0.0289,0.0229,0.3708,0.1783,0.4213,0.1749
12758,-118.775,34.685,0.0643,0.0247,0.0523,0.0292,0.2657,0.101,0.393,0.222,0.0871,0.0343,0.0288,0.0226,0.3644,0.1745,0.4311,0.1785
12759,-118.765,34.685,0.0651,0.0249,0.0525,0.0292,0.2686,0.1017,0.396,0.2235,0.088,0.0347,0.0287,0.0223,0.3575,0.1703,0.442,0.1828
12760,-118.755,34.685,0.066,0.0251,0.0528,0.0294,0.2743,0.1039,0.4025,0.2277,0.089,0.0351,0.0292,0.0224,0.3538,0.1686,0.455,0.1887
12761,-118.745,34.685,0.0669,0.0252,0.0531,0.0295,0.2802,0.1062,0.4087,0.2311,0.0901,0.0356,0.0297,0.0226,0.3502,0.1671,0.4696,0.1956
12762,-118.735,34.685,0.0678,0.0254,0.0534,0.0297,0.2862,0.1086,0.4147,0.2338,0.0913,0.0362,0.0303,0.0229,0.3467,0.1656,0.4855,0.2031
12763,-118.725,34.685,0.0687,0.0256,0.0538,0.0298,0.2923,0.111,0.4203,0.2348,0.0927,0.0368,0.0312,0.0233,0.3434,0.1641,0.5026,0.2115
12764,-118.715,34.685,0.0697,0.0258,0.0541,0.03,0.2983,0.1134,0.4254,0.2349,0.0943,0.0376,0.0321,0.0238,0.3399,0.1626,0.521,0.2207
12765,-118.705,34.685,0.0707,0.026,0.0545,0.0301,0.3038,0.1153,0.429,0.2324,0.096,0.0384,0.0331,0.0243,0.3361,0.1607,0.5409,0.2306
12766,-118.695,34.685,0.0717,0.0262,0.0548,0.0303,0.3066,0.1161,0.4286,0.2264,0.0979,0.0393,0.034,0.0247,0.3294,0.1572,0.5606,0.2394
12767,-118.685,34.685,0.0728,0.0264,0.0551,0.0304,0.3068,0.1156,0.4241,0.217,0.0997,0.0402,0.0346,0.0248,0.3198,0.1519,0.5754,0.2423
12768,-118.675,34.685,0.0723,0.026,0.0484,0.0258,0.2849,0.1029,0.3912,0.1865,0.0997,0.0401,0.0322,0.0222,0.2905,0.1324,0.5756,0.2334
12769,-118.665,34.685,0.0562,0.0187,0.0408,0.0207,0.2581,0.088,0.3517,0.1529,0.0787,0.0294,0.0293,0.0192,0.257,0.1106,0.5243,0.1937
12770,-118.655,34.685,0.0455,0.0141,0.036,0.0177,0.2292,0.0747,0.3084,0.1244,0.0643,0.0227,0.0264,0.0165,0.2229,0.0919,0.499,0.1771
12771,-118.645,34.685,0.0462,0.0143,0.0337,0.0162,0.2169,0.0688,0.2872,0.1086,0.0655,0.0232,0.0257,0.0154,0.2052,0.0824,0.505,0.1775
12772,-118.635,34.685,0.047,0.0144,0.0341,0.0164,0.2213,0.0702,0.288,0.1055,0.0669,0.0238,0.0269,0.016,0.204,0.0822,0.5353,0.1899
12773,-118.625,34.685,0.048,0.0146,0.0344,0.0166,0.2259,0.0717,0.2885,0.1025,0.0683,0.0244,0.0284,0.0165,0.2032,0.082,0.5694,0.204
12774,-118.615,34.685,0.0491,0.0149,0.0348,0.0168,0.2307,0.0735,0.289,0.0997,0.0698,0.0251,0.0299,0.0171,0.2025,0.082,0.6086,0.2206
12775,-118.605,34.685,0.0503,0.0152,0.0353,0.017,0.2357,0.0756,0.2894,0.0975,0.0715,0.0258,0.0316,0.0178,0.2024,0.0823,0.6525,0.2394
12776,-118.595,34.685,0.0517,0.0155,0.0359,0.0173,0.2418,0.0783,0.2905,0.096,0.0733,0.0266,0.0335,0.0185,0.2034,0.0831,0.7022,0.2611
12777,-118.585,34.685,0.0535,0.016,0.0366,0.0177,0.2487,0.0817,0.2924,0.0952,0.0756,0.0276,0.0356,0.0193,0.2054,0.0844,0.7593,0.2867
12778,-118.575,34.685,0.0565,0.0169,0.037,0.0179,0.2535,0.0846,0.2911,0.0938,0.0794,0.0293,0.0375,0.0199,0.2057,0.0848,0.8199,0.3142
12779,-118.565,34.685,0.0558,0.0165,0.0372,0.018,0.2564,0.087,0.2875,0.0919,0.078,0.0286,0.0392,0.0203,0.2046,0.0845,0.869,0.3355
12780,-118.555,34.685,0.0554,0.0161,0.0367,0.0176,0.253,0.0872,0.2767,0.0879,0.0768,0.028,0.04,0.02,0.1987,0.0816,0.9141,0.3546
12781,-118.545,34.685,0.0555,0.016,0.0364,0.0174,0.2509,0.0884,0.2675,0.0851,0.0763,0.0277,0.0409,0.0198,0.1941,0.0794,0.9617,0.3749
12782,-118.535,34.685,0.0559,0.0159,0.0362,0.0172,0.2501,0.0906,0.2598,0.0833,0.0761,0.0275,0.0421,0.0197,0.1906,0.0779,1.012,0.3969
12783,-118.525,34.685,0.0565,0.016,0.0361,0.0172,0.2498,0.0938,0.2531,0.0827,0.076,0.0274,0.0434,0.0196,0.1879,0.0767,1.0573,0.4168
12784,-118.515,34.685,0.0572,0.016,0.0363,0.0172,0.2496,0.0975,0.2469,0.0825,0.0759,0.0273,0.0448,0.0195,0.1854,0.0756,1.0984,0.4355
12785,-118.505,34.685,0.0587,0.0163,0.0378,0.0181,0.2494,0.1021,0.2416,0.0833,0.0766,0.0276,0.0461,0.0194,0.1834,0.0748,1.1401,0.4558
12786,-118.495,34.685,0.0615,0.0172,0.0388,0.0187,0.2515,0.109,0.2394,0.086,0.079,0.0287,0.048,0.0195,0.1834,0.0751,1.2063,0.4905
12787,-118.485,34.685,0.0639,0.0177,0.0394,0.019,0.2559,0.118,0.2404,0.0905,0.0804,0.0292,0.0503,0.0198,0.1853,0.0763,1.2498,0.5121
12788,-118.475,34.685,0.0694,0.0194,0.0383,0.0183,0.3036,0.1652,0.2842,0.1235,0.0855,0.0315,0.0636,0.0254,0.2202,0.0982,1.2758,0.5291
12789,-118.465,34.685,0.0863,0.0254,0.0377,0.018,0.3399,0.2045,0.3181,0.1507,0.1031,0.0404,0.0742,0.0298,0.2469,0.115,1.2777,0.5364
12790,-118.455,34.685,0.0678,0.0184,0.0415,0.0203,0.2781,0.1664,0.2605,0.1208,0.0799,0.0288,0.0602,0.0222,0.2005,0.087,1.2316,0.5112
12791,-118.445,34.685,0.0667,0.0177,0.0425,0.0209,0.2473,0.1554,0.2334,0.1097,0.0769,0.0273,0.0538,0.0184,0.1774,0.0732,1.1931,0.4876
12792,-118.435,34.685,0.0681,0.0179,0.0408,0.0198,0.2475,0.1716,0.2367,0.1176,0.0773,0.0275,0.0549,0.0183,0.1776,0.0735,1.1703,0.4759
12793,-118.425,34.685,0.0689,0.0177,0.0394,0.0189,0.2462,0.1683,0.239,0.1173,0.0779,0.0277,0.0553,0.0184,0.1759,0.0729,1.1562,0.4713
12794,-118.415,34.685,0.0691,0.0174,0.0382,0.0181,0.245,0.1608,0.241,0.1149,0.0784,0.0279,0.0556,0.0186,0.174,0.0722,1.1371,0.4625
12795,-118.405,34.685,0.0691,0.0169,0.0376,0.0177,0.2459,0.1512,0.2432,0.1101,0.0789,0.0281,0.0561,0.0194,0.1733,0.0721,1.1185,0.4543
12796,-118.395,34.685,0.0691,0.0165,0.0398,0.0191,0.2621,0.1552,0.2587,0.1145,0.0795,0.0283,0.0606,0.0221,0.1836,0.0785,1.1353,0.4692
12797,-118.385,34.685,0.0841,0.0207,0.0449,0.0222,0.2936,0.1725,0.2873,0.1282,0.097,0.0366,0.0688,0.0269,0.2049,0.0914,1.1844,0.5282
12798,-118.375,34.685,0.1188,0.0314,0.0501,0.0255,0.3342,0.2012,0.3205,0.1507,0.1358,0.0571,0.0811,0.0347,0.2341,0.1113,1.2555,0.6449
12799,-118.365,34.685,0.1201,0.0311,0.0552,0.0289,0.3697,0.2262,0.3474,0.1706,0.1381,0.0584,0.092,0.0419,0.2599,0.1292,1.2404,0.6683
12800,-118.355,34.685,0.124,0.0316,0.0604,0.0321,0.3715,0.2216,0.3391,0.1683,0.1433,0.0614,0.0926,0.0441,0.261,0.1308,1.2327,0.6824
12801,-118.345,34.685,0.1245,0.031,0.0623,0.0334,0.3689,0.2136,0.3273,0.1635,0.1448,0.0623,0.0913,0.0453,0.259,0.1299,1.2232,0.6845
12802,-118.335,34.685,0.1238,0.0299,0.0611,0.0325,0.3618,0.2023,0.3121,0.1562,0.1449,0.0623,0.0882,0.0455,0.2538,0.1265,1.2075,0.6755
12803,-118.325,34.685,0.125,0.0295,0.0623,0.0333,0.3575,0.1949,0.301,0.1518,0.1471,0.0636,0.0855,0.0462,0.251,0.125,1.1915,0.6735
12804,-118.315,34.685,0.1252,0.0288,0.0636,0.0341,0.3534,0.1881,0.2906,0.148,0.1481,0.0642,0.0827,0.0469,0.2484,0.1238,1.1755,0.6637
12805,-118.305,34.685,0.1253,0.0281,0.0631,0.0338,0.3478,0.1809,0.2802,0.1435,0.1489,0.0646,0.0792,0.0471,0.2448,0.1216,1.1587,0.6505
12806,-118.295,34.685,0.1256,0.0274,0.0627,0.0335,0.3426,0.1744,0.2706,0.1396,0.1499,0.0652,0.0778,0.048,0.2415,0.1197,1.14,0.636
12807,-118.285,34.685,0.1259,0.0267,0.0625,0.0333,0.3377,0.1687,0.262,0.1362,0.1508,0.0658,0.0785,0.0495,0.2386,0.1182,1.1173,0.6222
12808,-118.275,34.685,0.1263,0.0261,0.0623,0.0332,0.3347,0.165,0.2557,0.1341,0.1518,0.0664,0.0796,0.0516,0.2372,0.1178,1.0948,0.6117
12809,-118.265,34.685,0.1273,0.0257,0.0629,0.0336,0.3321,0.1618,0.2502,0.1324,0.1535,0.0674,0.0808,0.0537,0.2363,0.1178,1.0739,0.6097
12810,-118.255,34.685,0.1312,0.026,0.0667,0.0362,0.3303,0.1596,0.2459,0.1312,0.1587,0.0706,0.0816,0.0557,0.2359,0.1181,1.0538,0.616
12811,-118.245,34.685,0.1425,0.0282,0.0691,0.0379,0.3366,0.1639,0.2487,0.1355,0.1726,0.0792,0.085,0.0602,0.2421,0.1235,1.0329,0.6282
12812,-118.235,34.685,0.1504,0.0295,0.0702,0.0387,0.351,0.1749,0.2585,0.1452,0.1825,0.0853,0.091,0.0673,0.2547,0.134,1.0151,0.6306
12813,-118.225,34.685,0.1516,0.0289,0.0712,0.0393,0.3494,0.1731,0.2553,0.1435,0.1845,0.0863,0.0909,0.0686,0.2544,0.1343,0.9998,0.6265
12814,-118.215,34.685,0.1529,0.0281,0.0719,0.0398,0.3445,0.1687,0.2496,0.1395,0.1857,0.0869,0.0895,0.0685,0.2514,0.1325,0.9862,0.6182
12815,-118.205,34.685,0.1545,0.0274,0.0717,0.0397,0.3398,0.1647,0.2449,0.1356,0.1869,0.0874,0.0872,0.0675,0.2484,0.1308,0.9733,0.6087
12816,-118.195,34.685,0.1567,0.0267,0.0714,0.0395,0.3351,0.1609,0.241,0.1321,0.1877,0.0877,0.0859,0.0669,0.2454,0.129,0.9608,0.5987
12817,-118.185,34.685,0.1593,0.0259,0.071,0.0391,0.3305,0.1572,0.2377,0.129,0.1885,0.0879,0.0855,0.0667,0.2423,0.1272,0.9486,0.5878
12818,-118.175,34.685,0.1629,0.0253,0.0708,0.039,0.3269,0.1544,0.2362,0.1271,0.1896,0.0883,0.0863,0.0668,0.2398,0.1258,0.9365,0.5766
12819,-118.165,34.685,0.1667,0.0247,0.0706,0.0389,0.3234,0.1517,0.235,0.1254,0.1904,0.0884,0.0874,0.067,0.2374,0.1244,0.9243,0.5652
12820,-118.155,34.685,0.1676,0.0244,0.0702,0.0386,0.32,0.1492,0.2344,0.1241,0.191,0.0886,0.0892,0.0671,0.2348,0.1229,0.9121,0.5549
12821,-118.145,34.685,0.1635,0.0253,0.0699,0.0384,0.3172,0.1471,0.2346,0.1237,0.1922,0.0893,0.0918,0.0675,0.2325,0.1217,0.8997,0.5462
12822,-118.135,34.685,0.1582,0.0264,0.0697,0.0382,0.3151,0.1456,0.2358,0.1243,0.1936,0.0901,0.0952,0.0681,0.2305,0.1206,0.8873,0.5383
12823,-118.125,34.685,0.1535,0.0273,0.0696,0.0382,0.3137,0.1445,0.238,0.126,0.1951,0.091,0.098,0.0678,0.2288,0.1199,0.8751,0.5308
12824,-118.115,34.685,0.1492,0.0281,0.0696,0.0383,0.3126,0.1437,0.2402,0.1278,0.1965,0.0918,0.1005,0.0671,0.2272,0.1191,0.8631,0.5236
12825,-118.105,34.685,0.1452,0.0287,0.0697,0.0383,0.3115,0.1429,0.2416,0.1289,0.1977,0.0925,0.1016,0.0652,0.2257,0.1185,0.8515,0.517
12826,-118.095,34.685,0.1422,0.0295,0.0698,0.0384,0.3112,0.1428,0.2432,0.1303,0.1998,0.0938,0.1037,0.0639,0.2249,0.1183,0.8403,0.5114
12827,-118.085,34.685,0.1401,0.0304,0.0702,0.0387,0.3118,0.1433,0.2452,0.1319,0.2023,0.0955,0.1068,0.0631,0.2247,0.1187,0.8296,0.5065
12828,-118.075,34.685,0.1377,0.031,0.0702,0.0388,0.3106,0.1427,0.2455,0.1321,0.2042,0.0966,0.1086,0.0617,0.2234,0.1182,0.8193,0.5007
12829,-118.065,34.685,0.1344,0.0313,0.0702,0.0388,0.309,0.1417,0.2453,0.132,0.2044,0.0966,0.11,0.0601,0.2217,0.1174,0.8092,0.4928
12830,-118.055,34.685,0.1315,0.0316,0.0701,0.0387,0.3069,0.1404,0.2447,0.1316,0.2048,0.0967,0.1104,0.0583,0.2198,0.1165,0.7994,0.4851
12831,-118.045,34.685,0.1291,0.0319,0.07,0.0387,0.3048,0.1392,0.2439,0.1311,0.2055,0.0971,0.1107,0.0565,0.218,0.1156,0.7898,0.4777
12832,-118.035,34.685,0.1269,0.0322,0.0699,0.0386,0.3028,0.138,0.2432,0.1307,0.206,0.0974,0.1109,0.0549,0.2163,0.1149,0.7804,0.4706
12833,-118.025,34.685,0.1248,0.0325,0.0698,0.0386,0.3007,0.1369,0.2423,0.1301,0.2067,0.0977,0.1113,0.0533,0.2147,0.1142,0.7713,0.4641
12834,-118.015,34.685,0.1228,0.0327,0.0697,0.0386,0.2984,0.1357,0.2412,0.1295,0.207,0.0979,0.1117,0.0518,0.213,0.1134,0.7622,0.4573
12835,-118.005,34.685,0.1207,0.0328,0.0694,0.0385,0.2955,0.1341,0.2395,0.1284,0.207,0.0978,0.112,0.0502,0.211,0.1125,0.753,0.4503
12836,-117.995,34.685,0.1186,0.0329,0.0692,0.0383,0.2926,0.1325,0.2377,0.1272,0.2068,0.0976,0.1122,0.0487,0.2091,0.1115,0.7438,0.4431
12837,-117.985,34.685,0.1167,0.033,0.0689,0.0382,0.2897,0.1309,0.2358,0.1261,0.2065,0.0974,0.1125,0.0472,0.2073,0.1106,0.7347,0.4361
12838,-117.975,34.685,0.1149,0.033,0.0687,0.0381,0.2869,0.1294,0.2339,0.125,0.2062,0.0972,0.1121,0.0458,0.2056,0.1098,0.7256,0.4293
12839,-117.965,34.685,0.1136,0.0332,0.0681,0.0377,0.2828,0.1271,0.2308,0.123,0.2067,0.0975,0.1106,0.0443,0.203,0.1084,0.7155,0.4198
12840,-117.955,34.685,0.1101,0.0325,0.0657,0.0361,0.2726,0.1207,0.2222,0.1169,0.2037,0.0956,0.1043,0.0415,0.1958,0.1034,0.7025,0.4045
12841,-117.945,34.685,0.1,0.0291,0.0624,0.0339,0.2598,0.1129,0.2113,0.1093,0.1892,0.0862,0.0969,0.0383,0.1867,0.0971,0.6793,0.3734
12842,-117.935,34.685,0.0936,0.0272,0.0581,0.031,0.2444,0.1036,0.1982,0.1003,0.1805,0.0807,0.0885,0.0346,0.1756,0.0894,0.6591,0.3505
12843,-117.925,34.685,0.0922,0.0271,0.0572,0.0304,0.2389,0.1007,0.1936,0.0974,0.1801,0.0805,0.0845,0.0332,0.1721,0.0873,0.6446,0.3364
12844,-117.915,34.685,0.0914,0.0272,0.0571,0.0304,0.2356,0.0992,0.1908,0.0959,0.1802,0.0807,0.0815,0.0322,0.1703,0.0864,0.6352,0.3295
12845,-117.905,34.685,0.0905,0.0273,0.0569,0.0303,0.2331,0.0981,0.1886,0.0948,0.1803,0.0808,0.0789,0.0313,0.169,0.0859,0.6267,0.3238
12846,-117.895,34.685,0.0898,0.0274,0.0568,0.0303,0.2306,0.0971,0.1863,0.0937,0.1802,0.0809,0.0763,0.0304,0.1678,0.0855,0.6183,0.3181
12847,-117.885,34.685,0.0891,0.0274,0.0566,0.0302,0.2281,0.0961,0.184,0.0926,0.1801,0.0809,0.0736,0.0295,0.1666,0.085,0.61,0.3124
12848,-117.875,34.685,0.0884,0.0275,0.0564,0.0302,0.2256,0.0951,0.1817,0.0915,0.1798,0.0808,0.0709,0.0285,0.1655,0.0846,0.6016,0.3067
12849,-117.865,34.685,0.0877,0.0276,0.0563,0.0301,0.2231,0.0941,0.1794,0.0903,0.1794,0.0806,0.0682,0.0276,0.1643,0.0841,0.5932,0.3008
12850,-117.855,34.685,0.087,0.0277,0.0561,0.0301,0.2207,0.0932,0.1771,0.0893,0.1789,0.0803,0.0655,0.0266,0.1632,0.0837,0.5847,0.2946
12851,-117.845,34.685,0.0864,0.0277,0.0559,0.03,0.2156,0.0909,0.1727,0.087,0.1782,0.08,0.062,0.0252,0.1599,0.082,0.5736,0.2858
12852,-117.835,34.685,0.0858,0.0278,0.0557,0.03,0.2078,0.0872,0.1663,0.0833,0.1773,0.0795,0.0577,0.0234,0.1545,0.079,0.5491,0.266
12853,-117.825,34.685,0.0796,0.0256,0.0489,0.0256,0.2042,0.0858,0.1637,0.082,0.1656,0.0729,0.0568,0.0231,0.1524,0.078,0.5038,0.2299
12854,-117.815,34.685,0.079,0.0256,0.041,0.0206,0.1937,0.0807,0.1555,0.0773,0.1652,0.0729,0.0546,0.022,0.1451,0.0737,0.4878,0.2189
12855,-117.805,34.685,0.0671,0.0211,0.0351,0.017,0.1451,0.0559,0.1166,0.0537,0.1419,0.0604,0.0427,0.016,0.1089,0.0512,0.4233,0.1811
12856,-117.795,34.685,0.0463,0.0133,0.0316,0.0149,0.1191,0.0428,0.0961,0.0415,0.0998,0.0381,0.0374,0.0131,0.0896,0.0395,0.3655,0.1487
12857,-117.785,34.685,0.0454,0.0131,0.0306,0.0143,0.1157,0.0415,0.0941,0.0405,0.0982,0.0375,0.0385,0.0134,0.0874,0.0384,0.3445,0.1391
12858,-117.775,34.685,0.0451,0.0131,0.0308,0.0145,0.1141,0.041,0.0936,0.0403,0.0979,0.0374,0.0402,0.014,0.0865,0.0381,0.3451,0.1405
12859,-117.765,34.685,0.0448,0.0131,0.0326,0.0156,0.1197,0.0441,0.0992,0.0438,0.0974,0.0373,0.0448,0.0159,0.0912,0.0412,0.3471,0.1423
12860,-117.755,34.685,0.0541,0.0169,0.0405,0.0206,0.1586,0.0639,0.1329,0.064,0.1173,0.0479,0.0631,0.0244,0.1215,0.0599,0.3693,0.1553
12861,-117.745,34.685,0.056,0.0177,0.0399,0.0203,0.1582,0.0639,0.1334,0.0644,0.1214,0.05,0.0652,0.0252,0.1216,0.0601,0.3945,0.17
12862,-117.735,34.685,0.0447,0.0133,0.031,0.0148,0.1185,0.0443,0.1005,0.0449,0.0974,0.0376,0.051,0.0183,0.0914,0.0418,0.3381,0.1398
12863,-117.725,34.685,0.0436,0.0131,0.0293,0.0138,0.1096,0.0401,0.0936,0.0409,0.0951,0.0366,0.0493,0.0174,0.0848,0.038,0.3238,0.1327
12864,-117.715,34.685,0.0444,0.0134,0.0295,0.0139,0.108,0.0396,0.0928,0.0406,0.0966,0.0374,0.0506,0.0179,0.0838,0.0375,0.3296,0.1365
12865,-117.705,34.685,0.0474,0.0147,0.0307,0.0147,0.111,0.0412,0.096,0.0426,0.1032,0.0408,0.0542,0.0195,0.0865,0.0392,0.3381,0.1415
12866,-117.695,34.685,0.0442,0.0136,0.0318,0.0154,0.1109,0.0414,0.0965,0.043,0.096,0.0374,0.0561,0.0203,0.0866,0.0395,0.3239,0.1343
12867,-117.685,34.685,0.0442,0.0137,0.0328,0.0161,0.1075,0.0401,0.0941,0.0419,0.0958,0.0374,0.0564,0.0204,0.0843,0.0384,0.3282,0.1371
12868,-117.675,34.685,0.0451,0.0141,0.035,0.0176,0.1089,0.0411,0.0958,0.0432,0.0976,0.0383,0.0591,0.0217,0.0857,0.0395,0.3386,0.1433
12869,-117.665,34.685,0.0465,0.0149,0.0362,0.0185,0.1101,0.042,0.0973,0.0443,0.1004,0.0401,0.0617,0.023,0.087,0.0405,0.3434,0.1464
12870,-117.655,34.685,0.0438,0.0138,0.0316,0.0156,0.1056,0.04,0.0936,0.0424,0.0943,0.037,0.0609,0.0226,0.0836,0.0386,0.3316,0.1403
12871,-118.945,34.695,0.0306,0.0114,0.0281,0.0144,0.1171,0.0383,0.1794,0.0779,0.0514,0.0191,0.0163,0.0117,0.2886,0.1124,0.2176,0.0814
12872,-118.935,34.695,0.0311,0.0115,0.0287,0.0147,0.1195,0.039,0.1831,0.0797,0.0516,0.0191,0.0164,0.0118,0.2873,0.1121,0.2244,0.0838
12873,-118.925,34.695,0.0322,0.0119,0.0299,0.0154,0.1222,0.0398,0.1871,0.0819,0.0529,0.0196,0.0166,0.0118,0.2862,0.1119,0.2331,0.0872
12874,-118.915,34.695,0.0319,0.0117,0.0307,0.0159,0.1246,0.0405,0.1907,0.0838,0.0518,0.019,0.0166,0.0119,0.2842,0.1113,0.2331,0.0862
12875,-118.905,34.695,0.032,0.0116,0.0292,0.0149,0.125,0.0403,0.1912,0.0841,0.0513,0.0186,0.0164,0.0117,0.2776,0.1083,0.2301,0.0838
12876,-118.895,34.695,0.0323,0.0117,0.0285,0.0143,0.1263,0.0406,0.193,0.0851,0.0511,0.0185,0.0163,0.0116,0.2726,0.1062,0.2282,0.0819
12877,-118.885,34.695,0.0327,0.0117,0.0285,0.0143,0.1284,0.0411,0.1961,0.0868,0.051,0.0183,0.0163,0.0116,0.2695,0.105,0.2299,0.0818
12878,-118.875,34.695,0.0331,0.0118,0.0302,0.0153,0.1328,0.0426,0.2026,0.0906,0.0509,0.0182,0.0166,0.0118,0.2704,0.1059,0.2372,0.0841
12879,-118.865,34.695,0.0355,0.0128,0.0335,0.0175,0.1448,0.0476,0.2201,0.1018,0.0538,0.0194,0.0179,0.0129,0.284,0.1147,0.2677,0.0982
12880,-118.855,34.695,0.0475,0.0184,0.0432,0.0239,0.1917,0.0687,0.2883,0.1477,0.0703,0.0273,0.0237,0.0184,0.3548,0.1596,0.3142,0.1223
12881,-118.845,34.695,0.0577,0.0231,0.0486,0.0274,0.2198,0.0813,0.3286,0.1757,0.0837,0.0337,0.027,0.0215,0.3914,0.1837,0.3642,0.15
12882,-118.835,34.695,0.059,0.0236,0.0496,0.0281,0.229,0.0855,0.3412,0.1857,0.0842,0.0338,0.0277,0.0221,0.394,0.1871,0.3789,0.1582
12883,-118.825,34.695,0.0598,0.0238,0.0502,0.0284,0.2343,0.0876,0.3484,0.1917,0.0842,0.0337,0.0279,0.0222,0.3908,0.1861,0.3873,0.1617
12884,-118.815,34.695,0.0605,0.0239,0.0507,0.0287,0.239,0.0894,0.3547,0.1971,0.0841,0.0335,0.0279,0.0221,0.3867,0.1843,0.3941,0.1638
12885,-118.805,34.695,0.0614,0.0241,0.0509,0.0287,0.2448,0.0918,0.3622,0.2037,0.0844,0.0335,0.0281,0.0221,0.3837,0.1835,0.4017,0.1664
12886,-118.795,34.695,0.0636,0.025,0.0512,0.0288,0.2496,0.0937,0.3685,0.2093,0.0867,0.0346,0.0283,0.0221,0.3795,0.1816,0.4126,0.1715
12887,-118.785,34.695,0.0634,0.0247,0.0514,0.0289,0.2537,0.0951,0.3735,0.2139,0.086,0.0341,0.0283,0.0218,0.3742,0.1788,0.4218,0.1748
12888,-118.775,34.695,0.0635,0.0245,0.0516,0.0289,0.2577,0.0966,0.3783,0.2182,0.086,0.034,0.0284,0.0217,0.3689,0.176,0.4321,0.1788
12889,-118.765,34.695,0.0643,0.0247,0.0518,0.0289,0.262,0.0981,0.3833,0.2226,0.087,0.0344,0.0286,0.0215,0.3639,0.1734,0.444,0.1839
12890,-118.755,34.695,0.0652,0.0248,0.0521,0.0291,0.2674,0.1003,0.3892,0.2275,0.0881,0.0349,0.029,0.0216,0.3601,0.1717,0.4578,0.1902
12891,-118.745,34.695,0.0661,0.025,0.0524,0.0292,0.2729,0.1025,0.395,0.2317,0.0894,0.0355,0.0296,0.0218,0.3565,0.1701,0.473,0.1975
12892,-118.735,34.695,0.067,0.0252,0.0527,0.0294,0.2784,0.1047,0.4005,0.2351,0.0908,0.0362,0.0303,0.0221,0.3529,0.1685,0.4894,0.2054
12893,-118.725,34.695,0.0679,0.0254,0.053,0.0294,0.2842,0.1071,0.4055,0.2364,0.0923,0.0369,0.0311,0.0225,0.3494,0.167,0.5059,0.213
12894,-118.715,34.695,0.0689,0.0256,0.0528,0.0293,0.2891,0.109,0.409,0.2358,0.094,0.0377,0.032,0.0229,0.3451,0.1649,0.521,0.2189
12895,-118.705,34.695,0.0693,0.0255,0.051,0.028,0.2899,0.1085,0.4065,0.2279,0.095,0.0382,0.0324,0.023,0.3367,0.1595,0.5267,0.2166
12896,-118.695,34.695,0.0667,0.0241,0.0501,0.0273,0.2723,0.0996,0.379,0.2026,0.0921,0.0366,0.0307,0.0212,0.3083,0.1423,0.5248,0.211
12897,-118.685,34.695,0.0614,0.0217,0.0501,0.0272,0.2363,0.0822,0.3264,0.1597,0.0853,0.0334,0.0267,0.0177,0.26,0.1134,0.5208,0.2041
12898,-118.675,34.695,0.0565,0.0193,0.046,0.0244,0.2248,0.0756,0.3072,0.1409,0.0794,0.0303,0.0257,0.0165,0.2413,0.1018,0.5155,0.1957
12899,-118.665,34.695,0.0516,0.0169,0.041,0.021,0.2182,0.0714,0.2945,0.1274,0.073,0.0271,0.0254,0.0158,0.2286,0.094,0.5014,0.181
12900,-118.655,34.695,0.0451,0.0141,0.0358,0.0177,0.211,0.0678,0.2804,0.1157,0.0644,0.023,0.0252,0.0153,0.216,0.0874,0.4961,0.1752
12901,-118.645,34.695,0.0456,0.0142,0.0333,0.0161,0.2095,0.0667,0.2736,0.1083,0.0653,0.0233,0.0257,0.0153,0.2091,0.0839,0.5102,0.1797
12902,-118.635,34.695,0.0465,0.0143,0.0336,0.0163,0.2136,0.0682,0.2742,0.1052,0.0667,0.0239,0.027,0.0159,0.2078,0.0836,0.541,0.1922
12903,-118.625,34.695,0.0474,0.0145,0.034,0.0164,0.2179,0.0699,0.2745,0.1024,0.0681,0.0245,0.0284,0.0165,0.2069,0.0834,0.5756,0.2065
12904,-118.615,34.695,0.0485,0.0148,0.0344,0.0166,0.2223,0.0716,0.2748,0.0998,0.0695,0.0252,0.0299,0.0172,0.2061,0.0834,0.6154,0.2233
12905,-118.605,34.695,0.0496,0.015,0.0348,0.0169,0.227,0.0738,0.2749,0.0977,0.0711,0.0258,0.0315,0.0178,0.206,0.0836,0.6597,0.2424
12906,-118.595,34.695,0.0509,0.0154,0.0354,0.0172,0.232,0.0763,0.2753,0.096,0.0727,0.0265,0.0333,0.0185,0.2064,0.0841,0.7095,0.2641
12907,-118.585,34.695,0.0524,0.0157,0.036,0.0175,0.2374,0.0791,0.2758,0.0948,0.0745,0.0273,0.0352,0.0192,0.2074,0.0848,0.7657,0.2892
12908,-118.575,34.695,0.054,0.0161,0.0364,0.0177,0.2409,0.0816,0.2737,0.0932,0.0763,0.0281,0.0369,0.0197,0.2068,0.0848,0.8256,0.3163
12909,-118.565,34.695,0.0544,0.0161,0.0368,0.0179,0.2433,0.0838,0.2703,0.0913,0.0764,0.0281,0.0384,0.0201,0.2054,0.0843,0.8892,0.3453
12910,-118.555,34.695,0.0545,0.016,0.0377,0.0185,0.2421,0.085,0.2627,0.0884,0.076,0.0279,0.0395,0.0201,0.2012,0.0824,0.9525,0.3743
12911,-118.545,34.695,0.0548,0.0159,0.0375,0.0183,0.2412,0.0866,0.2558,0.0862,0.0757,0.0277,0.0406,0.02,0.1975,0.0807,1.0111,0.4006
12912,-118.535,34.695,0.0553,0.0159,0.036,0.0173,0.2406,0.0887,0.2494,0.0846,0.0756,0.0276,0.0418,0.02,0.1944,0.0793,1.0491,0.4153
12913,-118.525,34.695,0.0559,0.0159,0.0357,0.0171,0.2403,0.0917,0.2438,0.084,0.0755,0.0275,0.043,0.02,0.1917,0.0782,1.0941,0.4343
12914,-118.515,34.695,0.0566,0.016,0.036,0.0172,0.24,0.095,0.2385,0.0838,0.0755,0.0274,0.0443,0.0199,0.1893,0.0772,1.1398,0.4546
12915,-118.505,34.695,0.0592,0.0167,0.0381,0.0184,0.2399,0.0992,0.2343,0.0846,0.0777,0.0284,0.0456,0.0198,0.1874,0.0764,1.1828,0.4751
12916,-118.495,34.695,0.0657,0.0188,0.0395,0.0192,0.2402,0.1044,0.2313,0.0863,0.0846,0.0316,0.047,0.0197,0.1862,0.0761,1.2226,0.4981
12917,-118.485,34.695,0.066,0.0186,0.0402,0.0197,0.2412,0.1105,0.2297,0.0889,0.0834,0.0309,0.0486,0.0196,0.1858,0.0761,1.2383,0.5073
12918,-118.475,34.695,0.0683,0.0192,0.0384,0.0186,0.2565,0.1299,0.2433,0.1018,0.0847,0.0314,0.0538,0.0213,0.1968,0.0832,1.2327,0.5077
12919,-118.465,34.695,0.0628,0.017,0.0366,0.0174,0.268,0.1467,0.2539,0.1131,0.0764,0.0275,0.0581,0.0226,0.2051,0.0887,1.2044,0.4971
12920,-118.455,34.695,0.0642,0.0172,0.0368,0.0175,0.2467,0.1379,0.235,0.1057,0.0764,0.0274,0.0542,0.0198,0.1895,0.0795,1.147,0.4641
12921,-118.445,34.695,0.0659,0.0176,0.0385,0.0186,0.2382,0.1392,0.2295,0.1062,0.077,0.0276,0.0534,0.0186,0.184,0.0762,1.1358,0.4601
12922,-118.435,34.695,0.0688,0.0182,0.0419,0.0207,0.2427,0.1507,0.2372,0.1145,0.0793,0.0286,0.0558,0.0189,0.1886,0.079,1.1406,0.4685
12923,-118.425,34.695,0.0694,0.018,0.0416,0.0205,0.2409,0.1495,0.2364,0.1133,0.0794,0.0286,0.0559,0.0188,0.1858,0.0777,1.1444,0.477
12924,-118.415,34.695,0.0699,0.0178,0.041,0.02,0.2414,0.1477,0.2369,0.1118,0.0799,0.0287,0.0563,0.0191,0.184,0.0772,1.125,0.4684
12925,-118.405,34.695,0.0728,0.0183,0.042,0.0207,0.2587,0.1557,0.2523,0.1177,0.0833,0.0303,0.0609,0.022,0.1952,0.084,1.1343,0.4862
12926,-118.395,34.695,0.082,0.021,0.0458,0.0232,0.2886,0.1757,0.2791,0.1328,0.0936,0.0356,0.0696,0.0273,0.2165,0.0983,1.1592,0.528
12927,-118.385,34.695,0.1011,0.0266,0.0525,0.0273,0.3313,0.2077,0.3172,0.1569,0.1152,0.0464,0.0825,0.0351,0.2481,0.12,1.1922,0.5943
12928,-118.375,34.695,0.1165,0.0311,0.0582,0.0309,0.3473,0.2146,0.3261,0.1621,0.1328,0.0558,0.0871,0.0389,0.2583,0.1272,1.2238,0.6805
12929,-118.365,34.695,0.118,0.0308,0.0628,0.034,0.3566,0.2157,0.3277,0.1629,0.1355,0.0573,0.0896,0.0419,0.2635,0.131,1.2025,0.6873
12930,-118.355,34.695,0.1221,0.0315,0.0642,0.0349,0.3599,0.2132,0.3226,0.1617,0.1409,0.0604,0.0905,0.0443,0.2654,0.1332,1.1831,0.6854
12931,-118.345,34.695,0.1235,0.0311,0.0646,0.0352,0.3589,0.2074,0.314,0.158,0.1433,0.0618,0.0897,0.0458,0.2642,0.133,1.1658,0.6762
12932,-118.335,34.695,0.1237,0.0304,0.0641,0.0348,0.3537,0.1981,0.3019,0.1519,0.1445,0.0625,0.0872,0.0464,0.2599,0.1303,1.1506,0.6616
12933,-118.325,34.695,0.1238,0.0297,0.0636,0.0344,0.3489,0.1904,0.2915,0.1472,0.1456,0.0632,0.0845,0.0469,0.2564,0.1282,1.1357,0.6477
12934,-118.315,34.695,0.124,0.029,0.0631,0.0341,0.3441,0.1832,0.2816,0.1429,0.1467,0.0638,0.0818,0.0475,0.2529,0.1263,1.1208,0.6332
12935,-118.305,34.695,0.1241,0.0282,0.0626,0.0337,0.3388,0.1764,0.2721,0.1387,0.1476,0.0643,0.0793,0.048,0.2492,0.1241,1.105,0.6193
12936,-118.295,34.695,0.1243,0.0276,0.0627,0.0337,0.3339,0.1703,0.2634,0.135,0.1486,0.0649,0.0782,0.049,0.2459,0.1222,1.0876,0.6071
12937,-118.285,34.695,0.1248,0.027,0.0632,0.0341,0.3293,0.165,0.2555,0.1318,0.1497,0.0657,0.0785,0.0504,0.243,0.1206,1.0674,0.6003
12938,-118.275,34.695,0.126,0.0266,0.0636,0.0344,0.3364,0.1696,0.258,0.1367,0.1519,0.067,0.0834,0.0557,0.2498,0.1267,1.0472,0.6013
12939,-118.265,34.695,0.1352,0.0285,0.0649,0.0353,0.3442,0.1749,0.2614,0.1422,0.1627,0.0739,0.0884,0.0612,0.2573,0.1333,1.027,0.6087
12940,-118.255,34.695,0.1455,0.0305,0.0701,0.0389,0.344,0.1738,0.2582,0.1421,0.1752,0.0817,0.0902,0.0641,0.2581,0.1347,1.0073,0.619
12941,-118.245,34.695,0.1504,0.0311,0.0728,0.0408,0.3451,0.1739,0.2564,0.1427,0.182,0.0859,0.0921,0.0672,0.26,0.1368,0.9887,0.6263
12942,-118.235,34.695,0.152,0.0306,0.0732,0.041,0.3474,0.175,0.2559,0.1442,0.1847,0.0875,0.0941,0.0703,0.2628,0.1396,0.9733,0.6224
12943,-118.225,34.695,0.1525,0.0297,0.0728,0.0407,0.3432,0.1711,0.2506,0.1408,0.1857,0.0879,0.0932,0.0706,0.2603,0.1382,0.9601,0.6135
12944,-118.215,34.695,0.1532,0.0288,0.0723,0.0403,0.3377,0.1662,0.2446,0.1366,0.1863,0.088,0.0916,0.0702,0.2568,0.136,0.9481,0.6022
12945,-118.205,34.695,0.1547,0.0281,0.0718,0.04,0.333,0.1622,0.2403,0.133,0.1871,0.0883,0.0899,0.0694,0.2538,0.1342,0.9364,0.5913
12946,-118.195,34.695,0.1566,0.0273,0.0714,0.0398,0.3285,0.1584,0.237,0.1298,0.1878,0.0885,0.0888,0.0688,0.2509,0.1326,0.9251,0.5801
12947,-118.185,34.695,0.159,0.0266,0.0711,0.0395,0.324,0.1548,0.2346,0.1271,0.1884,0.0886,0.0882,0.0684,0.2481,0.131,0.9139,0.5691
12948,-118.175,34.695,0.1621,0.0259,0.0708,0.0393,0.3199,0.1516,0.2333,0.1251,0.1892,0.0888,0.0885,0.0682,0.2454,0.1293,0.9027,0.5579
12949,-118.165,34.695,0.1652,0.0254,0.0705,0.0391,0.3158,0.1485,0.2322,0.1232,0.1899,0.0889,0.0891,0.0681,0.2426,0.1277,0.8916,0.5465
12950,-118.155,34.695,0.1653,0.0252,0.07,0.0388,0.3121,0.1457,0.2315,0.1216,0.1901,0.0888,0.0907,0.0682,0.2396,0.1259,0.8803,0.536
12951,-118.145,34.695,0.1613,0.0259,0.0696,0.0385,0.309,0.1433,0.2316,0.1209,0.1908,0.0892,0.093,0.0685,0.2369,0.1243,0.8689,0.5274
12952,-118.135,34.695,0.1559,0.0269,0.0692,0.0383,0.3064,0.1414,0.2325,0.121,0.1917,0.0897,0.0961,0.0691,0.2344,0.1229,0.8575,0.5198
12953,-118.125,34.695,0.1513,0.0276,0.0691,0.0382,0.3051,0.1404,0.235,0.1229,0.193,0.0905,0.0986,0.0686,0.2325,0.1219,0.8463,0.5125
12954,-118.115,34.695,0.1471,0.0282,0.0691,0.0382,0.3042,0.1397,0.2377,0.1251,0.1944,0.0913,0.1009,0.0678,0.2309,0.1212,0.8353,0.5061
12955,-118.105,34.695,0.1435,0.0289,0.0692,0.0383,0.304,0.1396,0.2397,0.1267,0.1961,0.0923,0.1025,0.0664,0.2298,0.1208,0.8247,0.5007
12956,-118.095,34.695,0.1405,0.0296,0.0693,0.0384,0.3038,0.1395,0.2412,0.1279,0.1981,0.0936,0.1049,0.0651,0.2286,0.1204,0.8144,0.4957
12957,-118.085,34.695,0.1375,0.0301,0.0695,0.0385,0.3034,0.1392,0.242,0.1286,0.1996,0.0945,0.1083,0.064,0.2274,0.1199,0.8042,0.4906
12958,-118.075,34.695,0.1348,0.0306,0.0695,0.0385,0.3026,0.1389,0.2424,0.129,0.2009,0.0953,0.1104,0.0626,0.226,0.1194,0.7945,0.4848
12959,-118.065,34.695,0.1321,0.031,0.0694,0.0385,0.3017,0.1383,0.2425,0.1292,0.2017,0.0957,0.1118,0.061,0.2246,0.1188,0.7853,0.4777
12960,-118.055,34.695,0.1294,0.0313,0.0692,0.0384,0.2999,0.1373,0.2418,0.1288,0.2021,0.0959,0.1118,0.0591,0.2227,0.1178,0.7763,0.4703
12961,-118.045,34.695,0.1269,0.0316,0.0691,0.0384,0.2981,0.1363,0.2412,0.1285,0.2025,0.0961,0.1119,0.0573,0.2209,0.117,0.7674,0.4631
12962,-118.035,34.695,0.1249,0.0319,0.0691,0.0384,0.2966,0.1354,0.2407,0.1282,0.2032,0.0964,0.112,0.0556,0.2193,0.1163,0.7587,0.4565
12963,-118.025,34.695,0.1229,0.0322,0.0691,0.0384,0.2948,0.1345,0.2399,0.1279,0.2039,0.0968,0.1124,0.0541,0.2177,0.1157,0.7502,0.4505
12964,-118.015,34.695,0.1212,0.0325,0.069,0.0384,0.2929,0.1335,0.239,0.1274,0.2045,0.0972,0.1128,0.0525,0.2161,0.115,0.7418,0.4443
12965,-118.005,34.695,0.1192,0.0326,0.0688,0.0383,0.2905,0.1322,0.2375,0.1266,0.2045,0.0971,0.1131,0.051,0.2142,0.1141,0.7332,0.4379
12966,-117.995,34.695,0.117,0.0326,0.0685,0.0381,0.2878,0.1307,0.2358,0.1256,0.204,0.0967,0.1133,0.0494,0.2123,0.1131,0.7245,0.4309
12967,-117.985,34.695,0.1151,0.0327,0.0681,0.0379,0.285,0.1292,0.2339,0.1245,0.2036,0.0964,0.1136,0.0478,0.2103,0.1121,0.7158,0.4242
12968,-117.975,34.695,0.1133,0.0327,0.0679,0.0378,0.2823,0.1278,0.232,0.1235,0.2032,0.0961,0.1131,0.0464,0.2086,0.1113,0.7073,0.4179
12969,-117.965,34.695,0.112,0.0329,0.0677,0.0377,0.2793,0.1262,0.2297,0.1222,0.2036,0.0963,0.112,0.0451,0.2066,0.1103,0.6988,0.4111
12970,-117.955,34.695,0.1108,0.033,0.0676,0.0377,0.2743,0.1233,0.2258,0.1196,0.2042,0.0968,0.1081,0.0436,0.2032,0.1083,0.6893,0.4019
12971,-117.945,34.695,0.1071,0.0322,0.0648,0.0358,0.2643,0.1172,0.2172,0.1137,0.2006,0.0945,0.1018,0.0409,0.1959,0.1032,0.6731,0.3811
12972,-117.935,34.695,0.0964,0.0285,0.0595,0.0322,0.2491,0.1078,0.204,0.1045,0.1847,0.0842,0.0931,0.037,0.1846,0.0953,0.6507,0.3537
12973,-117.925,34.695,0.0909,0.0269,0.0575,0.0308,0.2397,0.1023,0.196,0.0992,0.1771,0.0794,0.0873,0.0346,0.1778,0.0908,0.6318,0.3326
12974,-117.915,34.695,0.09,0.027,0.0564,0.0301,0.2325,0.0983,0.1899,0.0952,0.1772,0.0795,0.0826,0.0327,0.1728,0.0875,0.6185,0.3204
12975,-117.905,34.695,0.0892,0.027,0.0563,0.0301,0.2301,0.0973,0.1877,0.0943,0.1772,0.0796,0.08,0.0319,0.1715,0.087,0.6103,0.3148
12976,-117.895,34.695,0.0885,0.0271,0.0561,0.0301,0.2277,0.0963,0.1856,0.0933,0.177,0.0796,0.0774,0.031,0.1703,0.0866,0.6022,0.3093
12977,-117.885,34.695,0.0878,0.0272,0.056,0.03,0.2253,0.0954,0.1835,0.0923,0.1768,0.0795,0.0748,0.0301,0.169,0.0861,0.5941,0.3037
12978,-117.875,34.695,0.0871,0.0273,0.0558,0.03,0.2229,0.0945,0.1814,0.0913,0.1766,0.0794,0.0722,0.0292,0.1678,0.0856,0.5861,0.298
12979,-117.865,34.695,0.0864,0.0273,0.0556,0.0299,0.2206,0.0936,0.1792,0.0903,0.1761,0.0792,0.0696,0.0283,0.1666,0.0852,0.578,0.2923
12980,-117.855,34.695,0.0858,0.0274,0.0555,0.0299,0.2183,0.0927,0.1772,0.0894,0.1755,0.0789,0.0669,0.0273,0.1654,0.0847,0.5699,0.2864
12981,-117.845,34.695,0.0852,0.0274,0.0545,0.0293,0.1973,0.0821,0.1598,0.0791,0.1748,0.0785,0.0588,0.0237,0.1497,0.0753,0.5439,0.2649
12982,-117.835,34.695,0.0729,0.023,0.0527,0.0282,0.1578,0.0619,0.1272,0.0595,0.1507,0.0654,0.045,0.0172,0.1196,0.0568,0.4928,0.2269
12983,-117.825,34.695,0.0534,0.0155,0.0436,0.0224,0.1483,0.0574,0.1197,0.0553,0.1124,0.0441,0.0423,0.016,0.1127,0.0529,0.4151,0.1752
12984,-117.815,34.695,0.0543,0.0161,0.0345,0.0166,0.1442,0.0556,0.1166,0.0536,0.1146,0.0456,0.0419,0.0158,0.11,0.0515,0.4107,0.1744
12985,-117.805,34.695,0.0601,0.0185,0.0331,0.0158,0.1354,0.0509,0.11,0.0494,0.1269,0.0526,0.0415,0.0152,0.1039,0.0474,0.3816,0.1584
12986,-117.795,34.695,0.0476,0.0138,0.0316,0.015,0.1259,0.0463,0.1028,0.0452,0.1018,0.0393,0.0407,0.0146,0.0971,0.0434,0.3487,0.1407
12987,-117.785,34.695,0.0448,0.0129,0.0299,0.014,0.1158,0.0419,0.0951,0.0411,0.0963,0.0368,0.0396,0.0139,0.0895,0.0393,0.3257,0.13
12988,-117.775,34.695,0.0445,0.0129,0.0295,0.0138,0.1131,0.0408,0.0936,0.0404,0.096,0.0367,0.0408,0.0143,0.0877,0.0385,0.3235,0.1298
12989,-117.765,34.695,0.0442,0.0129,0.0304,0.0144,0.1197,0.0445,0.1,0.0444,0.0956,0.0367,0.0459,0.0165,0.0933,0.0422,0.3317,0.1348
12990,-117.755,34.695,0.0524,0.0163,0.0364,0.0181,0.1645,0.0679,0.139,0.0683,0.1129,0.046,0.0671,0.0265,0.1289,0.0646,0.3704,0.1581
12991,-117.745,34.695,0.0625,0.0205,0.0375,0.0189,0.1687,0.0701,0.1432,0.0708,0.1339,0.0574,0.0711,0.0282,0.1326,0.0668,0.4172,0.1865
12992,-117.735,34.695,0.05,0.0156,0.034,0.0168,0.1321,0.0511,0.1126,0.0519,0.1082,0.0436,0.0579,0.0215,0.1041,0.0489,0.3688,0.1582
12993,-117.725,34.695,0.0435,0.0131,0.0311,0.0151,0.1162,0.0435,0.0996,0.0445,0.0946,0.0366,0.053,0.0191,0.0918,0.0417,0.3324,0.1383
12994,-117.715,34.695,0.0427,0.0129,0.0292,0.0139,0.1066,0.0392,0.0919,0.0403,0.0928,0.0358,0.0507,0.018,0.0844,0.0377,0.3169,0.1304
12995,-117.705,34.695,0.0437,0.0134,0.0307,0.0148,0.1069,0.0396,0.0927,0.0409,0.0948,0.0369,0.0528,0.0188,0.0849,0.0381,0.3157,0.1303
12996,-117.695,34.695,0.0434,0.0134,0.0324,0.0159,0.1117,0.0421,0.0975,0.0438,0.0941,0.0366,0.0574,0.0209,0.089,0.0407,0.3143,0.13
12997,-117.685,34.695,0.0503,0.0162,0.0342,0.017,0.1209,0.0469,0.1061,0.049,0.1087,0.0441,0.0643,0.0241,0.0968,0.0455,0.3268,0.1372
12998,-117.675,34.695,0.0463,0.0147,0.0373,0.0191,0.1346,0.0545,0.1188,0.0572,0.1001,0.0398,0.0743,0.0291,0.1082,0.0531,0.3489,0.1501
12999,-117.665,34.695,0.0642,0.0224,0.0394,0.0205,0.1439,0.0599,0.1276,0.0632,0.1371,0.0599,0.0819,0.0329,0.1161,0.0584,0.3705,0.1637
13000,-117.655,34.695,0.0568,0.0194,0.0356,0.0183,0.1277,0.0514,0.1134,0.0544,0.1214,0.0517,0.0746,0.0291,0.1032,0.0503,0.3805,0.1721
13001,-118.945,34.705,0.0338,0.0129,0.0294,0.0153,0.1288,0.0432,0.1952,0.0884,0.0569,0.022,0.0184,0.0134,0.3289,0.1346,0.2355,0.0907
13002,-118.935,34.705,0.0346,0.0132,0.0313,0.0165,0.1238,0.0405,0.188,0.0834,0.0576,0.0222,0.0173,0.0124,0.3103,0.1232,0.2488,0.0967
13003,-118.925,34.705,0.0428,0.0172,0.0355,0.0192,0.1338,0.0447,0.2023,0.0927,0.07,0.0285,0.0185,0.0135,0.3232,0.1327,0.2644,0.1038
13004,-118.915,34.705,0.0408,0.0161,0.0382,0.021,0.1448,0.0493,0.2181,0.1029,0.0661,0.0263,0.0199,0.0148,0.3381,0.1436,0.2661,0.104
13005,-118.905,34.705,0.0362,0.0137,0.032,0.0168,0.1455,0.0494,0.219,0.1036,0.058,0.0221,0.0197,0.0146,0.331,0.1404,0.2569,0.098
13006,-118.895,34.705,0.0323,0.0117,0.0286,0.0145,0.1432,0.0479,0.2156,0.1012,0.0511,0.0186,0.0191,0.014,0.3186,0.133,0.2467,0.0913
13007,-118.885,34.705,0.0323,0.0116,0.0282,0.0142,0.1378,0.0449,0.2081,0.0955,0.0504,0.0182,0.0179,0.0129,0.3009,0.1215,0.2436,0.0885
13008,-118.875,34.705,0.0332,0.012,0.0344,0.0183,0.1479,0.049,0.2224,0.1052,0.0511,0.0184,0.019,0.0139,0.3108,0.129,0.2619,0.0967
13009,-118.865,34.705,0.0465,0.0182,0.0415,0.0229,0.165,0.0565,0.2468,0.122,0.0699,0.0274,0.021,0.0157,0.3326,0.1442,0.3055,0.1189
13010,-118.855,34.705,0.0557,0.0225,0.046,0.0259,0.2012,0.0728,0.2987,0.158,0.082,0.0332,0.0254,0.0199,0.3843,0.1781,0.3465,0.1411
13011,-118.845,34.705,0.0574,0.0231,0.0486,0.0276,0.2224,0.0823,0.3288,0.1797,0.083,0.0336,0.0278,0.0221,0.4093,0.1954,0.3735,0.1569
13012,-118.835,34.705,0.0584,0.0234,0.0491,0.0279,0.2286,0.0849,0.3372,0.1869,0.0831,0.0335,0.0282,0.0224,0.4076,0.1959,0.3824,0.1609
13013,-118.825,34.705,0.0617,0.0249,0.0504,0.0288,0.2316,0.0858,0.341,0.1905,0.0861,0.0349,0.028,0.0221,0.4012,0.1922,0.3899,0.1638
13014,-118.815,34.705,0.0613,0.0245,0.0516,0.0295,0.2346,0.0867,0.345,0.1944,0.0846,0.034,0.0278,0.0217,0.3949,0.1886,0.3957,0.1651
13015,-118.805,34.705,0.0611,0.0242,0.0514,0.0292,0.2417,0.0899,0.3543,0.2033,0.0835,0.0333,0.0282,0.0219,0.3938,0.1895,0.4017,0.1663
13016,-118.795,34.705,0.062,0.0244,0.051,0.0289,0.2457,0.0913,0.3594,0.2085,0.0841,0.0334,0.0282,0.0217,0.3887,0.1869,0.4119,0.1707
13017,-118.785,34.705,0.0619,0.0241,0.0506,0.0285,0.2465,0.0911,0.3602,0.2101,0.0838,0.0332,0.0278,0.021,0.3797,0.1809,0.4209,0.1737
13018,-118.775,34.705,0.0627,0.0243,0.0508,0.0285,0.2507,0.0926,0.3651,0.2155,0.0847,0.0336,0.028,0.0208,0.3747,0.1784,0.4322,0.1785
13019,-118.765,34.705,0.0635,0.0244,0.0511,0.0287,0.2556,0.0946,0.3709,0.2218,0.0859,0.0341,0.0283,0.0207,0.3705,0.1766,0.4454,0.1846
13020,-118.755,34.705,0.0644,0.0246,0.0514,0.0288,0.2606,0.0966,0.3766,0.2277,0.0872,0.0347,0.0288,0.0207,0.3666,0.1748,0.4597,0.1914
13021,-118.745,34.705,0.0652,0.0248,0.0517,0.0289,0.2657,0.0988,0.3819,0.233,0.0886,0.0354,0.0293,0.0209,0.3628,0.1732,0.4755,0.199
13022,-118.735,34.705,0.0661,0.025,0.052,0.0291,0.2709,0.101,0.3871,0.2375,0.0902,0.0361,0.03,0.0211,0.3591,0.1715,0.4921,0.207
13023,-118.725,34.705,0.0671,0.0252,0.0519,0.0289,0.2688,0.0995,0.3815,0.2301,0.0918,0.0369,0.03,0.0208,0.3465,0.1636,0.5037,0.2105
13024,-118.715,34.705,0.0651,0.024,0.0503,0.0277,0.2641,0.0968,0.3723,0.2189,0.0896,0.0358,0.0296,0.0202,0.3311,0.1539,0.505,0.2055
13025,-118.705,34.705,0.0557,0.0196,0.0418,0.0221,0.2548,0.092,0.356,0.2012,0.0775,0.0297,0.0289,0.0194,0.3107,0.1419,0.4839,0.1863
13026,-118.695,34.705,0.0494,0.0167,0.0372,0.019,0.2316,0.0807,0.3212,0.171,0.0694,0.0258,0.0264,0.0172,0.2765,0.1214,0.4656,0.171
13027,-118.685,34.705,0.0433,0.014,0.0364,0.0185,0.1947,0.0629,0.2678,0.1282,0.0615,0.022,0.0223,0.0136,0.2284,0.0926,0.4534,0.1609
13028,-118.675,34.705,0.0428,0.0136,0.0354,0.0177,0.1914,0.0609,0.2594,0.118,0.0612,0.0218,0.0224,0.0134,0.2184,0.0871,0.4507,0.1571
13029,-118.665,34.705,0.0436,0.0138,0.0344,0.017,0.195,0.062,0.2601,0.1145,0.0625,0.0224,0.0234,0.014,0.2163,0.0864,0.4676,0.1633
13030,-118.655,34.705,0.0443,0.0139,0.0333,0.0162,0.1985,0.0633,0.2605,0.1111,0.0638,0.0229,0.0245,0.0146,0.2144,0.0858,0.4873,0.1707
13031,-118.645,34.705,0.0451,0.0141,0.0329,0.0159,0.2023,0.0647,0.2608,0.1078,0.0651,0.0235,0.0257,0.0152,0.2129,0.0853,0.5127,0.1807
13032,-118.635,34.705,0.0459,0.0142,0.0332,0.0161,0.2061,0.0662,0.2611,0.1048,0.0665,0.0241,0.027,0.0159,0.2115,0.085,0.5436,0.1932
13033,-118.625,34.705,0.0468,0.0144,0.0335,0.0163,0.2101,0.0679,0.2612,0.1021,0.0678,0.0246,0.0284,0.0166,0.2105,0.0848,0.578,0.2074
13034,-118.615,34.705,0.0478,0.0146,0.0339,0.0164,0.2142,0.0697,0.2612,0.0995,0.0692,0.0252,0.0298,0.0172,0.2096,0.0846,0.6178,0.2243
13035,-118.605,34.705,0.0488,0.0149,0.0343,0.0166,0.2183,0.0717,0.2611,0.0974,0.0705,0.0258,0.0314,0.0179,0.2093,0.0848,0.6625,0.2435
13036,-118.595,34.705,0.05,0.0151,0.0347,0.0169,0.2252,0.0752,0.2637,0.0971,0.0719,0.0264,0.0335,0.0189,0.2118,0.0864,0.7145,0.2667
13037,-118.585,34.705,0.0512,0.0154,0.0351,0.0171,0.2347,0.0801,0.2692,0.0987,0.0733,0.027,0.0361,0.0202,0.2171,0.0896,0.777,0.2953
13038,-118.575,34.705,0.0523,0.0156,0.0354,0.0172,0.235,0.0812,0.2641,0.0955,0.0744,0.0275,0.0372,0.0204,0.2136,0.0879,0.8402,0.3256
13039,-118.565,34.705,0.0547,0.0163,0.0365,0.0179,0.2336,0.0817,0.2571,0.0916,0.0773,0.0288,0.0382,0.0203,0.2087,0.0855,0.9206,0.3662
13040,-118.555,34.705,0.0624,0.0191,0.0417,0.0211,0.2336,0.0833,0.2516,0.0894,0.0873,0.0337,0.0394,0.0205,0.2055,0.0841,0.9957,0.4023
13041,-118.545,34.705,0.0635,0.0193,0.0416,0.021,0.233,0.0849,0.2457,0.0874,0.088,0.034,0.0405,0.0205,0.202,0.0825,1.046,0.4212
13042,-118.535,34.705,0.0564,0.0164,0.0361,0.0175,0.2316,0.0865,0.2394,0.0854,0.0775,0.0288,0.0415,0.0204,0.198,0.0807,1.0634,0.4242
13043,-118.525,34.705,0.0552,0.0158,0.0352,0.0169,0.2312,0.0892,0.2346,0.0848,0.075,0.0275,0.0427,0.0204,0.1954,0.0796,1.1018,0.4395
13044,-118.515,34.705,0.0559,0.0158,0.0353,0.0169,0.2312,0.0923,0.2304,0.0846,0.0751,0.0275,0.044,0.0204,0.1933,0.0788,1.1473,0.4599
13045,-118.505,34.705,0.0568,0.016,0.0358,0.0172,0.2317,0.0963,0.2275,0.0855,0.0752,0.0275,0.0454,0.0204,0.192,0.0784,1.1869,0.479
13046,-118.495,34.705,0.0578,0.0161,0.0363,0.0175,0.2312,0.1002,0.2244,0.0866,0.0753,0.0274,0.0466,0.0202,0.1903,0.0777,1.1839,0.4806
13047,-118.485,34.705,0.0589,0.0163,0.0366,0.0176,0.2297,0.104,0.2209,0.0877,0.0754,0.0274,0.0476,0.0199,0.188,0.0768,1.1652,0.4733
13048,-118.475,34.705,0.0602,0.0165,0.0363,0.0174,0.2293,0.1091,0.2198,0.0903,0.0755,0.0274,0.0488,0.0197,0.1873,0.0767,1.1424,0.4635
13049,-118.465,34.705,0.0616,0.0167,0.036,0.0172,0.2291,0.1145,0.2194,0.0934,0.0758,0.0275,0.05,0.0194,0.187,0.0768,1.1205,0.4541
13050,-118.455,34.705,0.0631,0.017,0.0364,0.0174,0.2288,0.1198,0.2203,0.0972,0.0762,0.0276,0.0513,0.0192,0.1873,0.0773,1.1039,0.4475
13051,-118.445,34.705,0.0649,0.0173,0.0426,0.0214,0.2391,0.1325,0.2324,0.1079,0.077,0.0278,0.0555,0.0204,0.1972,0.0836,1.1196,0.4614
13052,-118.435,34.705,0.0883,0.0254,0.0548,0.0293,0.2599,0.1526,0.2556,0.1256,0.1021,0.0406,0.0627,0.023,0.2166,0.0958,1.1527,0.5042
13053,-118.425,34.705,0.0855,0.0238,0.0534,0.0283,0.2643,0.1582,0.2591,0.1285,0.0984,0.0382,0.0647,0.0239,0.2188,0.0982,1.1786,0.5472
13054,-118.415,34.705,0.0885,0.0243,0.0508,0.0265,0.2685,0.1626,0.2612,0.1298,0.101,0.0395,0.0664,0.0249,0.2198,0.0998,1.1589,0.5393
13055,-118.405,34.705,0.1015,0.0285,0.056,0.03,0.2879,0.1756,0.2765,0.1373,0.1148,0.0468,0.0715,0.0282,0.2319,0.1073,1.1783,0.5716
13056,-118.395,34.705,0.1111,0.0311,0.0593,0.0322,0.3143,0.195,0.298,0.1502,0.1254,0.0522,0.0793,0.0333,0.2501,0.1198,1.1896,0.6146
13057,-118.385,34.705,0.1173,0.0325,0.0608,0.033,0.3476,0.2209,0.3257,0.1686,0.1325,0.056,0.0897,0.0401,0.2744,0.1373,1.1863,0.6522
13058,-118.375,34.705,0.1193,0.0325,0.0619,0.0337,0.3506,0.2172,0.3218,0.1648,0.1355,0.0577,0.0902,0.0419,0.2744,0.1376,1.1649,0.6685
13059,-118.365,34.705,0.1176,0.0311,0.0629,0.0343,0.3481,0.2085,0.3125,0.1575,0.1347,0.0573,0.089,0.0429,0.2703,0.1352,1.1475,0.6578
13060,-118.355,34.705,0.121,0.0315,0.0639,0.035,0.35,0.2054,0.3075,0.1552,0.1393,0.0599,0.0893,0.045,0.2705,0.1361,1.1301,0.6507
13061,-118.345,34.705,0.1224,0.0312,0.0642,0.0352,0.349,0.2001,0.3003,0.1516,0.1419,0.0615,0.0885,0.0464,0.2689,0.1356,1.1135,0.642
13062,-118.335,34.705,0.1226,0.0305,0.0637,0.0348,0.3452,0.1927,0.2909,0.1467,0.1431,0.0622,0.0866,0.0472,0.2653,0.1335,1.0983,0.6294
13063,-118.325,34.705,0.1228,0.0298,0.0632,0.0344,0.3404,0.1854,0.2817,0.1421,0.1442,0.0629,0.0843,0.0479,0.2614,0.1312,1.0838,0.6163
13064,-118.315,34.705,0.1229,0.0291,0.0627,0.0341,0.3355,0.1784,0.2727,0.1379,0.1453,0.0635,0.0821,0.0485,0.2576,0.1289,1.0689,0.6035
13065,-118.305,34.705,0.123,0.0285,0.0622,0.0337,0.3313,0.1726,0.2649,0.1346,0.1464,0.0642,0.0806,0.0494,0.2545,0.1272,1.0532,0.5935
13066,-118.295,34.705,0.1234,0.0278,0.0634,0.0346,0.3299,0.1697,0.26,0.1335,0.1476,0.0649,0.081,0.0516,0.254,0.1276,1.0366,0.5885
13067,-118.285,34.705,0.1299,0.0291,0.0663,0.0366,0.3314,0.1696,0.2579,0.1346,0.1555,0.0699,0.0834,0.055,0.256,0.13,1.0187,0.5929
13068,-118.275,34.705,0.1377,0.0307,0.0685,0.0381,0.3398,0.1752,0.2616,0.1404,0.165,0.076,0.0886,0.0607,0.2637,0.1368,1.0011,0.6016
13069,-118.265,34.705,0.1452,0.0321,0.0703,0.0394,0.3477,0.1806,0.265,0.1459,0.1743,0.0819,0.0938,0.0664,0.271,0.1433,0.9827,0.6099
13070,-118.255,34.705,0.1477,0.0319,0.0717,0.0403,0.3469,0.1789,0.2612,0.1454,0.1785,0.0845,0.0956,0.0694,0.2713,0.1442,0.9648,0.6146
13071,-118.245,34.705,0.1492,0.0315,0.0724,0.0408,0.3445,0.1761,0.2563,0.1438,0.1814,0.0863,0.0965,0.0714,0.2702,0.144,0.9498,0.6109
13072,-118.235,34.705,0.1504,0.0309,0.0724,0.0408,0.3407,0.1723,0.2504,0.1411,0.1836,0.0876,0.0964,0.0725,0.268,0.1429,0.9372,0.6026
13073,-118.225,34.705,0.1511,0.0302,0.0722,0.0407,0.3356,0.1676,0.2443,0.1374,0.185,0.0882,0.0952,0.0723,0.2648,0.1409,0.9254,0.593
13074,-118.215,34.705,0.1525,0.0296,0.0721,0.0405,0.3304,0.163,0.2386,0.1337,0.1865,0.089,0.0938,0.0718,0.2615,0.1389,0.9141,0.5831
13075,-118.205,34.705,0.1544,0.029,0.072,0.0405,0.3262,0.1594,0.2353,0.1308,0.1879,0.0897,0.0926,0.0713,0.259,0.1376,0.903,0.5737
13076,-118.195,34.705,0.1564,0.0284,0.0719,0.0404,0.3221,0.156,0.2331,0.1283,0.1891,0.0902,0.0917,0.0708,0.2566,0.1363,0.8925,0.5639
13077,-118.185,34.705,0.1589,0.028,0.072,0.0405,0.318,0.1527,0.2319,0.1262,0.1905,0.0908,0.091,0.0703,0.2543,0.1351,0.8821,0.5542
13078,-118.175,34.705,0.1601,0.0273,0.0713,0.04,0.3134,0.1491,0.2311,0.1241,0.1904,0.0905,0.0909,0.0698,0.2514,0.1333,0.8719,0.5437
13079,-118.165,34.705,0.1602,0.0267,0.0705,0.0394,0.3088,0.1456,0.2303,0.1221,0.1899,0.0898,0.0911,0.0693,0.2482,0.1313,0.8617,0.5322
13080,-118.155,34.705,0.1591,0.0266,0.0699,0.039,0.3046,0.1424,0.2297,0.1204,0.1898,0.0895,0.0924,0.0692,0.2449,0.1292,0.8513,0.5214
13081,-118.145,34.705,0.1564,0.0271,0.0694,0.0387,0.3012,0.1398,0.2299,0.1194,0.1904,0.0898,0.0944,0.0693,0.2419,0.1274,0.8409,0.5126
13082,-118.135,34.705,0.1525,0.0277,0.0692,0.0385,0.2987,0.1379,0.2308,0.1193,0.1911,0.0901,0.0971,0.0696,0.2391,0.1258,0.8304,0.5047
13083,-118.125,34.705,0.1483,0.0281,0.0689,0.0383,0.2975,0.137,0.2332,0.121,0.1919,0.0906,0.0995,0.0691,0.2371,0.1247,0.8201,0.4975
13084,-118.115,34.705,0.1446,0.0286,0.0688,0.0383,0.2967,0.1364,0.2358,0.1229,0.1932,0.0914,0.1016,0.0683,0.2352,0.1237,0.81,0.4914
13085,-118.105,34.705,0.1416,0.0292,0.069,0.0384,0.2969,0.1365,0.2378,0.1245,0.195,0.0925,0.1035,0.0671,0.234,0.1232,0.8003,0.4864
13086,-118.095,34.705,0.1387,0.0298,0.069,0.0384,0.2967,0.1363,0.239,0.1255,0.1968,0.0936,0.106,0.0659,0.2324,0.1226,0.7907,0.4814
13087,-118.085,34.705,0.1353,0.0301,0.0688,0.0384,0.2961,0.1359,0.2395,0.1259,0.1975,0.094,0.1092,0.0647,0.2307,0.1218,0.7812,0.476
13088,-118.075,34.705,0.1325,0.0305,0.0689,0.0384,0.2957,0.1357,0.2399,0.1264,0.1986,0.0947,0.1112,0.0633,0.2293,0.1212,0.772,0.4702
13089,-118.065,34.705,0.1302,0.031,0.0689,0.0384,0.2951,0.1354,0.2402,0.1268,0.1998,0.0954,0.1127,0.0617,0.2278,0.1206,0.7636,0.4639
13090,-118.055,34.705,0.1274,0.0312,0.0686,0.0383,0.2936,0.1346,0.2396,0.1265,0.1999,0.0953,0.1127,0.0598,0.2259,0.1195,0.7552,0.457
13091,-118.045,34.705,0.1249,0.0314,0.0684,0.0381,0.2921,0.1337,0.239,0.1262,0.2001,0.0954,0.1127,0.058,0.2241,0.1186,0.7469,0.4499
13092,-118.035,34.705,0.1228,0.0317,0.0683,0.0381,0.2906,0.1329,0.2384,0.126,0.2006,0.0956,0.1128,0.0563,0.2224,0.1178,0.7386,0.4435
13093,-118.025,34.705,0.1207,0.0319,0.0682,0.0381,0.2891,0.1321,0.2377,0.1257,0.2009,0.0957,0.1131,0.0547,0.2208,0.1172,0.7307,0.4376
13094,-118.015,34.705,0.1189,0.0321,0.0681,0.038,0.2875,0.1313,0.2368,0.1254,0.2014,0.096,0.1134,0.0532,0.2192,0.1165,0.7227,0.4319
13095,-118.005,34.705,0.1172,0.0323,0.0679,0.038,0.2854,0.1302,0.2355,0.1247,0.2017,0.0961,0.1137,0.0517,0.2173,0.1157,0.7147,0.4259
13096,-117.995,34.705,0.1153,0.0324,0.0677,0.0379,0.2831,0.129,0.234,0.124,0.2015,0.0959,0.1138,0.0501,0.2155,0.1147,0.7066,0.4195
13097,-117.985,34.705,0.1135,0.0325,0.0675,0.0377,0.2806,0.1276,0.2322,0.1231,0.2013,0.0957,0.1139,0.0486,0.2135,0.1137,0.6984,0.4132
13098,-117.975,34.705,0.1118,0.0325,0.0672,0.0376,0.2781,0.1264,0.2304,0.1221,0.201,0.0956,0.1133,0.0473,0.2117,0.1129,0.6904,0.4071
13099,-117.965,34.705,0.1103,0.0326,0.067,0.0375,0.2756,0.1251,0.2286,0.1212,0.2011,0.0956,0.1123,0.046,0.21,0.1121,0.6825,0.401
13100,-117.955,34.705,0.1091,0.0328,0.0669,0.0374,0.2733,0.124,0.2269,0.1204,0.2015,0.0959,0.1099,0.0451,0.2085,0.1115,0.6746,0.3945
13101,-117.945,34.705,0.108,0.0329,0.0658,0.0368,0.2666,0.12,0.2212,0.1166,0.202,0.0962,0.1052,0.0431,0.2035,0.1082,0.6649,0.3844
13102,-117.935,34.705,0.1029,0.0314,0.0639,0.0355,0.2554,0.1132,0.2115,0.1099,0.1953,0.0919,0.0984,0.0401,0.1951,0.1024,0.6456,0.3604
13103,-117.925,34.705,0.0902,0.0269,0.0597,0.0326,0.2416,0.1048,0.1995,0.1018,0.1755,0.0791,0.0906,0.0365,0.1846,0.0951,0.624,0.3348
13104,-117.915,34.705,0.0887,0.0267,0.0558,0.0299,0.2294,0.0974,0.1889,0.0946,0.1744,0.0785,0.0837,0.0334,0.1753,0.0887,0.6047,0.3141
13105,-117.905,34.705,0.0879,0.0268,0.0556,0.0299,0.2271,0.0965,0.1869,0.0937,0.1743,0.0785,0.0812,0.0326,0.174,0.0882,0.5953,0.3069
13106,-117.895,34.705,0.0872,0.0268,0.0555,0.0298,0.2248,0.0956,0.185,0.0928,0.1741,0.0785,0.0788,0.0317,0.1727,0.0877,0.5874,0.3014
13107,-117.885,34.705,0.0865,0.0269,0.0553,0.0298,0.2225,0.0947,0.183,0.092,0.1739,0.0784,0.0763,0.0309,0.1714,0.0872,0.5797,0.296
13108,-117.875,34.705,0.0858,0.027,0.0552,0.0297,0.2203,0.0938,0.181,0.0911,0.1736,0.0782,0.0739,0.03,0.1702,0.0867,0.572,0.2906
13109,-117.865,34.705,0.0851,0.027,0.055,0.0297,0.218,0.093,0.1791,0.0902,0.1731,0.078,0.0714,0.0292,0.1689,0.0862,0.5644,0.2852
13110,-117.855,34.705,0.0845,0.0271,0.0548,0.0296,0.2158,0.0921,0.1772,0.0894,0.1725,0.0777,0.0691,0.0284,0.1677,0.0858,0.5566,0.2796
13111,-117.845,34.705,0.0839,0.0271,0.0515,0.0275,0.1931,0.0805,0.1585,0.0782,0.1718,0.0774,0.0606,0.0245,0.1505,0.0753,0.5225,0.2512
13112,-117.835,34.705,0.0621,0.0188,0.0449,0.0232,0.15,0.0582,0.1228,0.0565,0.1292,0.0536,0.046,0.0175,0.1173,0.0547,0.4546,0.2027
13113,-117.825,34.705,0.0455,0.0128,0.0373,0.0185,0.1298,0.0482,0.1062,0.0469,0.0958,0.0363,0.0396,0.0145,0.1016,0.0455,0.3531,0.1414
13114,-117.815,34.705,0.045,0.0128,0.0307,0.0145,0.1182,0.0427,0.0967,0.0416,0.0952,0.0361,0.0364,0.0129,0.0926,0.0403,0.3393,0.135
13115,-117.805,34.705,0.046,0.0132,0.0303,0.0142,0.1256,0.0463,0.1032,0.0453,0.0977,0.0375,0.0405,0.0146,0.0987,0.0439,0.3367,0.1346
13116,-117.795,34.705,0.0457,0.0132,0.0298,0.014,0.1245,0.046,0.1027,0.0451,0.0975,0.0375,0.0418,0.0151,0.098,0.0437,0.3314,0.1328
13117,-117.785,34.705,0.0441,0.0128,0.0293,0.0138,0.1146,0.0417,0.0951,0.0411,0.0945,0.0362,0.0406,0.0143,0.0907,0.0398,0.3179,0.1269
13118,-117.775,34.705,0.0438,0.0128,0.0292,0.0137,0.112,0.0407,0.0935,0.0404,0.0942,0.0361,0.0417,0.0147,0.0889,0.039,0.3158,0.1266
13119,-117.765,34.705,0.0436,0.0128,0.0305,0.0146,0.1168,0.0434,0.0982,0.0434,0.094,0.0361,0.0459,0.0165,0.0929,0.0417,0.3285,0.134
13120,-117.755,34.705,0.0544,0.0173,0.039,0.0199,0.1502,0.0611,0.1276,0.0616,0.1167,0.0484,0.0624,0.0243,0.1199,0.0588,0.3691,0.1588
13121,-117.745,34.705,0.0692,0.0234,0.044,0.0232,0.1544,0.0633,0.1317,0.064,0.1476,0.0651,0.0663,0.0259,0.1235,0.061,0.4169,0.1885
13122,-117.735,34.705,0.0662,0.0223,0.0457,0.0244,0.1292,0.05,0.1107,0.0509,0.1415,0.0619,0.0577,0.0214,0.1037,0.0484,0.3835,0.1674
13123,-117.725,34.705,0.0493,0.0155,0.0373,0.0191,0.1153,0.0433,0.0992,0.0444,0.1068,0.0429,0.0535,0.0193,0.0928,0.0421,0.3363,0.1413
13124,-117.715,34.705,0.0421,0.0128,0.0286,0.0136,0.1054,0.0389,0.0913,0.0401,0.0913,0.0353,0.051,0.0181,0.0852,0.038,0.3091,0.127
13125,-117.705,34.705,0.0418,0.0128,0.0289,0.0138,0.1044,0.0387,0.0909,0.04,0.0907,0.0351,0.0524,0.0186,0.0846,0.0378,0.3018,0.1237
13126,-117.695,34.705,0.0416,0.0128,0.0298,0.0144,0.1116,0.0424,0.0977,0.0441,0.09,0.0349,0.0582,0.0212,0.0907,0.0415,0.3035,0.125
13127,-117.685,34.705,0.0468,0.0149,0.0314,0.0154,0.127,0.0501,0.1118,0.0523,0.101,0.0405,0.0685,0.0259,0.1035,0.0492,0.3262,0.1378
13128,-117.675,34.705,0.0413,0.0129,0.0322,0.016,0.1486,0.0622,0.1316,0.0653,0.0893,0.0347,0.0833,0.0334,0.1216,0.0612,0.3592,0.1578
13129,-117.665,34.705,0.0577,0.0199,0.0343,0.0174,0.1636,0.0708,0.1455,0.0746,0.1232,0.0531,0.0944,0.039,0.1342,0.0698,0.395,0.181
13130,-117.655,34.705,0.0702,0.0255,0.0427,0.0231,0.1399,0.058,0.1244,0.0613,0.1484,0.0675,0.0827,0.0329,0.1149,0.0573,0.4246,0.2023
13131,-118.945,34.715,0.0461,0.0192,0.0307,0.0163,0.1536,0.054,0.2304,0.1109,0.0773,0.0328,0.0224,0.0169,0.401,0.1755,0.2695,0.1088
13132,-118.935,34.715,0.0376,0.0148,0.036,0.0198,0.1332,0.0442,0.2006,0.0916,0.0627,0.025,0.019,0.0136,0.3466,0.1415,0.2901,0.1193
13133,-118.925,34.715,0.051,0.0215,0.0374,0.0206,0.1571,0.0549,0.2347,0.1144,0.0834,0.0357,0.0223,0.0168,0.3862,0.1697,0.3087,0.129
13134,-118.915,34.715,0.0507,0.0211,0.0376,0.0208,0.185,0.0674,0.2744,0.141,0.0817,0.0346,0.0263,0.0205,0.4341,0.2032,0.3214,0.1356
13135,-118.905,34.715,0.0498,0.0206,0.0363,0.0199,0.1879,0.0683,0.2783,0.1438,0.0793,0.0332,0.0263,0.0205,0.4294,0.2012,0.3107,0.1273
13136,-118.895,34.715,0.0413,0.0162,0.0356,0.0194,0.1793,0.0637,0.2659,0.1351,0.0653,0.0258,0.0246,0.0189,0.4038,0.1841,0.2922,0.1147
13137,-118.885,34.715,0.0388,0.0148,0.0353,0.0192,0.159,0.0535,0.2373,0.1147,0.0605,0.0231,0.0211,0.0156,0.3574,0.1521,0.2808,0.1069
13138,-118.875,34.715,0.0502,0.0203,0.0407,0.0227,0.1787,0.0624,0.2648,0.1348,0.0764,0.0312,0.0236,0.018,0.3819,0.1709,0.3178,0.1262
13139,-118.865,34.715,0.0548,0.0224,0.0464,0.0264,0.2033,0.0736,0.2992,0.1599,0.0819,0.0337,0.0267,0.021,0.4149,0.1958,0.3515,0.1464
13140,-118.855,34.715,0.0564,0.023,0.0481,0.0275,0.212,0.0773,0.3112,0.1691,0.0828,0.034,0.0274,0.0216,0.4187,0.1992,0.3719,0.1584
13141,-118.845,34.715,0.0582,0.0237,0.049,0.0281,0.221,0.0812,0.3234,0.1793,0.0839,0.0343,0.0281,0.0223,0.4217,0.2031,0.3791,0.1613
13142,-118.835,34.715,0.0604,0.0246,0.0492,0.0281,0.2303,0.0855,0.3358,0.1904,0.0854,0.035,0.0289,0.023,0.424,0.2074,0.3876,0.1652
13143,-118.825,34.715,0.0624,0.0254,0.0498,0.0285,0.23,0.0847,0.3354,0.1906,0.0866,0.0354,0.0282,0.0222,0.4134,0.2,0.3926,0.166
13144,-118.815,34.715,0.0595,0.0238,0.0505,0.0289,0.2297,0.0838,0.3348,0.191,0.0816,0.0326,0.0275,0.0213,0.4026,0.1924,0.396,0.1654
13145,-118.805,34.715,0.0607,0.0242,0.0511,0.0292,0.2388,0.088,0.3467,0.2029,0.0822,0.0328,0.0283,0.0218,0.4042,0.1958,0.4005,0.1654
13146,-118.795,34.715,0.0615,0.0243,0.0509,0.029,0.2426,0.0894,0.3516,0.2086,0.0828,0.033,0.0282,0.0215,0.3991,0.1933,0.4104,0.1695
13147,-118.785,34.715,0.0611,0.0239,0.05,0.0282,0.2411,0.088,0.3493,0.2081,0.0823,0.0326,0.0275,0.0204,0.3872,0.1848,0.4198,0.1729
13148,-118.775,34.715,0.0619,0.024,0.0501,0.0282,0.2446,0.0892,0.3535,0.2139,0.0835,0.0332,0.0276,0.0201,0.3816,0.1817,0.432,0.1782
13149,-118.765,34.715,0.0627,0.0242,0.0504,0.0284,0.2492,0.0911,0.359,0.2211,0.0848,0.0338,0.0279,0.0199,0.3774,0.1798,0.4462,0.185
13150,-118.755,34.715,0.0635,0.0244,0.0507,0.0285,0.2539,0.0931,0.3644,0.2284,0.0863,0.0345,0.0284,0.0198,0.3733,0.1781,0.4611,0.1922
13151,-118.745,34.715,0.0644,0.0246,0.051,0.0287,0.2587,0.0951,0.3695,0.235,0.0879,0.0353,0.029,0.0199,0.3694,0.1763,0.4772,0.2
13152,-118.735,34.715,0.0653,0.0248,0.0513,0.0288,0.2636,0.0973,0.3744,0.241,0.0895,0.0361,0.0297,0.0201,0.3656,0.1747,0.4931,0.2074
13153,-118.725,34.715,0.0662,0.025,0.0513,0.0287,0.246,0.0881,0.3485,0.2158,0.0912,0.0369,0.0276,0.0181,0.3348,0.1539,0.4931,0.202
13154,-118.715,34.715,0.0527,0.0186,0.0492,0.0272,0.2233,0.0766,0.3153,0.1842,0.0738,0.0281,0.025,0.0158,0.2979,0.1296,0.4661,0.1765
13155,-118.705,34.715,0.0421,0.0139,0.0379,0.0197,0.1983,0.0656,0.2774,0.1522,0.0597,0.0214,0.0224,0.0137,0.2581,0.1078,0.4098,0.1441
13156,-118.695,34.715,0.0412,0.0133,0.032,0.0158,0.1846,0.0594,0.2551,0.1317,0.0587,0.0209,0.0212,0.0126,0.2338,0.0944,0.4029,0.1383
13157,-118.685,34.715,0.0416,0.0134,0.0315,0.0154,0.1822,0.0578,0.2483,0.1225,0.0597,0.0213,0.0214,0.0126,0.225,0.0897,0.4162,0.1429
13158,-118.675,34.715,0.0423,0.0135,0.0316,0.0154,0.1847,0.0586,0.2477,0.1178,0.061,0.0219,0.0223,0.0131,0.2219,0.0883,0.4364,0.1505
13159,-118.665,34.715,0.0429,0.0136,0.0319,0.0155,0.1882,0.0599,0.2483,0.1141,0.0624,0.0225,0.0234,0.0138,0.22,0.0877,0.4593,0.1594
13160,-118.655,34.715,0.0437,0.0138,0.0321,0.0157,0.1918,0.0612,0.2487,0.1106,0.0637,0.0231,0.0245,0.0145,0.2182,0.0872,0.4849,0.1695
13161,-118.645,34.715,0.0444,0.0139,0.0324,0.0158,0.1953,0.0626,0.2488,0.1072,0.065,0.0237,0.0257,0.0152,0.2166,0.0867,0.5131,0.1808
13162,-118.635,34.715,0.0453,0.0141,0.0327,0.0159,0.1989,0.0641,0.2488,0.1041,0.0663,0.0242,0.027,0.0159,0.2151,0.0863,0.5442,0.1934
13163,-118.625,34.715,0.0461,0.0143,0.033,0.0161,0.2026,0.0658,0.2486,0.1014,0.0675,0.0248,0.0284,0.0166,0.214,0.086,0.5784,0.2077
13164,-118.615,34.715,0.047,0.0145,0.0335,0.0164,0.2062,0.0675,0.2483,0.0988,0.0688,0.0253,0.0298,0.0173,0.2129,0.0858,0.6176,0.2243
13165,-118.605,34.715,0.048,0.0147,0.0351,0.0173,0.2099,0.0695,0.2478,0.0967,0.07,0.0258,0.0313,0.018,0.2124,0.0858,0.6639,0.2446
13166,-118.595,34.715,0.049,0.0149,0.036,0.0178,0.2213,0.0752,0.2559,0.0994,0.0712,0.0263,0.0341,0.0196,0.2197,0.0901,0.7246,0.2727
13167,-118.585,34.715,0.0547,0.0169,0.0361,0.0178,0.2406,0.0846,0.2728,0.1069,0.0789,0.03,0.0384,0.0222,0.2348,0.0986,0.8084,0.3133
13168,-118.575,34.715,0.0756,0.0253,0.0364,0.018,0.2356,0.0833,0.2621,0.1007,0.1071,0.0448,0.0387,0.0217,0.2262,0.0941,0.887,0.3553
13169,-118.565,34.715,0.0584,0.018,0.0374,0.0186,0.2273,0.0806,0.2478,0.093,0.083,0.0321,0.0384,0.0209,0.2145,0.088,0.9766,0.4075
13170,-118.555,34.715,0.0709,0.0228,0.0416,0.0212,0.2278,0.0824,0.2434,0.091,0.0993,0.0404,0.0397,0.0212,0.2117,0.0868,1.0379,0.4379
13171,-118.545,34.715,0.0567,0.0169,0.041,0.0207,0.2263,0.0835,0.2373,0.0886,0.0794,0.03,0.0406,0.0211,0.2074,0.0848,1.0422,0.4234
13172,-118.535,34.715,0.0543,0.0158,0.0356,0.0173,0.223,0.0839,0.2295,0.0856,0.0753,0.028,0.0412,0.0209,0.2016,0.0821,1.0451,0.4179
13173,-118.525,34.715,0.0543,0.0156,0.0347,0.0168,0.2226,0.0863,0.2254,0.0849,0.0746,0.0276,0.0424,0.0209,0.199,0.081,1.0759,0.4303
13174,-118.515,34.715,0.0555,0.0158,0.0354,0.0171,0.2231,0.0893,0.2223,0.0849,0.0752,0.0278,0.0438,0.021,0.1973,0.0804,1.1218,0.4536
13175,-118.505,34.715,0.0572,0.0162,0.0387,0.0192,0.225,0.0934,0.2214,0.0862,0.0764,0.0283,0.0454,0.0212,0.1973,0.0806,1.1671,0.479
13176,-118.495,34.715,0.0578,0.0162,0.04,0.02,0.2245,0.0966,0.2186,0.0868,0.0759,0.028,0.0466,0.021,0.1954,0.0799,1.1593,0.478
13177,-118.485,34.715,0.0582,0.0162,0.0392,0.0194,0.2215,0.0987,0.214,0.0867,0.0752,0.0276,0.0471,0.0205,0.1918,0.0783,1.133,0.4659
13178,-118.475,34.715,0.0592,0.0163,0.0406,0.0203,0.222,0.1029,0.2136,0.0889,0.0752,0.0275,0.0485,0.0204,0.1917,0.0786,1.1141,0.4584
13179,-118.465,34.715,0.0613,0.0168,0.0423,0.0214,0.2232,0.1076,0.2144,0.0918,0.0765,0.028,0.05,0.0203,0.1926,0.0793,1.1061,0.4573
13180,-118.455,34.715,0.0632,0.0171,0.0437,0.0223,0.2246,0.1121,0.2163,0.0951,0.0774,0.0283,0.0515,0.0202,0.1941,0.0804,1.098,0.4558
13181,-118.445,34.715,0.0646,0.0173,0.0493,0.026,0.2499,0.1354,0.2422,0.1148,0.0778,0.0285,0.06,0.0237,0.2172,0.0953,1.1223,0.4809
13182,-118.435,34.715,0.0946,0.0278,0.0593,0.0325,0.2992,0.1774,0.2919,0.1508,0.1106,0.0451,0.0755,0.0307,0.2616,0.124,1.1671,0.5722
13183,-118.425,34.715,0.1079,0.0322,0.059,0.0322,0.3164,0.1946,0.307,0.1629,0.124,0.0522,0.0818,0.0337,0.275,0.1343,1.2036,0.6707
13184,-118.415,34.715,0.1094,0.0321,0.0576,0.0312,0.3264,0.2056,0.314,0.1688,0.1246,0.0523,0.0858,0.036,0.2812,0.14,1.1846,0.6659
13185,-118.405,34.715,0.1145,0.0333,0.0618,0.034,0.3337,0.2107,0.3158,0.1688,0.1292,0.0547,0.0881,0.0382,0.2835,0.1422,1.1629,0.6706
13186,-118.395,34.715,0.1156,0.033,0.0636,0.0352,0.3391,0.2129,0.3154,0.1669,0.1302,0.0551,0.0896,0.0402,0.2843,0.1432,1.1458,0.6632
13187,-118.385,34.715,0.1163,0.0326,0.0631,0.0349,0.3427,0.212,0.3128,0.1633,0.1312,0.0556,0.0903,0.0419,0.2837,0.1431,1.1301,0.6515
13188,-118.375,34.715,0.1194,0.0329,0.0631,0.0348,0.3441,0.2088,0.3077,0.1589,0.1353,0.058,0.0905,0.0436,0.2823,0.1427,1.1126,0.6441
13189,-118.365,34.715,0.1194,0.0322,0.0631,0.0348,0.3444,0.2046,0.3017,0.1543,0.1363,0.0586,0.0903,0.0451,0.2802,0.1419,1.0957,0.6318
13190,-118.355,34.715,0.1196,0.0315,0.0637,0.0352,0.3417,0.198,0.2936,0.1489,0.1377,0.0595,0.0891,0.0461,0.2764,0.1396,1.0801,0.6214
13191,-118.345,34.715,0.1211,0.0312,0.0638,0.0352,0.339,0.1919,0.286,0.1444,0.1403,0.061,0.0879,0.0471,0.273,0.1377,1.0648,0.611
13192,-118.335,34.715,0.1216,0.0307,0.0633,0.0348,0.3364,0.1862,0.279,0.1406,0.1419,0.062,0.0867,0.0482,0.2701,0.1361,1.0496,0.5998
13193,-118.325,34.715,0.1218,0.03,0.0627,0.0344,0.332,0.1797,0.2714,0.1366,0.143,0.0627,0.085,0.049,0.2661,0.1338,1.0352,0.5877
13194,-118.315,34.715,0.1219,0.0293,0.0626,0.0343,0.3276,0.1735,0.264,0.133,0.1441,0.0633,0.0835,0.0498,0.2624,0.1316,1.0207,0.5779
13195,-118.305,34.715,0.1228,0.0289,0.0644,0.0355,0.3251,0.1696,0.2586,0.1311,0.1459,0.0645,0.0831,0.0514,0.2606,0.1309,1.006,0.5768
13196,-118.295,34.715,0.133,0.0314,0.0665,0.037,0.3306,0.1726,0.2604,0.1349,0.1581,0.0722,0.0863,0.0558,0.2657,0.1358,0.9903,0.5858
13197,-118.285,34.715,0.1413,0.0332,0.069,0.0387,0.344,0.1827,0.2692,0.1445,0.1682,0.0786,0.093,0.0631,0.2777,0.1464,0.9718,0.6029
13198,-118.275,34.715,0.1442,0.0333,0.0706,0.0398,0.3447,0.1819,0.2665,0.145,0.1724,0.0814,0.0954,0.0666,0.2789,0.148,0.9558,0.6051
13199,-118.265,34.715,0.145,0.0328,0.0717,0.0407,0.3425,0.1787,0.2612,0.1435,0.1746,0.0828,0.0969,0.0693,0.2776,0.1477,0.9418,0.6014
13200,-118.255,34.715,0.146,0.0322,0.0718,0.0407,0.339,0.1748,0.2549,0.1411,0.1773,0.0845,0.0978,0.0714,0.2754,0.1466,0.929,0.5948
13201,-118.245,34.715,0.147,0.0317,0.0717,0.0406,0.335,0.1707,0.2484,0.1386,0.1799,0.0861,0.0981,0.0729,0.273,0.1453,0.9166,0.588
13202,-118.235,34.715,0.1478,0.0311,0.0715,0.0405,0.3307,0.1666,0.2418,0.1359,0.182,0.0872,0.0979,0.0737,0.2703,0.1438,0.905,0.5801
13203,-118.225,34.715,0.1488,0.0305,0.0715,0.0404,0.3266,0.1628,0.2363,0.1332,0.1838,0.0882,0.097,0.0737,0.2678,0.1425,0.8937,0.5724
13204,-118.215,34.715,0.1505,0.0301,0.0715,0.0404,0.3227,0.1592,0.2317,0.1307,0.1858,0.0894,0.096,0.0734,0.2655,0.1413,0.8828,0.565
13205,-118.205,34.715,0.1526,0.0298,0.0716,0.0405,0.3194,0.1564,0.2298,0.129,0.188,0.0905,0.0952,0.0731,0.264,0.1408,0.8724,0.5578
13206,-118.195,34.715,0.1541,0.0293,0.0716,0.0405,0.3161,0.1536,0.2292,0.1275,0.1891,0.091,0.0946,0.0727,0.2625,0.1401,0.8627,0.5494
13207,-118.185,34.715,0.1563,0.0291,0.0716,0.0405,0.3126,0.1508,0.2297,0.1262,0.1909,0.0919,0.0942,0.0723,0.2608,0.1395,0.8532,0.5414
13208,-118.175,34.715,0.1573,0.0288,0.0712,0.0402,0.3076,0.147,0.2296,0.1242,0.1916,0.0921,0.0936,0.0714,0.2578,0.1376,0.8438,0.5322
13209,-118.165,34.715,0.1561,0.0282,0.0707,0.0399,0.3024,0.143,0.2293,0.1222,0.1907,0.0913,0.0933,0.0704,0.2544,0.1354,0.8345,0.5211
13210,-118.155,34.715,0.1543,0.028,0.07,0.0393,0.2976,0.1394,0.229,0.1203,0.1902,0.0907,0.0943,0.0699,0.2506,0.1329,0.825,0.51
13211,-118.145,34.715,0.1516,0.0281,0.0694,0.0389,0.2941,0.1367,0.2294,0.1194,0.1902,0.0905,0.0959,0.0697,0.2474,0.1309,0.8154,0.5008
13212,-118.135,34.715,0.1487,0.0285,0.069,0.0387,0.2919,0.1351,0.2307,0.1194,0.1909,0.0909,0.0983,0.0697,0.2447,0.1294,0.8059,0.4929
13213,-118.125,34.715,0.1455,0.0289,0.0687,0.0385,0.2909,0.1343,0.2325,0.1203,0.1918,0.0914,0.1005,0.0692,0.2424,0.1281,0.7964,0.4859
13214,-118.115,34.715,0.142,0.0292,0.0685,0.0384,0.2903,0.1337,0.2343,0.1213,0.1925,0.0917,0.1027,0.0685,0.2402,0.1269,0.7871,0.4793
13215,-118.105,34.715,0.1387,0.0295,0.0685,0.0384,0.2901,0.1335,0.2356,0.1223,0.1934,0.0923,0.1046,0.0674,0.2382,0.1258,0.778,0.4736
13216,-118.095,34.715,0.136,0.03,0.0684,0.0383,0.29,0.1334,0.2368,0.1232,0.195,0.0932,0.1069,0.0662,0.2363,0.1249,0.7692,0.4683
13217,-118.085,34.715,0.1331,0.0303,0.0683,0.0383,0.29,0.1334,0.2377,0.1239,0.1959,0.0938,0.1094,0.0651,0.2347,0.1242,0.7606,0.463
13218,-118.075,34.715,0.1302,0.0306,0.0683,0.0383,0.2898,0.1333,0.2382,0.1244,0.1966,0.0941,0.1112,0.0637,0.2331,0.1235,0.7522,0.4572
13219,-118.065,34.715,0.1281,0.031,0.0683,0.0383,0.2893,0.133,0.2384,0.1248,0.1977,0.0948,0.1127,0.0622,0.2315,0.1227,0.7442,0.4516
13220,-118.055,34.715,0.1255,0.0312,0.0681,0.0382,0.288,0.1323,0.2379,0.1246,0.1981,0.095,0.113,0.0604,0.2295,0.1216,0.7362,0.4452
13221,-118.045,34.715,0.1229,0.0314,0.0679,0.0381,0.2866,0.1315,0.2372,0.1243,0.198,0.0948,0.1132,0.0587,0.2275,0.1205,0.7283,0.4384
13222,-118.035,34.715,0.1207,0.0315,0.0676,0.0379,0.285,0.1306,0.2363,0.124,0.1982,0.0949,0.1132,0.0569,0.2255,0.1195,0.7203,0.4319
13223,-118.025,34.715,0.1188,0.0318,0.0675,0.0378,0.2835,0.1298,0.2355,0.1237,0.1986,0.0951,0.1134,0.0554,0.2238,0.1187,0.7127,0.4261
13224,-118.015,34.715,0.1168,0.0319,0.0673,0.0378,0.282,0.129,0.2346,0.1234,0.1988,0.0951,0.1136,0.0538,0.2221,0.1179,0.7051,0.4204
13225,-118.005,34.715,0.1151,0.0321,0.0672,0.0377,0.2802,0.1282,0.2335,0.1229,0.1991,0.0953,0.1137,0.0524,0.2204,0.1171,0.6976,0.4147
13226,-117.995,34.715,0.1135,0.0322,0.067,0.0376,0.2783,0.1272,0.2322,0.1224,0.1991,0.0953,0.1137,0.051,0.2186,0.1163,0.69,0.409
13227,-117.985,34.715,0.1119,0.0323,0.0669,0.0376,0.2763,0.1262,0.2308,0.1218,0.1992,0.0953,0.1136,0.0496,0.2168,0.1155,0.6825,0.4034
13228,-117.975,34.715,0.1104,0.0324,0.0667,0.0375,0.2741,0.1251,0.2291,0.121,0.1994,0.0953,0.1128,0.0483,0.215,0.1146,0.675,0.3976
13229,-117.965,34.715,0.1089,0.0325,0.0665,0.0374,0.2718,0.1239,0.2274,0.1202,0.1991,0.0952,0.1117,0.0471,0.2133,0.1138,0.6675,0.3916
13230,-117.955,34.715,0.1075,0.0325,0.0663,0.0373,0.2695,0.1228,0.2256,0.1193,0.1991,0.0952,0.1097,0.0461,0.2115,0.113,0.6599,0.3856
13231,-117.945,34.715,0.1065,0.0327,0.066,0.0371,0.2667,0.1214,0.2233,0.1181,0.1995,0.0955,0.1072,0.045,0.2095,0.112,0.6526,0.3797
13232,-117.935,34.715,0.1052,0.0327,0.0654,0.0367,0.2634,0.1197,0.2206,0.1167,0.1993,0.0954,0.1044,0.0438,0.2072,0.1108,0.642,0.3683
13233,-117.925,34.715,0.1008,0.0314,0.0604,0.0333,0.2447,0.1081,0.2042,0.1053,0.1936,0.0917,0.0945,0.0389,0.1924,0.1002,0.6212,0.3433
13234,-117.915,34.715,0.0874,0.0265,0.0554,0.0299,0.2263,0.0966,0.188,0.094,0.1718,0.0776,0.0848,0.0341,0.1778,0.0898,0.5951,0.3121
13235,-117.905,34.715,0.0866,0.0265,0.0551,0.0297,0.2241,0.0957,0.1861,0.0932,0.1717,0.0776,0.0826,0.0334,0.1765,0.0893,0.5818,0.3002
13236,-117.895,34.715,0.0858,0.0266,0.0548,0.0296,0.2219,0.0948,0.1843,0.0925,0.1714,0.0775,0.0803,0.0326,0.1751,0.0888,0.5739,0.2944
13237,-117.885,34.715,0.0852,0.0267,0.0547,0.0296,0.2198,0.094,0.1825,0.0917,0.1712,0.0774,0.0781,0.0318,0.1738,0.0883,0.5666,0.2894
13238,-117.875,34.715,0.0845,0.0267,0.0545,0.0295,0.2176,0.0932,0.1807,0.0909,0.1708,0.0772,0.076,0.0311,0.1725,0.0878,0.5593,0.2844
13239,-117.865,34.715,0.0839,0.0268,0.0543,0.0294,0.2155,0.0923,0.1789,0.0901,0.1703,0.077,0.0739,0.0303,0.1712,0.0873,0.5521,0.2794
13240,-117.855,34.715,0.0833,0.0268,0.054,0.0292,0.2134,0.0915,0.1772,0.0894,0.1698,0.0767,0.072,0.0296,0.1699,0.0868,0.544,0.2734
13241,-117.845,34.715,0.0816,0.0264,0.0504,0.027,0.2031,0.0861,0.1686,0.0842,0.1673,0.0753,0.0676,0.0276,0.1621,0.082,0.5243,0.2564
13242,-117.835,34.715,0.0728,0.0231,0.0438,0.0226,0.1846,0.0761,0.1531,0.0744,0.1509,0.0656,0.0607,0.0243,0.1478,0.0727,0.4683,0.2164
13243,-117.825,34.715,0.0481,0.0138,0.0359,0.0178,0.1486,0.0581,0.1231,0.0569,0.1013,0.0393,0.0488,0.0186,0.1191,0.0556,0.359,0.1463
13244,-117.815,34.715,0.0443,0.0126,0.0292,0.0137,0.1157,0.0419,0.0959,0.0411,0.0938,0.0357,0.0383,0.0136,0.0929,0.0402,0.3268,0.1302
13245,-117.805,34.715,0.044,0.0126,0.0291,0.0136,0.1158,0.0421,0.0963,0.0415,0.0935,0.0357,0.0396,0.0141,0.0932,0.0406,0.316,0.1254
13246,-117.795,34.715,0.0437,0.0127,0.029,0.0136,0.1147,0.0418,0.0957,0.0413,0.0932,0.0357,0.0407,0.0144,0.0925,0.0404,0.3133,0.1247
13247,-117.785,34.715,0.0434,0.0127,0.0289,0.0136,0.1123,0.0409,0.0941,0.0406,0.093,0.0357,0.0416,0.0147,0.0909,0.0397,0.311,0.1243
13248,-117.775,34.715,0.0432,0.0127,0.0288,0.0136,0.1109,0.0405,0.0935,0.0404,0.0926,0.0356,0.043,0.0151,0.0901,0.0394,0.3088,0.1239
13249,-117.765,34.715,0.0464,0.0141,0.0297,0.0142,0.1108,0.0407,0.0939,0.0409,0.0997,0.0394,0.0448,0.0159,0.0902,0.0397,0.3301,0.1357
13250,-117.755,34.715,0.0552,0.0176,0.0352,0.0176,0.1157,0.0434,0.0986,0.0439,0.1183,0.0492,0.0489,0.0176,0.0943,0.0424,0.3427,0.1431
13251,-117.745,34.715,0.0467,0.0144,0.039,0.0201,0.1154,0.0435,0.0988,0.0442,0.1006,0.04,0.0507,0.0183,0.0943,0.0426,0.34,0.1424
13252,-117.735,34.715,0.0479,0.015,0.041,0.0215,0.1099,0.0409,0.0946,0.0417,0.1031,0.0417,0.0503,0.0179,0.0901,0.0402,0.3368,0.1414
13253,-117.725,34.715,0.0439,0.0135,0.0348,0.0176,0.1068,0.0396,0.0924,0.0406,0.095,0.0373,0.0508,0.018,0.0879,0.0391,0.3164,0.1311
13254,-117.715,34.715,0.0415,0.0127,0.0282,0.0135,0.1045,0.0388,0.0909,0.04,0.0898,0.0348,0.0516,0.0183,0.0862,0.0383,0.3009,0.1235
13255,-117.705,34.715,0.0412,0.0126,0.0281,0.0134,0.1035,0.0385,0.0904,0.0399,0.0893,0.0346,0.0529,0.0188,0.0856,0.0381,0.2941,0.1204
13256,-117.695,34.715,0.041,0.0126,0.0296,0.0144,0.1105,0.0422,0.0971,0.0439,0.0886,0.0344,0.0587,0.0214,0.0917,0.0419,0.2956,0.1217
13257,-117.685,34.715,0.0483,0.0156,0.0326,0.0163,0.1257,0.0498,0.1109,0.052,0.1042,0.0424,0.0689,0.026,0.1045,0.0495,0.3379,0.1455
13258,-117.675,34.715,0.0673,0.0241,0.0356,0.0183,0.151,0.0641,0.1341,0.0673,0.1426,0.0646,0.0861,0.0347,0.1259,0.0639,0.3832,0.1744
13259,-117.665,34.715,0.0679,0.0245,0.0388,0.0205,0.1692,0.0746,0.1508,0.0786,0.1439,0.0653,0.0992,0.0414,0.1413,0.0744,0.4182,0.1989
13260,-117.655,34.715,0.067,0.0242,0.0427,0.0231,0.1421,0.0597,0.1267,0.0631,0.1418,0.0641,0.0852,0.034,0.119,0.0597,0.4293,0.2086
13261,-118.945,34.725,0.0363,0.0144,0.0321,0.0174,0.1344,0.0453,0.2007,0.0936,0.0617,0.0248,0.0197,0.0142,0.3685,0.1542,0.2516,0.0994
13262,-118.935,34.725,0.0467,0.0195,0.0416,0.0238,0.1245,0.0403,0.1863,0.084,0.0779,0.0332,0.0179,0.0125,0.3388,0.1358,0.269,0.1075
13263,-118.925,34.725,0.0355,0.0137,0.0374,0.0209,0.1378,0.0461,0.205,0.0966,0.0589,0.0231,0.0197,0.0142,0.357,0.1498,0.2686,0.1062
13264,-118.915,34.725,0.0385,0.0151,0.0331,0.0178,0.1531,0.0529,0.2268,0.1113,0.0629,0.025,0.0218,0.0161,0.3796,0.1666,0.2796,0.111
13265,-118.905,34.725,0.0502,0.0209,0.0415,0.0235,0.1557,0.0536,0.2302,0.1136,0.0802,0.0338,0.0218,0.0162,0.3756,0.165,0.2933,0.1171
13266,-118.895,34.725,0.0529,0.0221,0.0459,0.0265,0.1647,0.0571,0.2428,0.122,0.083,0.0352,0.0228,0.0171,0.3857,0.1723,0.311,0.1262
13267,-118.885,34.725,0.0534,0.0222,0.0462,0.0267,0.1803,0.0633,0.2645,0.1364,0.0825,0.0347,0.0248,0.0189,0.4099,0.1885,0.3331,0.139
13268,-118.875,34.725,0.0544,0.0225,0.048,0.0279,0.1967,0.0705,0.2873,0.1532,0.0826,0.0345,0.0268,0.0208,0.4293,0.2033,0.3558,0.1525
13269,-118.865,34.725,0.0582,0.0243,0.0497,0.029,0.2108,0.0767,0.3068,0.1678,0.0866,0.0365,0.0283,0.0224,0.4432,0.2145,0.3697,0.16
13270,-118.855,34.725,0.059,0.0245,0.0498,0.029,0.2123,0.0769,0.3087,0.1698,0.0863,0.0361,0.0279,0.022,0.435,0.2093,0.377,0.1627
13271,-118.845,34.725,0.058,0.0238,0.0497,0.0288,0.2161,0.0783,0.3137,0.1746,0.0835,0.0344,0.0279,0.022,0.43,0.2069,0.3802,0.1624
13272,-118.835,34.725,0.0585,0.0239,0.0495,0.0285,0.2223,0.0809,0.3218,0.1822,0.0828,0.0338,0.0282,0.0222,0.428,0.2075,0.3851,0.1632
13273,-118.825,34.725,0.0587,0.0237,0.0488,0.028,0.2229,0.0806,0.3225,0.1838,0.0815,0.0329,0.0276,0.0216,0.4186,0.2013,0.3877,0.1622
13274,-118.815,34.725,0.058,0.0231,0.0484,0.0276,0.224,0.0805,0.3238,0.1862,0.079,0.0315,0.0271,0.0209,0.4098,0.1956,0.3914,0.1619
13275,-118.805,34.725,0.0601,0.024,0.0505,0.029,0.2328,0.0845,0.3353,0.1981,0.0806,0.0321,0.0278,0.0213,0.4112,0.199,0.3979,0.1637
13276,-118.795,34.725,0.0609,0.0242,0.0508,0.0291,0.2365,0.0859,0.3401,0.2042,0.0814,0.0325,0.0277,0.0209,0.4062,0.1965,0.4094,0.169
13277,-118.785,34.725,0.0603,0.0236,0.0494,0.028,0.2352,0.0846,0.3382,0.2046,0.081,0.0322,0.027,0.0198,0.3946,0.1883,0.4195,0.1728
13278,-118.775,34.725,0.0611,0.0238,0.0494,0.0279,0.2385,0.0859,0.3422,0.2112,0.0823,0.0328,0.027,0.0193,0.3889,0.1853,0.4322,0.1785
13279,-118.765,34.725,0.0619,0.024,0.0497,0.0281,0.2429,0.0876,0.3475,0.2193,0.0838,0.0335,0.0273,0.019,0.3845,0.1833,0.4466,0.1855
13280,-118.755,34.725,0.0627,0.0242,0.05,0.0282,0.2473,0.0895,0.3527,0.228,0.0854,0.0343,0.0278,0.0188,0.3803,0.1815,0.4618,0.1929
13281,-118.745,34.725,0.0636,0.0244,0.0503,0.0284,0.2494,0.0902,0.3545,0.2332,0.0871,0.0351,0.028,0.0185,0.3732,0.1772,0.4771,0.2
13282,-118.735,34.725,0.0645,0.0246,0.0507,0.0285,0.249,0.0897,0.3529,0.2349,0.0888,0.036,0.0281,0.0181,0.363,0.1705,0.485,0.2003
13283,-118.725,34.725,0.0654,0.0248,0.0509,0.0286,0.2223,0.077,0.3147,0.2005,0.0907,0.0369,0.025,0.0155,0.3188,0.1424,0.4766,0.1892
13284,-118.715,34.725,0.0609,0.0226,0.049,0.0273,0.1932,0.0632,0.2726,0.162,0.0852,0.0343,0.0217,0.0128,0.2717,0.1131,0.4461,0.165
13285,-118.705,34.725,0.0409,0.0135,0.0367,0.0191,0.1781,0.0567,0.2482,0.1394,0.0585,0.021,0.0204,0.0117,0.2448,0.0988,0.3991,0.139
13286,-118.695,34.725,0.0404,0.0131,0.0307,0.0151,0.1721,0.0541,0.2364,0.1259,0.0582,0.0209,0.0202,0.0115,0.2302,0.0912,0.3987,0.1366
13287,-118.685,34.725,0.041,0.0133,0.031,0.0152,0.1754,0.0553,0.2371,0.1215,0.0595,0.0215,0.0212,0.0122,0.228,0.0905,0.4152,0.1426
13288,-118.675,34.725,0.0417,0.0134,0.0312,0.0153,0.1787,0.0565,0.2375,0.1173,0.0609,0.0221,0.0222,0.0129,0.226,0.0898,0.4355,0.1502
13289,-118.665,34.725,0.0424,0.0135,0.0314,0.0154,0.1823,0.0578,0.238,0.1134,0.0622,0.0227,0.0233,0.0137,0.2242,0.0893,0.4578,0.1588
13290,-118.655,34.725,0.0431,0.0137,0.0317,0.0155,0.1867,0.0596,0.2394,0.1105,0.0636,0.0233,0.0247,0.0146,0.2237,0.0894,0.4845,0.1694
13291,-118.645,34.725,0.0438,0.0138,0.0319,0.0156,0.1965,0.0639,0.2472,0.1118,0.0648,0.0238,0.0269,0.0161,0.2294,0.093,0.5194,0.184
13292,-118.635,34.725,0.0446,0.014,0.0322,0.0157,0.2117,0.0706,0.2612,0.1174,0.0661,0.0244,0.03,0.0183,0.2415,0.1002,0.5632,0.2029
13293,-118.625,34.725,0.0454,0.0141,0.0325,0.0159,0.2183,0.0738,0.2642,0.1165,0.0673,0.0249,0.032,0.0195,0.2435,0.1018,0.615,0.2263
13294,-118.615,34.725,0.0465,0.0144,0.0333,0.0163,0.2254,0.0776,0.2674,0.1161,0.0688,0.0256,0.0342,0.0209,0.246,0.1039,0.6444,0.2383
13295,-118.605,34.725,0.0507,0.0159,0.0366,0.0184,0.2436,0.0876,0.2827,0.1248,0.0747,0.0284,0.0387,0.024,0.2603,0.1142,0.6982,0.2646
13296,-118.595,34.725,0.0556,0.0176,0.0382,0.0193,0.2438,0.0883,0.2782,0.1204,0.0815,0.0316,0.0397,0.0243,0.2557,0.1119,0.7569,0.293
13297,-118.585,34.725,0.0555,0.0174,0.038,0.0191,0.2262,0.0796,0.2538,0.1029,0.081,0.0312,0.0373,0.0217,0.2323,0.097,0.7859,0.3026
13298,-118.575,34.725,0.0521,0.0159,0.0384,0.0193,0.2228,0.0787,0.2451,0.0972,0.0756,0.0286,0.0377,0.0215,0.2251,0.0928,0.8433,0.3304
13299,-118.565,34.725,0.0571,0.0176,0.0389,0.0196,0.2217,0.0793,0.2393,0.0938,0.0821,0.0317,0.0387,0.0216,0.2208,0.0907,0.9044,0.3615
13300,-118.555,34.725,0.057,0.0173,0.0395,0.02,0.2184,0.0792,0.2314,0.0898,0.0814,0.0313,0.0393,0.0214,0.214,0.0874,0.9509,0.3832
13301,-118.545,34.725,0.0554,0.0165,0.0381,0.019,0.216,0.0797,0.2248,0.0868,0.0784,0.0298,0.04,0.0214,0.2086,0.0849,0.9696,0.3865
13302,-118.535,34.725,0.0526,0.0153,0.0347,0.0169,0.2145,0.0808,0.2194,0.0847,0.0739,0.0275,0.041,0.0214,0.2045,0.083,0.987,0.3919
13303,-118.525,34.725,0.0534,0.0154,0.0343,0.0166,0.2144,0.083,0.216,0.0841,0.0741,0.0276,0.0422,0.0215,0.2022,0.0821,1.029,0.4121
13304,-118.515,34.725,0.0588,0.0172,0.0359,0.0176,0.2186,0.0877,0.217,0.086,0.0804,0.0306,0.0445,0.0223,0.204,0.0835,1.1118,0.4655
13305,-118.505,34.725,0.0766,0.0236,0.0442,0.0228,0.2417,0.104,0.2371,0.0992,0.1026,0.0417,0.0512,0.0259,0.2242,0.0957,1.2235,0.5492
13306,-118.495,34.725,0.081,0.025,0.0471,0.0247,0.2613,0.1205,0.2541,0.1125,0.1067,0.0438,0.0579,0.0294,0.2412,0.1075,1.2507,0.5949
13307,-118.485,34.725,0.0753,0.0225,0.0448,0.0231,0.2772,0.1372,0.2679,0.1257,0.098,0.0392,0.0645,0.0329,0.2548,0.119,1.2341,0.5873
13308,-118.475,34.725,0.0778,0.0231,0.048,0.0251,0.2801,0.1437,0.2695,0.1295,0.0995,0.0398,0.0668,0.0332,0.2565,0.1209,1.213,0.5828
13309,-118.465,34.725,0.0872,0.0264,0.052,0.0277,0.2802,0.148,0.2687,0.1313,0.1091,0.0448,0.0683,0.0329,0.256,0.1209,1.1964,0.591
13310,-118.455,34.725,0.092,0.0278,0.0548,0.0296,0.2805,0.1519,0.2687,0.1332,0.1129,0.0467,0.0698,0.0325,0.256,0.1212,1.1778,0.5924
13311,-118.445,34.725,0.0911,0.027,0.0573,0.0313,0.2926,0.1646,0.2803,0.1427,0.11,0.045,0.0745,0.0339,0.2664,0.128,1.1661,0.5886
13312,-118.435,34.725,0.1014,0.0305,0.0597,0.0329,0.3165,0.186,0.3034,0.1597,0.1198,0.0504,0.0824,0.0369,0.2872,0.1413,1.1575,0.6198
13313,-118.425,34.725,0.1084,0.0326,0.0614,0.0341,0.3277,0.1979,0.3117,0.1669,0.126,0.0536,0.0869,0.039,0.2953,0.1479,1.1476,0.6594
13314,-118.415,34.725,0.1121,0.0335,0.0629,0.0351,0.3295,0.2018,0.3103,0.1669,0.1285,0.0549,0.0884,0.0398,0.2943,0.1486,1.1303,0.6524
13315,-118.405,34.725,0.1147,0.0338,0.0635,0.0355,0.2982,0.1763,0.2761,0.1421,0.1298,0.0554,0.0785,0.0347,0.2621,0.1271,1.1159,0.5999
13316,-118.395,34.725,0.1158,0.0335,0.0634,0.0354,0.2953,0.1718,0.2675,0.1348,0.1301,0.0553,0.0774,0.0349,0.256,0.1231,1.1003,0.5748
13317,-118.385,34.725,0.115,0.0325,0.0627,0.0348,0.3208,0.1884,0.2846,0.1449,0.1297,0.0551,0.085,0.0404,0.2761,0.1365,1.0842,0.5786
13318,-118.375,34.725,0.117,0.0325,0.063,0.035,0.3296,0.1927,0.2866,0.146,0.1329,0.057,0.0878,0.0435,0.2816,0.1411,1.0683,0.6064
13319,-118.365,34.725,0.1185,0.0323,0.0634,0.0353,0.3341,0.1936,0.2849,0.145,0.1355,0.0586,0.0894,0.0459,0.2834,0.1433,1.0509,0.6022
13320,-118.355,34.725,0.1201,0.0321,0.0636,0.0354,0.3338,0.1902,0.28,0.1418,0.1382,0.0603,0.0892,0.0474,0.2816,0.1427,1.035,0.5949
13321,-118.345,34.725,0.1206,0.0315,0.0634,0.0352,0.3321,0.1857,0.2744,0.1384,0.1397,0.0612,0.0886,0.0486,0.2789,0.1412,1.0201,0.5852
13322,-118.335,34.725,0.1208,0.0309,0.0629,0.0348,0.3288,0.1801,0.2683,0.1348,0.1408,0.0619,0.0874,0.0495,0.2751,0.139,1.0056,0.5737
13323,-118.325,34.725,0.1208,0.0302,0.0623,0.0344,0.326,0.1755,0.2633,0.1323,0.1418,0.0625,0.0867,0.0508,0.2723,0.1376,0.9916,0.5632
13324,-118.315,34.725,0.1215,0.0297,0.0627,0.0346,0.3247,0.1723,0.2598,0.1312,0.1434,0.0635,0.0867,0.0526,0.2711,0.1375,0.978,0.565
13325,-118.305,34.725,0.1297,0.0317,0.0678,0.0383,0.3309,0.1761,0.2631,0.1356,0.1534,0.0698,0.0901,0.0572,0.2767,0.143,0.9631,0.5747
13326,-118.295,34.725,0.1406,0.0345,0.0707,0.0403,0.3366,0.1796,0.2658,0.1398,0.1664,0.0781,0.0936,0.0618,0.2818,0.1481,0.9473,0.5873
13327,-118.285,34.725,0.1423,0.0343,0.0714,0.0408,0.3418,0.1826,0.2678,0.1437,0.1693,0.08,0.0972,0.0665,0.2866,0.1527,0.9332,0.59
13328,-118.275,34.725,0.143,0.0336,0.0713,0.0407,0.3393,0.1792,0.2627,0.1421,0.1711,0.0813,0.0984,0.0691,0.2849,0.152,0.9208,0.5857
13329,-118.265,34.725,0.1437,0.0331,0.0711,0.0406,0.3352,0.1746,0.2561,0.1395,0.1736,0.0828,0.0992,0.0712,0.282,0.1503,0.909,0.5801
13330,-118.255,34.725,0.1445,0.0326,0.0711,0.0405,0.3314,0.1705,0.2495,0.1372,0.1765,0.0847,0.1002,0.0735,0.2794,0.1489,0.8975,0.5744
13331,-118.245,34.725,0.1452,0.032,0.0709,0.0403,0.3273,0.1665,0.2428,0.1347,0.1791,0.0863,0.1007,0.0751,0.2766,0.1474,0.8861,0.569
13332,-118.235,34.725,0.1457,0.0314,0.0706,0.0401,0.323,0.1624,0.2358,0.1322,0.1811,0.0875,0.1005,0.076,0.2738,0.1458,0.8752,0.5621
13333,-118.225,34.725,0.1468,0.031,0.0707,0.0402,0.3195,0.1591,0.2299,0.1302,0.1832,0.0887,0.0996,0.0756,0.2718,0.1448,0.8647,0.5553
13334,-118.215,34.725,0.1482,0.0307,0.0708,0.0402,0.316,0.156,0.2249,0.1284,0.1852,0.0897,0.0984,0.075,0.27,0.144,0.8546,0.5484
13335,-118.205,34.725,0.1497,0.0304,0.0709,0.0403,0.312,0.1527,0.2232,0.1266,0.1869,0.0906,0.0972,0.0742,0.2679,0.143,0.8452,0.5409
13336,-118.195,34.725,0.1501,0.0299,0.0709,0.0403,0.3079,0.1494,0.2232,0.125,0.1873,0.0906,0.0964,0.0734,0.2659,0.142,0.8363,0.5319
13337,-118.185,34.725,0.1507,0.0295,0.0706,0.0401,0.3038,0.1462,0.2248,0.1237,0.188,0.0908,0.0957,0.0726,0.2639,0.141,0.8276,0.5241
13338,-118.175,34.725,0.152,0.0295,0.0708,0.0403,0.2996,0.1429,0.2266,0.1226,0.1898,0.0918,0.0958,0.0721,0.2618,0.1399,0.8191,0.5168
13339,-118.165,34.725,0.1522,0.0296,0.0709,0.0404,0.2952,0.1396,0.2281,0.1215,0.1911,0.0925,0.096,0.0716,0.2595,0.1387,0.8105,0.5092
13340,-118.155,34.725,0.1501,0.0293,0.0701,0.0397,0.2896,0.1355,0.2281,0.1196,0.1906,0.0919,0.0966,0.0708,0.2555,0.136,0.8017,0.4986
13341,-118.145,34.725,0.1468,0.029,0.0693,0.0392,0.2857,0.1326,0.2285,0.1185,0.1894,0.0909,0.0978,0.0701,0.252,0.1337,0.7926,0.4886
13342,-118.135,34.725,0.144,0.029,0.0687,0.0388,0.2837,0.131,0.2294,0.1182,0.1895,0.0908,0.0996,0.0697,0.2489,0.1318,0.7837,0.4802
13343,-118.125,34.725,0.1416,0.0294,0.0685,0.0386,0.2834,0.1308,0.2312,0.1189,0.1906,0.0914,0.1016,0.0691,0.2466,0.1306,0.775,0.4735
13344,-118.115,34.725,0.1386,0.0296,0.0683,0.0385,0.2836,0.1307,0.2329,0.1198,0.1913,0.0918,0.1037,0.0685,0.2444,0.1294,0.7665,0.4673
13345,-118.105,34.725,0.1352,0.0297,0.0679,0.0382,0.2835,0.1305,0.2339,0.1204,0.1914,0.0917,0.1054,0.0673,0.242,0.128,0.7579,0.461
13346,-118.095,34.725,0.1325,0.03,0.0677,0.0381,0.2837,0.1305,0.2349,0.1211,0.1924,0.0924,0.1074,0.0662,0.24,0.127,0.7497,0.4554
13347,-118.085,34.725,0.1304,0.0305,0.0679,0.0383,0.2841,0.1308,0.236,0.122,0.1939,0.0933,0.1095,0.0652,0.2384,0.1263,0.7418,0.4505
13348,-118.075,34.725,0.1279,0.0307,0.0678,0.0382,0.284,0.1308,0.2364,0.1225,0.1947,0.0937,0.1111,0.0639,0.2367,0.1255,0.7341,0.4454
13349,-118.065,34.725,0.1255,0.031,0.0676,0.0381,0.2837,0.1307,0.2367,0.1229,0.1954,0.0941,0.1125,0.0625,0.235,0.1246,0.7266,0.4401
13350,-118.055,34.725,0.1236,0.0313,0.0676,0.0381,0.2829,0.1303,0.2364,0.123,0.1964,0.0947,0.1131,0.0609,0.2332,0.1237,0.7192,0.4345
13351,-118.045,34.725,0.1212,0.0314,0.0674,0.038,0.2818,0.1297,0.2359,0.1229,0.1965,0.0947,0.1134,0.0593,0.2312,0.1227,0.7117,0.4285
13352,-118.035,34.725,0.1188,0.0315,0.067,0.0378,0.2804,0.1289,0.235,0.1226,0.1964,0.0945,0.1136,0.0577,0.2292,0.1216,0.7042,0.4222
13353,-118.025,34.725,0.1171,0.0318,0.0669,0.0377,0.2792,0.1283,0.2343,0.1224,0.1971,0.0949,0.1138,0.0562,0.2275,0.1208,0.6971,0.4169
13354,-118.015,34.725,0.1151,0.0318,0.0667,0.0376,0.2778,0.1276,0.2335,0.1222,0.197,0.0948,0.114,0.0548,0.2258,0.12,0.6898,0.4111
13355,-118.005,34.725,0.1132,0.0319,0.0665,0.0375,0.2761,0.1267,0.2323,0.1217,0.1968,0.0946,0.114,0.0533,0.2239,0.1191,0.6825,0.4054
13356,-117.995,34.725,0.1116,0.032,0.0663,0.0374,0.2743,0.1259,0.231,0.1213,0.197,0.0947,0.1138,0.052,0.2221,0.1182,0.6753,0.3999
13357,-117.985,34.725,0.1104,0.0322,0.0663,0.0374,0.2725,0.125,0.2297,0.1208,0.1975,0.095,0.1135,0.0507,0.2204,0.1174,0.6683,0.3948
13358,-117.975,34.725,0.1092,0.0324,0.0662,0.0374,0.2707,0.1241,0.2283,0.1203,0.1981,0.0954,0.1128,0.0495,0.2187,0.1167,0.6614,0.3898
13359,-117.965,34.725,0.1081,0.0326,0.0662,0.0374,0.2688,0.1232,0.2269,0.1198,0.1983,0.0956,0.1118,0.0484,0.2171,0.116,0.6545,0.3846
13360,-117.955,34.725,0.1066,0.0326,0.0659,0.0373,0.2669,0.1224,0.2254,0.1192,0.1981,0.0954,0.1103,0.0475,0.2156,0.1154,0.6474,0.3791
13361,-117.945,34.725,0.1053,0.0326,0.0656,0.0372,0.2647,0.1213,0.2237,0.1184,0.1978,0.0953,0.1085,0.0465,0.2139,0.1146,0.6401,0.373
13362,-117.935,34.725,0.104,0.0326,0.0654,0.037,0.2622,0.1201,0.2216,0.1174,0.1976,0.0952,0.1062,0.0454,0.212,0.1137,0.6321,0.3658
13363,-117.925,34.725,0.1032,0.0328,0.0604,0.0335,0.2463,0.1102,0.2076,0.1077,0.1978,0.0954,0.0978,0.0411,0.1992,0.1046,0.6137,0.344
13364,-117.915,34.725,0.0871,0.0267,0.0553,0.03,0.2298,0.0999,0.1929,0.0976,0.1713,0.078,0.089,0.0366,0.1859,0.095,0.5879,0.3125
13365,-117.905,34.725,0.0852,0.0263,0.0546,0.0296,0.2233,0.0963,0.1873,0.0942,0.1692,0.0768,0.0851,0.0348,0.1808,0.0918,0.5699,0.2946
13366,-117.895,34.725,0.0845,0.0264,0.0542,0.0294,0.2191,0.0941,0.1836,0.0921,0.169,0.0767,0.0821,0.0336,0.1776,0.0899,0.5618,0.2884
13367,-117.885,34.725,0.0838,0.0264,0.0541,0.0293,0.2171,0.0933,0.1819,0.0914,0.1687,0.0765,0.0802,0.0329,0.1762,0.0894,0.5547,0.2836
13368,-117.875,34.725,0.0832,0.0265,0.0539,0.0293,0.2144,0.0921,0.1797,0.0903,0.1682,0.0764,0.0781,0.0321,0.1743,0.0885,0.5477,0.2787
13369,-117.865,34.725,0.0826,0.0265,0.0537,0.0292,0.2111,0.0906,0.177,0.0889,0.1678,0.0761,0.0759,0.0312,0.172,0.0873,0.5402,0.2735
13370,-117.855,34.725,0.0814,0.0263,0.0529,0.0287,0.206,0.088,0.1726,0.0864,0.1663,0.0753,0.0731,0.03,0.1681,0.085,0.5231,0.2587
13371,-117.845,34.725,0.08,0.026,0.0504,0.0271,0.1934,0.0812,0.1619,0.0799,0.1642,0.0741,0.0679,0.0275,0.158,0.0786,0.4885,0.2316
13372,-117.835,34.725,0.0711,0.0226,0.046,0.0242,0.1733,0.0704,0.1449,0.0693,0.1474,0.0642,0.0602,0.0237,0.1418,0.0683,0.437,0.1954
13373,-117.825,34.725,0.0454,0.013,0.0371,0.0186,0.1447,0.0562,0.1211,0.0554,0.0956,0.0369,0.0506,0.0191,0.1187,0.0547,0.3713,0.1548
13374,-117.815,34.725,0.0436,0.0125,0.0288,0.0136,0.1188,0.0436,0.0995,0.0431,0.0924,0.0354,0.0422,0.0151,0.0978,0.0427,0.3277,0.1323
13375,-117.805,34.725,0.0434,0.0125,0.0288,0.0135,0.1147,0.0419,0.0963,0.0416,0.0921,0.0353,0.0418,0.0148,0.0946,0.0411,0.3116,0.1244
13376,-117.795,34.725,0.0431,0.0125,0.0287,0.0135,0.112,0.0409,0.0945,0.0407,0.0918,0.0353,0.0421,0.0149,0.0926,0.0402,0.3072,0.1227
13377,-117.785,34.725,0.0428,0.0125,0.0286,0.0135,0.1109,0.0406,0.0939,0.0406,0.0915,0.0352,0.0432,0.0153,0.0919,0.04,0.3048,0.1221
13378,-117.775,34.725,0.0425,0.0125,0.0285,0.0135,0.1098,0.0403,0.0934,0.0405,0.0912,0.0351,0.0444,0.0157,0.0912,0.0398,0.3025,0.1216
13379,-117.765,34.725,0.0422,0.0125,0.0284,0.0135,0.1088,0.04,0.0929,0.0404,0.0908,0.035,0.0457,0.0162,0.0906,0.0397,0.308,0.1251
13380,-117.755,34.725,0.042,0.0125,0.0283,0.0134,0.1083,0.04,0.0929,0.0405,0.0904,0.0349,0.0473,0.0167,0.0904,0.0397,0.3093,0.1264
13381,-117.745,34.725,0.0417,0.0125,0.0282,0.0134,0.1073,0.0397,0.0925,0.0404,0.0899,0.0348,0.0487,0.0172,0.0897,0.0395,0.3047,0.1246
13382,-117.735,34.725,0.0414,0.0125,0.0281,0.0134,0.1057,0.0392,0.0915,0.0401,0.0895,0.0347,0.0497,0.0176,0.0886,0.0391,0.3016,0.1236
13383,-117.725,34.725,0.0412,0.0125,0.028,0.0134,0.1045,0.0389,0.091,0.04,0.089,0.0346,0.051,0.0181,0.0879,0.0389,0.2954,0.1209
13384,-117.715,34.725,0.0409,0.0125,0.0279,0.0133,0.1035,0.0386,0.0905,0.0399,0.0884,0.0344,0.0523,0.0185,0.0872,0.0387,0.2904,0.1188
13385,-117.705,34.725,0.0406,0.0125,0.0278,0.0133,0.1025,0.0383,0.09,0.0398,0.0879,0.0342,0.0536,0.019,0.0866,0.0385,0.2887,0.1184
13386,-117.695,34.725,0.0404,0.0125,0.0304,0.015,0.1166,0.0459,0.1029,0.0479,0.0873,0.034,0.0634,0.0237,0.0987,0.0463,0.293,0.121
13387,-117.685,34.725,0.0507,0.0168,0.0358,0.0184,0.1456,0.0613,0.1292,0.0642,0.1092,0.0453,0.0819,0.0325,0.1237,0.0619,0.3609,0.1618
13388,-117.675,34.725,0.0702,0.0254,0.0431,0.0233,0.1628,0.0712,0.145,0.0748,0.1489,0.0681,0.0945,0.0389,0.1384,0.0719,0.4151,0.2003
13389,-117.665,34.725,0.0716,0.0263,0.048,0.0267,0.1695,0.0754,0.1514,0.0795,0.1515,0.0699,0.1009,0.0422,0.1442,0.0762,0.4348,0.2163
13390,-117.655,34.725,0.0637,0.0229,0.0392,0.0209,0.1367,0.0574,0.1221,0.0606,0.1352,0.0607,0.0831,0.0328,0.1165,0.0581,0.4029,0.1909
13391,-118.945,34.735,0.0291,0.011,0.0305,0.0164,0.1114,0.035,0.1658,0.0729,0.0501,0.0192,0.0165,0.011,0.328,0.128,0.2377,0.0925
13392,-118.935,34.735,0.0321,0.0124,0.0387,0.022,0.1166,0.0367,0.1731,0.0771,0.0544,0.0213,0.017,0.0115,0.3341,0.1318,0.256,0.1007
13393,-118.925,34.735,0.0319,0.0122,0.0343,0.0189,0.1186,0.0373,0.1757,0.0789,0.0534,0.0207,0.0171,0.0116,0.3306,0.1312,0.2635,0.1034
13394,-118.915,34.735,0.03,0.0111,0.0293,0.0154,0.1202,0.0377,0.1777,0.0803,0.0495,0.0186,0.0171,0.0116,0.3255,0.1298,0.2564,0.0986
13395,-118.905,34.735,0.0305,0.0113,0.0334,0.0181,0.1225,0.0383,0.1807,0.0823,0.0495,0.0185,0.0172,0.0118,0.3222,0.129,0.2693,0.1042
13396,-118.895,34.735,0.0368,0.0142,0.0389,0.0218,0.1483,0.0495,0.2167,0.107,0.0586,0.0228,0.0208,0.0151,0.3656,0.1593,0.3017,0.1215
13397,-118.885,34.735,0.0528,0.0221,0.0456,0.0265,0.1976,0.0712,0.2857,0.1544,0.0817,0.0346,0.0279,0.0218,0.4555,0.2209,0.348,0.1484
13398,-118.875,34.735,0.0571,0.0241,0.0475,0.0277,0.2083,0.0756,0.3005,0.1652,0.0867,0.0371,0.0291,0.0229,0.4656,0.2286,0.3687,0.162
13399,-118.865,34.735,0.0563,0.0235,0.0482,0.0281,0.2106,0.0761,0.3032,0.1679,0.0841,0.0355,0.0289,0.0228,0.4583,0.2244,0.3736,0.1631
13400,-118.855,34.735,0.0548,0.0225,0.0478,0.0277,0.2096,0.075,0.3018,0.1673,0.0807,0.0334,0.0281,0.0221,0.4465,0.2159,0.3754,0.1617
13401,-118.845,34.735,0.0558,0.0228,0.0478,0.0276,0.2104,0.0749,0.3028,0.1688,0.0805,0.0331,0.0276,0.0216,0.4372,0.2098,0.3788,0.1615
13402,-118.835,34.735,0.0567,0.0231,0.0484,0.028,0.213,0.0756,0.3062,0.1725,0.0803,0.0328,0.0273,0.0213,0.4305,0.2062,0.3838,0.1625
13403,-118.825,34.735,0.0565,0.0228,0.0483,0.0278,0.2153,0.0762,0.3091,0.1763,0.0787,0.0317,0.027,0.0209,0.4233,0.2021,0.3872,0.162
13404,-118.815,34.735,0.0576,0.0231,0.0483,0.0277,0.2185,0.0773,0.3132,0.1813,0.0788,0.0317,0.0267,0.0205,0.4174,0.1991,0.393,0.1633
13405,-118.805,34.735,0.0595,0.0239,0.0497,0.0286,0.2263,0.0808,0.3234,0.1923,0.0802,0.0322,0.0272,0.0207,0.4178,0.2017,0.4012,0.1665
13406,-118.795,34.735,0.0599,0.0239,0.0498,0.0286,0.2299,0.0821,0.328,0.1987,0.0804,0.0322,0.0271,0.0203,0.4127,0.1993,0.411,0.1705
13407,-118.785,34.735,0.0595,0.0235,0.0486,0.0277,0.2294,0.0813,0.3271,0.2005,0.0802,0.032,0.0264,0.0192,0.402,0.1918,0.4208,0.174
13408,-118.775,34.735,0.0603,0.0236,0.0487,0.0277,0.2326,0.0825,0.3311,0.2079,0.0814,0.0326,0.0264,0.0186,0.3964,0.1889,0.4329,0.1793
13409,-118.765,34.735,0.0611,0.0238,0.0488,0.0277,0.2359,0.0838,0.3352,0.2158,0.0829,0.0333,0.0266,0.018,0.3907,0.1861,0.4451,0.1844
13410,-118.755,34.735,0.0616,0.0238,0.0482,0.0271,0.2358,0.0837,0.3344,0.2205,0.0842,0.0339,0.0265,0.0173,0.3799,0.1798,0.4541,0.1867
13411,-118.745,34.735,0.0606,0.0231,0.045,0.0249,0.2328,0.0821,0.3298,0.2213,0.0834,0.0335,0.0261,0.0164,0.3659,0.1709,0.4434,0.1764
13412,-118.735,34.735,0.0557,0.0207,0.0393,0.0211,0.2268,0.0789,0.3212,0.2181,0.0775,0.0305,0.0255,0.0155,0.3488,0.1593,0.4291,0.1649
13413,-118.725,34.735,0.0452,0.0157,0.0383,0.0204,0.1972,0.0655,0.2788,0.1818,0.0639,0.0237,0.0222,0.0129,0.2991,0.1292,0.414,0.1531
13414,-118.715,34.735,0.0402,0.0134,0.0379,0.0201,0.1688,0.0528,0.2375,0.1448,0.0575,0.0207,0.0192,0.0105,0.2514,0.1007,0.4016,0.1425
13415,-118.705,34.735,0.0403,0.0133,0.0364,0.019,0.1698,0.0533,0.2352,0.1381,0.058,0.021,0.0198,0.011,0.246,0.0986,0.4076,0.1429
13416,-118.695,34.735,0.0428,0.0143,0.0348,0.0178,0.1737,0.0551,0.2363,0.1339,0.0621,0.0229,0.021,0.0118,0.2442,0.0987,0.4339,0.1543
13417,-118.685,34.735,0.0419,0.0137,0.0331,0.0166,0.1803,0.058,0.2408,0.1324,0.0614,0.0226,0.0226,0.013,0.2461,0.101,0.461,0.1661
13418,-118.675,34.735,0.0441,0.0145,0.0349,0.0178,0.1832,0.0592,0.2405,0.1269,0.0651,0.0243,0.0237,0.0139,0.2435,0.0999,0.4823,0.1745
13419,-118.665,34.735,0.0445,0.0146,0.037,0.0191,0.1852,0.0598,0.239,0.1206,0.0662,0.0248,0.0247,0.0146,0.2398,0.098,0.505,0.1835
13420,-118.655,34.735,0.0454,0.0147,0.0369,0.019,0.1865,0.0601,0.2364,0.1143,0.0679,0.0256,0.0256,0.0152,0.2353,0.0953,0.5263,0.1913
13421,-118.645,34.735,0.0474,0.0154,0.0371,0.019,0.1992,0.0657,0.2476,0.1172,0.0711,0.0271,0.0283,0.0172,0.2442,0.1004,0.5583,0.205
13422,-118.635,34.735,0.0539,0.0179,0.0374,0.0192,0.2234,0.0765,0.2724,0.1294,0.0808,0.0318,0.0329,0.0206,0.2666,0.1133,0.6003,0.2242
13423,-118.625,34.735,0.0639,0.0219,0.037,0.0189,0.2319,0.0807,0.2774,0.1296,0.0951,0.0393,0.0353,0.0222,0.2708,0.1161,0.6433,0.2438
13424,-118.615,34.735,0.0558,0.0183,0.0371,0.0189,0.2416,0.086,0.2831,0.1309,0.0833,0.033,0.0381,0.0241,0.2758,0.12,0.675,0.2579
13425,-118.605,34.735,0.0593,0.0196,0.0413,0.0216,0.2725,0.1031,0.3124,0.149,0.0878,0.0355,0.0452,0.0294,0.3032,0.1392,0.7221,0.2813
13426,-118.595,34.735,0.0577,0.0188,0.0408,0.0212,0.2619,0.099,0.2956,0.1378,0.0852,0.0341,0.0445,0.0284,0.2872,0.1306,0.7571,0.2971
13427,-118.585,34.735,0.048,0.0146,0.0356,0.0178,0.2099,0.0734,0.2327,0.0974,0.0709,0.0267,0.0357,0.021,0.2279,0.0942,0.7382,0.2798
13428,-118.575,34.735,0.0487,0.0147,0.035,0.0174,0.2085,0.0733,0.2267,0.0925,0.0714,0.0269,0.0365,0.021,0.2225,0.0907,0.785,0.3015
13429,-118.565,34.735,0.0517,0.0157,0.0353,0.0175,0.2149,0.0773,0.2295,0.0935,0.0752,0.0286,0.0388,0.0222,0.2255,0.0926,0.8306,0.3228
13430,-118.555,34.735,0.0502,0.0149,0.0356,0.0177,0.2085,0.0756,0.2188,0.0879,0.0725,0.0273,0.0388,0.0217,0.2156,0.0877,0.8704,0.3411
13431,-118.545,34.735,0.0509,0.015,0.0351,0.0173,0.206,0.0759,0.2125,0.0848,0.0729,0.0274,0.0395,0.0216,0.21,0.0851,0.9025,0.3552
13432,-118.535,34.735,0.0516,0.0151,0.0338,0.0165,0.2073,0.0781,0.2104,0.0842,0.0733,0.0276,0.041,0.0221,0.2085,0.0846,0.9406,0.3734
13433,-118.525,34.735,0.0524,0.0152,0.0368,0.0184,0.2137,0.084,0.2138,0.0875,0.0736,0.0277,0.044,0.0237,0.2126,0.088,1.0184,0.4199
13434,-118.515,34.735,0.0598,0.0178,0.0416,0.0214,0.2266,0.0938,0.2237,0.0948,0.0828,0.0322,0.0485,0.0262,0.2231,0.0951,1.1194,0.4991
13435,-118.505,34.735,0.0761,0.0237,0.051,0.0277,0.2663,0.1196,0.2602,0.1172,0.1034,0.0427,0.0593,0.0325,0.259,0.1165,1.2197,0.6021
13436,-118.495,34.735,0.0919,0.0298,0.0554,0.0305,0.3019,0.1468,0.2928,0.1405,0.1216,0.053,0.0705,0.039,0.2908,0.1381,1.23,0.6655
13437,-118.485,34.735,0.1006,0.033,0.0546,0.03,0.3334,0.1757,0.3216,0.1646,0.1305,0.0579,0.082,0.0457,0.3185,0.1601,1.2136,0.6682
13438,-118.475,34.735,0.1024,0.0332,0.056,0.0309,0.3378,0.184,0.3245,0.1693,0.1306,0.0578,0.0852,0.0463,0.3213,0.1632,1.193,0.6617
13439,-118.465,34.735,0.1043,0.0335,0.0578,0.0321,0.3367,0.1879,0.322,0.1699,0.1307,0.0577,0.0866,0.0456,0.3192,0.1623,1.1736,0.6582
13440,-118.455,34.735,0.1062,0.0338,0.0592,0.0329,0.3356,0.1911,0.3196,0.1704,0.1308,0.0576,0.0879,0.045,0.3172,0.1616,1.1535,0.651
13441,-118.445,34.735,0.1069,0.0336,0.0602,0.0336,0.3321,0.1914,0.3146,0.1681,0.1296,0.0567,0.088,0.0438,0.3128,0.159,1.1346,0.6365
13442,-118.435,34.735,0.1066,0.0328,0.0609,0.034,0.3262,0.1888,0.3069,0.1632,0.1272,0.0551,0.0871,0.0422,0.306,0.1543,1.1157,0.6339
13443,-118.425,34.735,0.1112,0.0341,0.0612,0.0342,0.328,0.1923,0.3053,0.1629,0.1306,0.0568,0.0886,0.0428,0.3057,0.1549,1.098,0.6331
13444,-118.415,34.735,0.1103,0.0331,0.0614,0.0343,0.3199,0.1874,0.2941,0.1556,0.1281,0.0552,0.0869,0.0416,0.2959,0.1492,1.0838,0.6123
13445,-118.405,34.735,0.0935,0.0264,0.0609,0.0339,0.2554,0.1354,0.2293,0.1097,0.1082,0.0442,0.0665,0.03,0.2338,0.1071,1.0544,0.5326
13446,-118.395,34.735,0.0715,0.0183,0.0563,0.0309,0.2454,0.1259,0.2143,0.0984,0.083,0.031,0.0631,0.0285,0.2216,0.0987,0.9972,0.4697
13447,-118.385,34.735,0.091,0.0244,0.0477,0.0251,0.2898,0.1588,0.2491,0.1216,0.1045,0.0421,0.0768,0.0371,0.2593,0.124,0.9519,0.4451
13448,-118.375,34.735,0.1019,0.0276,0.0494,0.0262,0.3043,0.1691,0.2567,0.1272,0.1171,0.0488,0.0817,0.0411,0.2703,0.1324,0.9585,0.4752
13449,-118.365,34.735,0.1108,0.03,0.0538,0.029,0.3128,0.1746,0.2591,0.1293,0.1277,0.0547,0.0849,0.0444,0.276,0.1375,0.9834,0.5134
13450,-118.355,34.735,0.1197,0.0324,0.0602,0.0333,0.322,0.1793,0.2631,0.1321,0.1381,0.0607,0.0881,0.0479,0.2827,0.1428,0.9868,0.5441
13451,-118.345,34.735,0.1199,0.0317,0.0631,0.0353,0.3251,0.1793,0.2629,0.1321,0.1391,0.0614,0.0893,0.0501,0.2844,0.1445,0.9785,0.558
13452,-118.335,34.735,0.1199,0.031,0.0624,0.0348,0.3224,0.1748,0.2587,0.1295,0.1399,0.0619,0.0886,0.0512,0.2809,0.1425,0.9649,0.553
13453,-118.325,34.735,0.1209,0.0307,0.0643,0.0361,0.3222,0.1728,0.2573,0.1293,0.1418,0.063,0.0892,0.0532,0.2802,0.1428,0.9519,0.5518
13454,-118.315,34.735,0.1287,0.0326,0.0668,0.0379,0.3246,0.1733,0.2583,0.1311,0.1512,0.069,0.091,0.0563,0.282,0.1452,0.9378,0.5619
13455,-118.305,34.735,0.1407,0.036,0.0696,0.0399,0.3373,0.1831,0.2684,0.1405,0.1652,0.0779,0.0972,0.0632,0.2932,0.1555,0.9239,0.5718
13456,-118.295,34.735,0.1413,0.0354,0.071,0.0408,0.3412,0.1851,0.2702,0.1436,0.1668,0.0791,0.1002,0.0673,0.2967,0.1593,0.9107,0.5765
13457,-118.285,34.735,0.1414,0.0346,0.0709,0.0407,0.3362,0.1794,0.2639,0.1405,0.1679,0.0798,0.1001,0.0687,0.2925,0.1565,0.8998,0.5718
13458,-118.275,34.735,0.142,0.034,0.0707,0.0406,0.3318,0.1746,0.2576,0.1378,0.1697,0.0811,0.1005,0.0707,0.289,0.1544,0.8893,0.5658
13459,-118.265,34.735,0.1423,0.0334,0.0705,0.0404,0.3277,0.1702,0.2513,0.1354,0.1721,0.0825,0.1013,0.0728,0.2859,0.1525,0.8789,0.5601
13460,-118.255,34.735,0.1429,0.0329,0.0703,0.0403,0.324,0.1664,0.2449,0.1333,0.1749,0.0843,0.1025,0.0754,0.2833,0.1511,0.8684,0.555
13461,-118.245,34.735,0.1437,0.0325,0.0702,0.0402,0.3201,0.1625,0.2382,0.1312,0.1782,0.0864,0.1031,0.0771,0.2805,0.1496,0.8579,0.5505
13462,-118.235,34.735,0.1443,0.032,0.0701,0.0401,0.3159,0.1587,0.231,0.1289,0.1805,0.0878,0.103,0.0779,0.2777,0.148,0.8478,0.5448
13463,-118.225,34.735,0.1453,0.0317,0.0702,0.0401,0.3127,0.1557,0.2247,0.1274,0.1829,0.0893,0.1019,0.0773,0.276,0.1473,0.838,0.5391
13464,-118.215,34.735,0.1463,0.0314,0.0702,0.0402,0.3094,0.1528,0.2192,0.126,0.1848,0.0904,0.1006,0.0764,0.2743,0.1466,0.8287,0.5326
13465,-118.205,34.735,0.1464,0.0309,0.0701,0.0401,0.3046,0.1489,0.2175,0.124,0.1852,0.0903,0.099,0.075,0.2716,0.145,0.8202,0.5245
13466,-118.195,34.735,0.1464,0.0305,0.07,0.04,0.2998,0.1451,0.2179,0.1223,0.1855,0.0902,0.0978,0.0738,0.269,0.1435,0.812,0.5157
13467,-118.185,34.735,0.1465,0.0302,0.0699,0.0399,0.295,0.1414,0.2203,0.1208,0.1861,0.0904,0.097,0.0727,0.2665,0.1421,0.8041,0.5084
13468,-118.175,34.735,0.1471,0.0302,0.07,0.04,0.2916,0.1388,0.2238,0.1207,0.1877,0.0913,0.0976,0.0726,0.2654,0.1419,0.7962,0.502
13469,-118.165,34.735,0.1472,0.0303,0.07,0.04,0.2879,0.1361,0.227,0.1204,0.1893,0.0921,0.0986,0.0726,0.264,0.1415,0.7883,0.4955
13470,-118.155,34.735,0.1453,0.03,0.0694,0.0396,0.2819,0.1318,0.2273,0.1187,0.1891,0.0918,0.099,0.0716,0.2602,0.1389,0.7801,0.4863
13471,-118.145,34.735,0.142,0.0296,0.0687,0.0391,0.2778,0.1288,0.2277,0.1175,0.1878,0.0907,0.0998,0.0706,0.2564,0.1364,0.7716,0.4766
13472,-118.135,34.735,0.1394,0.0295,0.068,0.0386,0.2757,0.1271,0.2282,0.1167,0.1877,0.0905,0.1009,0.0696,0.2528,0.1341,0.7632,0.468
13473,-118.125,34.735,0.1369,0.0297,0.0678,0.0384,0.2761,0.1273,0.2298,0.1173,0.1883,0.0907,0.1027,0.069,0.2505,0.1328,0.755,0.4611
13474,-118.115,34.735,0.1349,0.03,0.0676,0.0383,0.277,0.1277,0.2314,0.1181,0.1896,0.0915,0.1046,0.0684,0.2483,0.1317,0.7473,0.4555
13475,-118.105,34.735,0.1323,0.0302,0.0674,0.0382,0.2772,0.1277,0.2323,0.1185,0.1902,0.0918,0.1062,0.0673,0.2458,0.1302,0.7394,0.4497
13476,-118.095,34.735,0.1294,0.0303,0.0673,0.0381,0.2776,0.1279,0.2332,0.1192,0.1906,0.092,0.1079,0.0663,0.2437,0.1291,0.7318,0.4442
13477,-118.085,34.735,0.1273,0.0306,0.0672,0.0381,0.2783,0.1284,0.2343,0.12,0.1918,0.0927,0.1096,0.0653,0.242,0.1283,0.7244,0.4392
13478,-118.075,34.735,0.1253,0.0309,0.0671,0.038,0.2783,0.1284,0.2347,0.1205,0.193,0.0934,0.111,0.064,0.2402,0.1274,0.7174,0.4346
13479,-118.065,34.735,0.123,0.031,0.067,0.038,0.2782,0.1284,0.2349,0.121,0.1934,0.0936,0.1122,0.0627,0.2384,0.1265,0.7102,0.4293
13480,-118.055,34.735,0.1209,0.0312,0.0668,0.0379,0.2779,0.1283,0.235,0.1213,0.194,0.094,0.1131,0.0614,0.2367,0.1257,0.7032,0.4241
13481,-118.045,34.735,0.119,0.0315,0.0666,0.0377,0.2771,0.1279,0.2346,0.1214,0.1946,0.0943,0.1136,0.0599,0.2349,0.1248,0.6963,0.4188
13482,-118.035,34.735,0.117,0.0316,0.0664,0.0376,0.276,0.1273,0.2339,0.1213,0.1949,0.0944,0.114,0.0584,0.2328,0.1237,0.6893,0.4133
13483,-118.025,34.735,0.1152,0.0317,0.0663,0.0376,0.275,0.1269,0.2333,0.1213,0.1952,0.0945,0.1143,0.0571,0.2312,0.1229,0.6826,0.4082
13484,-118.015,34.735,0.1136,0.0319,0.0662,0.0376,0.2739,0.1263,0.2325,0.1212,0.1958,0.0949,0.1145,0.0557,0.2296,0.1221,0.6758,0.403
13485,-118.005,34.735,0.1119,0.032,0.066,0.0374,0.2721,0.1254,0.2312,0.1207,0.1957,0.0948,0.1142,0.0543,0.2276,0.1211,0.6689,0.3977
13486,-117.995,34.735,0.1102,0.032,0.0659,0.0374,0.2704,0.1246,0.2299,0.1203,0.1957,0.0947,0.1139,0.053,0.2257,0.1202,0.6621,0.3924
13487,-117.985,34.735,0.1088,0.0321,0.0658,0.0373,0.2689,0.1238,0.2288,0.1199,0.1959,0.0948,0.1136,0.0518,0.224,0.1194,0.6554,0.3875
13488,-117.975,34.735,0.1075,0.0323,0.0656,0.0373,0.2673,0.1231,0.2276,0.1196,0.1961,0.095,0.1129,0.0507,0.2225,0.1188,0.6487,0.3825
13489,-117.965,34.735,0.1064,0.0324,0.0654,0.0372,0.2658,0.1225,0.2265,0.1193,0.1964,0.0952,0.1122,0.0497,0.221,0.1182,0.642,0.3774
13490,-117.955,34.735,0.1055,0.0326,0.0653,0.0371,0.2643,0.1219,0.2253,0.119,0.1969,0.0955,0.1111,0.0489,0.2197,0.1177,0.6353,0.3722
13491,-117.945,34.735,0.1043,0.0327,0.0651,0.0371,0.2621,0.1208,0.2234,0.1182,0.1968,0.0955,0.1094,0.0478,0.2178,0.1168,0.6285,0.3668
13492,-117.935,34.735,0.1027,0.0325,0.0649,0.0369,0.2591,0.1193,0.221,0.1169,0.1959,0.0949,0.1072,0.0467,0.2153,0.1155,0.6213,0.3608
13493,-117.925,34.735,0.1017,0.0326,0.0612,0.0344,0.2472,0.1118,0.2103,0.1097,0.1956,0.0947,0.1007,0.0432,0.2054,0.1085,0.6054,0.3422
13494,-117.915,34.735,0.0902,0.0283,0.0572,0.0316,0.2339,0.1035,0.1984,0.1016,0.1772,0.0826,0.0936,0.0394,0.1944,0.1006,0.5816,0.3135
13495,-117.905,34.735,0.0839,0.0261,0.0548,0.03,0.2228,0.0969,0.1887,0.0952,0.167,0.0761,0.0877,0.0364,0.1853,0.0944,0.5591,0.2898
13496,-117.895,34.735,0.0832,0.0261,0.0536,0.0292,0.2163,0.0933,0.183,0.0917,0.1667,0.0759,0.084,0.0346,0.18,0.091,0.5506,0.2831
13497,-117.885,34.735,0.0825,0.0262,0.0534,0.0291,0.2144,0.0925,0.1814,0.0911,0.1663,0.0758,0.0824,0.034,0.1786,0.0905,0.5352,0.2701
13498,-117.875,34.735,0.0784,0.0248,0.0475,0.0253,0.2077,0.0892,0.1757,0.0879,0.1591,0.0716,0.0789,0.0324,0.1733,0.0873,0.5086,0.2489
13499,-117.865,34.735,0.0745,0.0236,0.0415,0.0214,0.2,0.0851,0.1691,0.084,0.1522,0.0678,0.0751,0.0307,0.167,0.0835,0.4685,0.2213
13500,-117.855,34.735,0.0723,0.023,0.0404,0.0208,0.1912,0.0805,0.1616,0.0795,0.1485,0.0657,0.0712,0.0288,0.1598,0.0791,0.44,0.2023
13501,-117.845,34.735,0.0545,0.0163,0.0385,0.0196,0.1751,0.072,0.1479,0.0712,0.1135,0.0467,0.0648,0.0257,0.1466,0.0709,0.4044,0.1791
13502,-117.835,34.735,0.0527,0.0157,0.0357,0.0179,0.1517,0.0596,0.1281,0.059,0.1107,0.0447,0.056,0.0213,0.1273,0.059,0.3724,0.1584
13503,-117.825,34.735,0.0646,0.0205,0.0325,0.0159,0.135,0.0515,0.1141,0.0511,0.1349,0.058,0.0502,0.0186,0.1135,0.0511,0.3535,0.1467
13504,-117.815,34.735,0.0459,0.0134,0.0296,0.0141,0.1212,0.045,0.1025,0.0448,0.0973,0.038,0.0457,0.0165,0.1021,0.0448,0.322,0.1306
13505,-117.805,34.735,0.0427,0.0124,0.0288,0.0137,0.1147,0.0422,0.0973,0.0422,0.0908,0.035,0.0443,0.0158,0.0968,0.0421,0.3073,0.1234
13506,-117.795,34.735,0.0424,0.0124,0.0283,0.0134,0.1109,0.0407,0.0944,0.0408,0.0904,0.0349,0.044,0.0156,0.0939,0.0407,0.3014,0.1209
13507,-117.785,34.735,0.0421,0.0124,0.0282,0.0134,0.1098,0.0404,0.0938,0.0406,0.0901,0.0348,0.0449,0.0159,0.0931,0.0405,0.299,0.1202
13508,-117.775,34.735,0.0419,0.0124,0.0282,0.0134,0.1087,0.0401,0.0932,0.0405,0.0898,0.0347,0.046,0.0163,0.0924,0.0403,0.2966,0.1196
13509,-117.765,34.735,0.0416,0.0124,0.0281,0.0133,0.1076,0.0398,0.0927,0.0403,0.0894,0.0346,0.0471,0.0167,0.0917,0.04,0.2959,0.1198
13510,-117.755,34.735,0.0413,0.0124,0.028,0.0133,0.1066,0.0395,0.0922,0.0402,0.089,0.0345,0.0483,0.0171,0.091,0.0398,0.2939,0.1193
13511,-117.745,34.735,0.0411,0.0124,0.0279,0.0133,0.1056,0.0392,0.0916,0.0401,0.0886,0.0344,0.0495,0.0175,0.0903,0.0396,0.2904,0.118
13512,-117.735,34.735,0.0408,0.0124,0.0278,0.0133,0.1046,0.0389,0.0911,0.04,0.0881,0.0343,0.0507,0.0179,0.0896,0.0394,0.2879,0.1172
13513,-117.725,34.735,0.0406,0.0124,0.0277,0.0133,0.1036,0.0387,0.0906,0.0399,0.0876,0.0341,0.0519,0.0184,0.0889,0.0392,0.2856,0.1166
13514,-117.715,34.735,0.0403,0.0124,0.0276,0.0132,0.1026,0.0384,0.0901,0.0398,0.0871,0.034,0.0531,0.0188,0.0883,0.0391,0.2834,0.1159
13515,-117.705,34.735,0.04,0.0124,0.0275,0.0132,0.1016,0.0381,0.0895,0.0396,0.0866,0.0338,0.0543,0.0193,0.0876,0.0389,0.2854,0.1174
13516,-117.695,34.735,0.0405,0.0127,0.0323,0.0164,0.121,0.0487,0.1071,0.0509,0.0876,0.0344,0.0673,0.0255,0.1044,0.0497,0.299,0.1251
13517,-117.685,34.735,0.0642,0.0229,0.042,0.0227,0.1606,0.0702,0.143,0.0735,0.1365,0.0615,0.0921,0.0376,0.1387,0.0716,0.3706,0.1695
13518,-117.675,34.735,0.0717,0.0263,0.0444,0.0243,0.1677,0.0745,0.1497,0.0783,0.1518,0.0705,0.0988,0.041,0.145,0.076,0.4048,0.1935
13519,-117.665,34.735,0.0673,0.0245,0.0437,0.0239,0.1629,0.0723,0.1457,0.0762,0.1429,0.0653,0.0985,0.0407,0.141,0.0739,0.3969,0.1903
13520,-117.655,34.735,0.0532,0.0184,0.0355,0.0185,0.1319,0.0554,0.118,0.0585,0.1141,0.049,0.0816,0.0319,0.1146,0.0568,0.3495,0.1576
13521,-118.945,34.745,0.029,0.011,0.0289,0.0154,0.115,0.0361,0.1697,0.076,0.0503,0.0195,0.0172,0.0114,0.3528,0.1402,0.2301,0.0889
13522,-118.935,34.745,0.0385,0.0156,0.0355,0.0198,0.1307,0.0421,0.1922,0.0892,0.0655,0.0271,0.0194,0.0133,0.3884,0.1606,0.2523,0.0993
13523,-118.925,34.745,0.0415,0.017,0.0333,0.0183,0.1436,0.0473,0.2099,0.101,0.0695,0.029,0.0212,0.0148,0.4093,0.1761,0.28,0.1132
13524,-118.915,34.745,0.0364,0.0144,0.0302,0.0162,0.1546,0.0519,0.225,0.1113,0.06,0.0241,0.0227,0.0162,0.424,0.1886,0.2728,0.1091
13525,-118.905,34.745,0.0374,0.0148,0.0314,0.0169,0.1597,0.0538,0.2316,0.1162,0.0606,0.0243,0.0233,0.0168,0.4237,0.1907,0.2823,0.1132
13526,-118.895,34.745,0.0429,0.0173,0.0363,0.0203,0.1732,0.0596,0.25,0.1295,0.0682,0.0279,0.025,0.0186,0.4396,0.2039,0.3105,0.1283
13527,-118.885,34.745,0.0522,0.0219,0.0451,0.0262,0.1953,0.0692,0.2803,0.1512,0.0811,0.0346,0.0281,0.0216,0.4716,0.2283,0.3535,0.1531
13528,-118.875,34.745,0.0559,0.0237,0.0466,0.0272,0.2011,0.0714,0.2879,0.1573,0.0851,0.0365,0.0285,0.0222,0.4712,0.2293,0.3706,0.164
13529,-118.865,34.745,0.0545,0.0227,0.0466,0.0271,0.2031,0.0718,0.2903,0.1597,0.0817,0.0344,0.0283,0.0221,0.4634,0.2248,0.372,0.1622
13530,-118.855,34.745,0.0537,0.0221,0.0461,0.0267,0.2025,0.071,0.2894,0.1596,0.0792,0.0329,0.0276,0.0216,0.4519,0.2168,0.3725,0.1597
13531,-118.845,34.745,0.0551,0.0226,0.0463,0.0267,0.204,0.0712,0.2911,0.1619,0.0799,0.033,0.0271,0.0212,0.4435,0.2117,0.3769,0.1603
13532,-118.835,34.745,0.0562,0.023,0.0472,0.0273,0.2075,0.0724,0.2956,0.1666,0.08,0.0329,0.027,0.0211,0.4382,0.2094,0.383,0.1622
13533,-118.825,34.745,0.0568,0.0231,0.0475,0.0274,0.2108,0.0735,0.2998,0.1716,0.0795,0.0325,0.0268,0.0208,0.4324,0.2067,0.3884,0.1633
13534,-118.815,34.745,0.0576,0.0233,0.0477,0.0275,0.2145,0.0748,0.3046,0.1773,0.0794,0.0322,0.0266,0.0206,0.4274,0.2046,0.3955,0.1657
13535,-118.805,34.745,0.0591,0.0238,0.0486,0.028,0.2206,0.0774,0.3126,0.1864,0.0805,0.0327,0.0267,0.0205,0.4257,0.2053,0.4045,0.1693
13536,-118.795,34.745,0.0593,0.0238,0.0488,0.0281,0.2237,0.0785,0.3165,0.1924,0.0803,0.0324,0.0265,0.0199,0.4199,0.2023,0.4146,0.1736
13537,-118.785,34.745,0.0589,0.0233,0.0483,0.0277,0.2237,0.0781,0.3165,0.1951,0.0797,0.032,0.0258,0.0188,0.41,0.1957,0.4242,0.1772
13538,-118.775,34.745,0.0597,0.0235,0.0483,0.0276,0.2268,0.0792,0.3204,0.2025,0.0809,0.0326,0.0257,0.018,0.4043,0.1927,0.4345,0.181
13539,-118.765,34.745,0.0598,0.0233,0.0477,0.0271,0.2255,0.0785,0.3183,0.205,0.0814,0.0327,0.0252,0.0169,0.3918,0.1854,0.4389,0.1805
13540,-118.755,34.745,0.0555,0.0211,0.0444,0.0248,0.2,0.067,0.2832,0.179,0.0763,0.0302,0.022,0.0136,0.3424,0.1534,0.4296,0.17
13541,-118.745,34.745,0.0462,0.0166,0.0389,0.021,0.1833,0.0595,0.2599,0.1635,0.0644,0.0242,0.0201,0.0115,0.3074,0.1317,0.3942,0.1461
13542,-118.735,34.745,0.0388,0.0132,0.0311,0.0158,0.1755,0.0562,0.2483,0.1586,0.0548,0.0197,0.0194,0.0106,0.2866,0.1204,0.3711,0.1312
13543,-118.725,34.745,0.0377,0.0126,0.0301,0.0151,0.1662,0.052,0.234,0.1478,0.0537,0.0192,0.0186,0.0099,0.266,0.1086,0.3646,0.126
13544,-118.715,34.745,0.0383,0.0127,0.0316,0.016,0.162,0.0499,0.2261,0.1405,0.0552,0.0198,0.0186,0.0098,0.2533,0.1012,0.3795,0.1317
13545,-118.705,34.745,0.044,0.0151,0.0382,0.0202,0.1843,0.0592,0.2524,0.1565,0.0639,0.024,0.0221,0.0122,0.279,0.1164,0.4373,0.1592
13546,-118.695,34.745,0.0575,0.0208,0.0394,0.021,0.209,0.0707,0.2802,0.1749,0.0836,0.0338,0.0265,0.0155,0.305,0.1343,0.4868,0.1852
13547,-118.685,34.745,0.0564,0.0203,0.0352,0.0181,0.2362,0.0844,0.3095,0.1956,0.0827,0.0336,0.0316,0.0197,0.3312,0.1551,0.5214,0.2025
13548,-118.675,34.745,0.0609,0.022,0.0375,0.0195,0.2379,0.085,0.3068,0.1857,0.0901,0.0372,0.0328,0.0208,0.3261,0.1517,0.5402,0.2091
13549,-118.665,34.745,0.0582,0.0205,0.0403,0.0213,0.2312,0.0814,0.2935,0.1672,0.087,0.0355,0.0327,0.0209,0.3106,0.1409,0.552,0.2098
13550,-118.655,34.745,0.0529,0.018,0.0394,0.0207,0.2085,0.0704,0.2612,0.1368,0.0799,0.0318,0.0299,0.0187,0.2756,0.1182,0.5571,0.2079
13551,-118.645,34.745,0.0527,0.0177,0.0392,0.0205,0.2013,0.0668,0.2476,0.1216,0.08,0.0318,0.0296,0.0184,0.2599,0.1081,0.5771,0.2152
13552,-118.635,34.745,0.0537,0.0179,0.0398,0.0209,0.2095,0.0707,0.2528,0.1217,0.0816,0.0326,0.0318,0.02,0.2636,0.1105,0.6094,0.2299
13553,-118.625,34.745,0.0494,0.016,0.0394,0.0205,0.2118,0.0722,0.2508,0.1178,0.0753,0.0293,0.0331,0.0208,0.2608,0.1093,0.6345,0.2407
13554,-118.615,34.745,0.0534,0.0175,0.0397,0.0207,0.2161,0.0747,0.2507,0.1156,0.0809,0.0321,0.0349,0.0219,0.2602,0.1096,0.6825,0.2651
13555,-118.605,34.745,0.0592,0.0196,0.0442,0.0236,0.2359,0.0853,0.268,0.1253,0.0889,0.0362,0.0397,0.0253,0.2773,0.1209,0.7262,0.2871
13556,-118.595,34.745,0.0528,0.0169,0.0436,0.0232,0.2321,0.0842,0.2591,0.1189,0.079,0.0312,0.04,0.0252,0.2685,0.1164,0.7477,0.2958
13557,-118.585,34.745,0.0478,0.0147,0.0378,0.0195,0.2047,0.0715,0.2242,0.0964,0.0713,0.0271,0.0359,0.0215,0.2341,0.0962,0.7276,0.2793
13558,-118.575,34.745,0.0487,0.0149,0.0361,0.0183,0.201,0.0706,0.2161,0.0909,0.0722,0.0275,0.0363,0.0213,0.2259,0.0919,0.7727,0.3017
13559,-118.565,34.745,0.0487,0.0147,0.0355,0.0178,0.2018,0.0719,0.213,0.0887,0.0716,0.0272,0.0376,0.0218,0.2228,0.0906,0.8071,0.317
13560,-118.555,34.745,0.0492,0.0147,0.0356,0.0179,0.1999,0.0722,0.2074,0.0857,0.0719,0.0272,0.0384,0.022,0.2175,0.0881,0.8403,0.3319
13561,-118.545,34.745,0.0501,0.0148,0.0364,0.0184,0.2015,0.0744,0.2057,0.0849,0.0725,0.0275,0.04,0.0226,0.2162,0.0877,0.8822,0.3535
13562,-118.535,34.745,0.0517,0.0153,0.0379,0.0194,0.2068,0.0783,0.2079,0.0862,0.0743,0.0283,0.0424,0.0238,0.2189,0.0895,0.9484,0.3954
13563,-118.525,34.745,0.0674,0.0215,0.0424,0.0223,0.2487,0.1063,0.2464,0.113,0.095,0.0396,0.0551,0.033,0.2589,0.1172,1.0391,0.4753
13564,-118.515,34.745,0.0796,0.0258,0.0481,0.0259,0.2921,0.1355,0.2863,0.1408,0.1106,0.0475,0.0682,0.0424,0.3001,0.1457,1.1228,0.5632
13565,-118.505,34.745,0.0894,0.0294,0.0563,0.0315,0.3054,0.1465,0.2966,0.1476,0.1219,0.0538,0.0732,0.0448,0.3102,0.152,1.1781,0.6408
13566,-118.495,34.745,0.097,0.0322,0.0606,0.0344,0.3173,0.1579,0.3058,0.1549,0.13,0.0583,0.0782,0.047,0.319,0.1584,1.1706,0.6882
13567,-118.485,34.745,0.0986,0.0325,0.0608,0.0345,0.3277,0.1698,0.3137,0.1626,0.1301,0.0582,0.0831,0.049,0.3265,0.1649,1.1552,0.693
13568,-118.475,34.745,0.1003,0.0327,0.0611,0.0347,0.3289,0.1746,0.313,0.1638,0.1301,0.058,0.085,0.0487,0.3257,0.1652,1.1368,0.6833
13569,-118.465,34.745,0.1021,0.0329,0.0614,0.0348,0.3281,0.1778,0.3104,0.1636,0.1301,0.0578,0.0862,0.0479,0.3233,0.1641,1.1173,0.6687
13570,-118.455,34.745,0.1038,0.0331,0.0618,0.035,0.3265,0.1798,0.3071,0.1625,0.1298,0.0575,0.0869,0.0469,0.3202,0.1626,1.0985,0.654
13571,-118.445,34.745,0.1051,0.0331,0.0617,0.035,0.324,0.1804,0.3024,0.16,0.1292,0.0569,0.0872,0.0459,0.3161,0.1602,1.0817,0.6371
13572,-118.435,34.745,0.1055,0.0327,0.0613,0.0346,0.3204,0.1795,0.2965,0.1562,0.1277,0.0559,0.0869,0.0447,0.311,0.1569,1.0663,0.6207
13573,-118.425,34.745,0.1063,0.0325,0.0607,0.0342,0.3152,0.1766,0.288,0.1502,0.1271,0.0553,0.0858,0.0434,0.3039,0.1521,1.0521,0.6001
13574,-118.415,34.745,0.1012,0.0299,0.0599,0.0335,0.303,0.1678,0.2727,0.1394,0.1198,0.0509,0.0823,0.0409,0.29,0.1427,1.0386,0.5671
13575,-118.405,34.745,0.0923,0.0261,0.0574,0.0318,0.2578,0.1326,0.2265,0.1073,0.1087,0.0446,0.0681,0.0324,0.2451,0.1123,0.9921,0.4803
13576,-118.395,34.745,0.076,0.0202,0.05,0.0268,0.2339,0.1149,0.2003,0.0899,0.0894,0.0348,0.0609,0.0283,0.22,0.0963,0.9027,0.3944
13577,-118.385,34.745,0.0645,0.0159,0.0375,0.0186,0.2313,0.1146,0.1938,0.0873,0.0762,0.028,0.0607,0.0285,0.2146,0.0947,0.8307,0.3425
13578,-118.375,34.745,0.0676,0.0165,0.0399,0.02,0.2337,0.1161,0.1912,0.0863,0.0798,0.0297,0.0618,0.0298,0.2149,0.0958,0.8379,0.3547
13579,-118.365,34.745,0.0822,0.0208,0.0461,0.024,0.2443,0.1228,0.1956,0.0895,0.0966,0.0383,0.0655,0.0329,0.223,0.1019,0.8902,0.412
13580,-118.355,34.745,0.1067,0.0285,0.0563,0.031,0.2898,0.1535,0.23,0.1111,0.1242,0.0536,0.0802,0.0437,0.2639,0.1293,0.9246,0.4778
13581,-118.345,34.745,0.1181,0.0316,0.062,0.0348,0.3149,0.17,0.2494,0.1236,0.1376,0.061,0.0888,0.0507,0.2861,0.1447,0.9368,0.5244
13582,-118.335,34.745,0.1205,0.0317,0.0632,0.0356,0.3198,0.1725,0.2537,0.1268,0.1408,0.0629,0.0912,0.0538,0.2894,0.1483,0.9273,0.5394
13583,-118.325,34.745,0.1291,0.034,0.0665,0.038,0.3263,0.1768,0.2596,0.1318,0.1507,0.0692,0.0947,0.0582,0.2946,0.1537,0.9144,0.5486
13584,-118.315,34.745,0.1362,0.0357,0.0697,0.0403,0.3324,0.1808,0.2651,0.1366,0.1591,0.0746,0.0982,0.0625,0.2996,0.159,0.9011,0.5585
13585,-118.305,34.745,0.1392,0.036,0.0707,0.041,0.335,0.1818,0.2669,0.1391,0.1632,0.0773,0.1006,0.0661,0.3016,0.1616,0.8892,0.5623
13586,-118.295,34.745,0.1402,0.0356,0.0708,0.0411,0.3338,0.1797,0.265,0.1389,0.1651,0.0786,0.1017,0.0685,0.3005,0.1615,0.879,0.5588
13587,-118.285,34.745,0.1403,0.0349,0.0702,0.0406,0.3289,0.1744,0.2594,0.1361,0.1661,0.0793,0.1016,0.0698,0.2963,0.1587,0.8699,0.5515
13588,-118.275,34.745,0.1409,0.0344,0.0699,0.0404,0.325,0.1702,0.2541,0.134,0.168,0.0806,0.1021,0.0717,0.293,0.1567,0.8605,0.5457
13589,-118.265,34.745,0.1414,0.0339,0.0697,0.0402,0.3212,0.1662,0.2486,0.132,0.1706,0.0822,0.1028,0.0736,0.29,0.155,0.851,0.5405
13590,-118.255,34.745,0.1418,0.0334,0.0695,0.04,0.3175,0.1625,0.2427,0.13,0.1731,0.0838,0.1035,0.0756,0.2871,0.1533,0.8415,0.5358
13591,-118.245,34.745,0.1422,0.0329,0.0694,0.0399,0.3136,0.1588,0.2365,0.128,0.1758,0.0854,0.1038,0.0769,0.2844,0.1518,0.8319,0.5315
13592,-118.235,34.745,0.1427,0.0325,0.0694,0.0399,0.3096,0.1552,0.2299,0.1259,0.1783,0.087,0.1036,0.0775,0.2817,0.1502,0.8227,0.5265
13593,-118.225,34.745,0.1432,0.0322,0.0694,0.0399,0.3061,0.1521,0.2242,0.1244,0.1806,0.0884,0.1027,0.0771,0.2796,0.1493,0.8136,0.5214
13594,-118.215,34.745,0.1436,0.0319,0.0694,0.0399,0.3025,0.1491,0.2193,0.1231,0.1824,0.0894,0.1016,0.0764,0.2776,0.1483,0.8051,0.5156
13595,-118.205,34.745,0.1434,0.0314,0.0692,0.0397,0.2982,0.1456,0.2178,0.1215,0.183,0.0895,0.1002,0.0752,0.2752,0.147,0.7972,0.508
13596,-118.195,34.745,0.1429,0.031,0.0691,0.0397,0.2938,0.1421,0.2182,0.1202,0.1833,0.0895,0.0991,0.0741,0.2727,0.1456,0.7896,0.5001
13597,-118.185,34.745,0.1429,0.0308,0.0691,0.0397,0.2892,0.1386,0.2203,0.119,0.1843,0.09,0.0983,0.073,0.2703,0.1443,0.7822,0.4936
13598,-118.175,34.745,0.143,0.0308,0.0692,0.0397,0.2854,0.1357,0.2232,0.1186,0.1859,0.0908,0.099,0.0728,0.2687,0.1436,0.7749,0.4877
13599,-118.165,34.745,0.142,0.0307,0.0691,0.0397,0.2815,0.1329,0.226,0.1183,0.1864,0.091,0.1,0.0727,0.267,0.1429,0.7677,0.4817
13600,-118.155,34.745,0.1407,0.0306,0.0688,0.0395,0.277,0.1297,0.2275,0.1177,0.1871,0.0913,0.1011,0.0722,0.2645,0.1415,0.7602,0.4743
13601,-118.145,34.745,0.1381,0.0303,0.0683,0.0391,0.2734,0.1271,0.2282,0.1167,0.1866,0.0907,0.1019,0.0713,0.261,0.1393,0.7523,0.4655
13602,-118.135,34.745,0.1352,0.03,0.0675,0.0385,0.2707,0.125,0.2279,0.1155,0.186,0.0901,0.1025,0.0699,0.2567,0.1363,0.7443,0.4569
13603,-118.125,34.745,0.1326,0.0299,0.0672,0.0383,0.2705,0.1248,0.2287,0.1155,0.1861,0.0901,0.1037,0.0689,0.2538,0.1345,0.7365,0.4495
13604,-118.115,34.745,0.1306,0.0301,0.0669,0.0381,0.271,0.125,0.2297,0.116,0.1871,0.0906,0.1052,0.0681,0.2512,0.1331,0.7292,0.444
13605,-118.105,34.745,0.1288,0.0304,0.0669,0.0381,0.2722,0.1256,0.2312,0.1169,0.1884,0.0914,0.107,0.0674,0.2495,0.1323,0.7222,0.4391
13606,-118.095,34.745,0.1265,0.0305,0.0667,0.038,0.2728,0.126,0.2322,0.1177,0.1891,0.0918,0.1086,0.0665,0.2476,0.1313,0.7152,0.4339
13607,-118.085,34.745,0.1242,0.0307,0.0665,0.0378,0.2731,0.1262,0.2328,0.1182,0.1897,0.0921,0.11,0.0653,0.2454,0.1302,0.7082,0.4288
13608,-118.075,34.745,0.1224,0.0309,0.0664,0.0378,0.2732,0.1263,0.2332,0.1187,0.1907,0.0927,0.1112,0.0642,0.2435,0.1292,0.7016,0.4242
13609,-118.065,34.745,0.1203,0.0311,0.0663,0.0378,0.2732,0.1264,0.2334,0.1192,0.1914,0.0931,0.1123,0.0629,0.2417,0.1283,0.6948,0.4191
13610,-118.055,34.745,0.1182,0.0311,0.066,0.0376,0.2727,0.1261,0.2332,0.1194,0.1917,0.0932,0.113,0.0616,0.2397,0.1273,0.6882,0.4143
13611,-118.045,34.745,0.1165,0.0314,0.0659,0.0375,0.2722,0.1259,0.2329,0.1197,0.1925,0.0937,0.1136,0.0603,0.2379,0.1264,0.6818,0.4096
13612,-118.035,34.745,0.1148,0.0315,0.0658,0.0375,0.2715,0.1256,0.2326,0.1199,0.193,0.094,0.1141,0.059,0.2362,0.1255,0.6755,0.4049
13613,-118.025,34.745,0.1129,0.0316,0.0658,0.0375,0.2706,0.1252,0.2319,0.1199,0.1931,0.094,0.1144,0.0577,0.2344,0.1247,0.669,0.4
13614,-118.015,34.745,0.1116,0.0318,0.0657,0.0374,0.2695,0.1247,0.2311,0.1198,0.194,0.0945,0.1145,0.0564,0.2327,0.1238,0.6627,0.3954
13615,-118.005,34.745,0.1101,0.0319,0.0655,0.0374,0.2681,0.124,0.2301,0.1196,0.1943,0.0947,0.1144,0.0551,0.2308,0.1229,0.6564,0.3907
13616,-117.995,34.745,0.1086,0.032,0.0654,0.0373,0.2668,0.1235,0.2292,0.1194,0.1943,0.0947,0.1143,0.054,0.2293,0.1222,0.6498,0.3856
13617,-117.985,34.745,0.1074,0.0322,0.0652,0.0372,0.2658,0.1231,0.2284,0.1195,0.1948,0.095,0.1142,0.053,0.228,0.1217,0.6435,0.3809
13618,-117.975,34.745,0.106,0.0322,0.065,0.0371,0.2641,0.1222,0.227,0.119,0.1948,0.0949,0.1134,0.0519,0.2262,0.1208,0.637,0.3759
13619,-117.965,34.745,0.1045,0.0322,0.0648,0.037,0.2621,0.1213,0.2254,0.1184,0.1943,0.0947,0.1125,0.0508,0.2243,0.1199,0.6303,0.3706
13620,-117.955,34.745,0.1034,0.0322,0.0647,0.037,0.2601,0.1203,0.2237,0.1177,0.1943,0.0946,0.1113,0.0498,0.2223,0.1189,0.6237,0.3653
13621,-117.945,34.745,0.1025,0.0324,0.0645,0.0369,0.2581,0.1194,0.222,0.1171,0.1946,0.0949,0.1099,0.0488,0.2205,0.1181,0.6172,0.3603
13622,-117.935,34.745,0.1014,0.0324,0.0643,0.0368,0.2563,0.1185,0.2204,0.1165,0.1943,0.0947,0.1085,0.0479,0.2188,0.1173,0.6104,0.3547
13623,-117.925,34.745,0.1002,0.0324,0.0614,0.0348,0.246,0.1121,0.2112,0.1104,0.1936,0.0942,0.1029,0.0448,0.21,0.1112,0.596,0.3383
13624,-117.915,34.745,0.0902,0.0286,0.058,0.0324,0.2338,0.1045,0.2003,0.103,0.1775,0.0836,0.0965,0.0412,0.1996,0.1038,0.5738,0.3119
13625,-117.905,34.745,0.0825,0.0258,0.0547,0.0301,0.2209,0.0968,0.1889,0.0954,0.1648,0.0754,0.0899,0.0377,0.1887,0.0962,0.5487,0.2852
13626,-117.895,34.745,0.0818,0.0259,0.0528,0.0289,0.2135,0.0925,0.1824,0.0913,0.1645,0.0753,0.0859,0.0357,0.1825,0.0921,0.5398,0.278
13627,-117.885,34.745,0.0812,0.0259,0.0525,0.0287,0.2117,0.0918,0.1808,0.0908,0.1642,0.0751,0.0846,0.0352,0.181,0.0915,0.5184,0.2591
13628,-117.875,34.745,0.07,0.0218,0.0427,0.0224,0.1854,0.0777,0.158,0.0769,0.1435,0.063,0.0731,0.0295,0.1585,0.0775,0.4739,0.2239
13629,-117.865,34.745,0.0508,0.0147,0.0328,0.016,0.1573,0.0628,0.1337,0.0622,0.1058,0.0424,0.061,0.0235,0.1344,0.0626,0.3962,0.1715
13630,-117.855,34.745,0.0471,0.0135,0.0314,0.0151,0.1451,0.057,0.1233,0.0565,0.0986,0.0388,0.056,0.0212,0.124,0.0569,0.3602,0.1513
13631,-117.845,34.745,0.0442,0.0126,0.03,0.0143,0.1347,0.0519,0.1145,0.0516,0.0928,0.036,0.052,0.0194,0.1153,0.052,0.333,0.1367
13632,-117.835,34.745,0.0429,0.0123,0.0286,0.0136,0.1262,0.0476,0.1074,0.0474,0.0906,0.035,0.0489,0.0179,0.1083,0.0478,0.3198,0.13
13633,-117.825,34.745,0.0436,0.0126,0.0291,0.0139,0.1199,0.0447,0.1022,0.0446,0.0923,0.0358,0.0471,0.017,0.1032,0.0451,0.3249,0.1329
13634,-117.815,34.745,0.0438,0.0128,0.0297,0.0142,0.1145,0.0423,0.0979,0.0424,0.093,0.0362,0.0457,0.0163,0.0989,0.0428,0.3107,0.1259
13635,-117.805,34.745,0.042,0.0123,0.0286,0.0136,0.1117,0.0412,0.0957,0.0413,0.0895,0.0346,0.0455,0.0162,0.0966,0.0417,0.3014,0.1216
13636,-117.795,34.745,0.0418,0.0123,0.028,0.0133,0.1097,0.0404,0.0943,0.0408,0.0892,0.0345,0.0458,0.0163,0.0951,0.0411,0.296,0.1192
13637,-117.785,34.745,0.0415,0.0123,0.0279,0.0133,0.1087,0.0402,0.0936,0.0406,0.0888,0.0344,0.0466,0.0165,0.0943,0.0409,0.2935,0.1184
13638,-117.775,34.745,0.0412,0.0123,0.0278,0.0133,0.1076,0.0399,0.093,0.0405,0.0885,0.0343,0.0475,0.0168,0.0936,0.0407,0.291,0.1177
13639,-117.765,34.745,0.041,0.0123,0.0277,0.0132,0.1066,0.0396,0.0925,0.0403,0.0881,0.0342,0.0485,0.0172,0.0929,0.0405,0.2888,0.1171
13640,-117.755,34.745,0.0407,0.0123,0.0276,0.0132,0.1056,0.0393,0.0919,0.0402,0.0877,0.0341,0.0496,0.0175,0.0921,0.0402,0.2866,0.1164
13641,-117.745,34.745,0.0405,0.0123,0.0275,0.0132,0.1046,0.039,0.0913,0.04,0.0873,0.034,0.0507,0.0179,0.0914,0.04,0.2844,0.1158
13642,-117.735,34.745,0.0402,0.0123,0.0274,0.0132,0.1036,0.0387,0.0908,0.0399,0.0868,0.0339,0.0518,0.0183,0.0907,0.0398,0.2822,0.1151
13643,-117.725,34.745,0.0399,0.0123,0.0273,0.0131,0.1026,0.0385,0.0902,0.0398,0.0864,0.0337,0.0529,0.0187,0.09,0.0396,0.2801,0.1145
13644,-117.715,34.745,0.0397,0.0123,0.0272,0.0131,0.1016,0.0382,0.0896,0.0397,0.0859,0.0336,0.0541,0.0191,0.0893,0.0394,0.278,0.1139
13645,-117.705,34.745,0.0394,0.0123,0.0271,0.0131,0.1007,0.038,0.089,0.0395,0.0854,0.0334,0.0552,0.0195,0.0886,0.0392,0.2827,0.1168
13646,-117.695,34.745,0.0468,0.0154,0.0321,0.0164,0.1102,0.0431,0.0978,0.0451,0.1008,0.0418,0.0624,0.0228,0.097,0.0446,0.3065,0.1301
13647,-117.685,34.745,0.0584,0.0205,0.0422,0.0231,0.1302,0.0537,0.1159,0.0563,0.125,0.0552,0.0757,0.0291,0.1145,0.0555,0.3493,0.1576
13648,-117.675,34.745,0.0564,0.0199,0.0415,0.0225,0.1297,0.0539,0.1157,0.0567,0.1207,0.0533,0.0774,0.0299,0.1142,0.0557,0.3566,0.1628
13649,-117.665,34.745,0.0501,0.0171,0.0383,0.0205,0.1276,0.0533,0.1141,0.0561,0.1079,0.0458,0.0783,0.0303,0.1125,0.0551,0.3408,0.153
13650,-117.655,34.745,0.0433,0.0144,0.0346,0.0182,0.1378,0.0589,0.1235,0.0622,0.0936,0.0384,0.0872,0.0344,0.122,0.0611,0.3199,0.1397
13651,-118.945,34.755,0.0282,0.0107,0.0273,0.0144,0.1129,0.035,0.1654,0.0741,0.0494,0.0193,0.0171,0.0111,0.3623,0.1437,0.2285,0.0885
13652,-118.935,34.755,0.0343,0.0136,0.0314,0.0171,0.128,0.0407,0.1869,0.0868,0.0589,0.0239,0.0193,0.0128,0.3959,0.1632,0.2545,0.1012
13653,-118.925,34.755,0.0411,0.0169,0.0364,0.0206,0.1475,0.0486,0.2141,0.1043,0.0692,0.0291,0.0221,0.0153,0.4352,0.1894,0.3,0.1254
13654,-118.915,34.755,0.0484,0.0206,0.0408,0.0236,0.1662,0.0561,0.2398,0.1213,0.0796,0.0346,0.0248,0.0177,0.4703,0.2139,0.3255,0.1399
13655,-118.905,34.755,0.0492,0.0208,0.0417,0.0242,0.1764,0.0604,0.2533,0.1313,0.0794,0.0343,0.0262,0.0192,0.4795,0.2241,0.3414,0.149
13656,-118.895,34.755,0.0521,0.0222,0.0429,0.025,0.1848,0.0638,0.2642,0.1397,0.0825,0.0358,0.0273,0.0204,0.4841,0.2306,0.3531,0.1555
13657,-118.885,34.755,0.0521,0.022,0.0445,0.0259,0.1914,0.0665,0.2726,0.1466,0.0812,0.0349,0.028,0.0214,0.484,0.2336,0.3636,0.1613
13658,-118.875,34.755,0.0552,0.0235,0.045,0.0262,0.1941,0.0674,0.2758,0.1497,0.0843,0.0364,0.028,0.0216,0.4773,0.2303,0.3703,0.1641
13659,-118.865,34.755,0.0529,0.0221,0.0452,0.0263,0.1958,0.0677,0.2777,0.1517,0.0797,0.0336,0.0277,0.0216,0.4689,0.2255,0.3702,0.1612
13660,-118.855,34.755,0.0529,0.0219,0.0452,0.0262,0.1963,0.0674,0.2781,0.1528,0.0784,0.0327,0.0272,0.0213,0.4589,0.2191,0.3712,0.1591
13661,-118.845,34.755,0.0536,0.022,0.0454,0.0262,0.1984,0.0679,0.2807,0.1558,0.0781,0.0323,0.0269,0.0211,0.4514,0.2149,0.3757,0.1598
13662,-118.835,34.755,0.0544,0.0222,0.0458,0.0265,0.2021,0.0692,0.2853,0.1606,0.078,0.0321,0.0268,0.021,0.4462,0.2128,0.3823,0.1621
13663,-118.825,34.755,0.0561,0.0229,0.0461,0.0266,0.2055,0.0704,0.2898,0.1658,0.079,0.0325,0.0266,0.0208,0.4408,0.2105,0.3894,0.1646
13664,-118.815,34.755,0.0559,0.0226,0.0464,0.0267,0.2094,0.0719,0.2948,0.1717,0.0778,0.0317,0.0263,0.0205,0.436,0.2087,0.3964,0.1668
13665,-118.805,34.755,0.0568,0.0229,0.047,0.0271,0.2154,0.0744,0.3025,0.1806,0.0781,0.0317,0.0264,0.0204,0.4343,0.2096,0.4045,0.1698
13666,-118.795,34.755,0.0596,0.0241,0.0479,0.0276,0.2173,0.0749,0.3049,0.1851,0.0812,0.0332,0.0259,0.0197,0.4269,0.2053,0.4169,0.1761
13667,-118.785,34.755,0.0601,0.0241,0.0489,0.0283,0.2151,0.0735,0.3021,0.1853,0.0815,0.0333,0.0248,0.0183,0.4137,0.1959,0.4277,0.1806
13668,-118.775,34.755,0.0605,0.0241,0.0484,0.0278,0.2196,0.0753,0.3078,0.1941,0.082,0.0334,0.0248,0.0175,0.4101,0.1948,0.4362,0.183
13669,-118.765,34.755,0.0579,0.0226,0.0461,0.0262,0.22,0.0753,0.3079,0.1983,0.079,0.0318,0.0245,0.0164,0.4003,0.1898,0.43,0.1751
13670,-118.755,34.755,0.0466,0.0171,0.0369,0.0199,0.1941,0.0636,0.2723,0.1714,0.0645,0.0245,0.0213,0.0128,0.3506,0.1576,0.3954,0.1481
13671,-118.745,34.755,0.0371,0.0127,0.0313,0.0161,0.1777,0.0564,0.2492,0.1556,0.0521,0.0186,0.0194,0.0105,0.3158,0.1361,0.355,0.1261
13672,-118.735,34.755,0.0366,0.0124,0.0293,0.0147,0.1706,0.0535,0.2385,0.1509,0.052,0.0186,0.0188,0.0095,0.2959,0.1254,0.3488,0.1215
13673,-118.725,34.755,0.0372,0.0125,0.0311,0.0158,0.1743,0.0552,0.2415,0.1557,0.0534,0.0192,0.02,0.0102,0.2929,0.1251,0.3679,0.1292
13674,-118.715,34.755,0.0437,0.0152,0.0349,0.0182,0.1821,0.0587,0.2498,0.1631,0.0633,0.0239,0.0217,0.0115,0.2965,0.1282,0.407,0.1466
13675,-118.705,34.755,0.0553,0.0203,0.044,0.0244,0.2,0.0658,0.2705,0.1736,0.0802,0.0325,0.0248,0.0138,0.3158,0.1377,0.484,0.1872
13676,-118.695,34.755,0.0651,0.0245,0.0449,0.0249,0.2241,0.0771,0.2974,0.1909,0.0949,0.0402,0.0292,0.0173,0.3404,0.1542,0.5381,0.2205
13677,-118.685,34.755,0.0594,0.0218,0.0374,0.0197,0.2545,0.0924,0.3304,0.2152,0.0878,0.0364,0.0351,0.0221,0.3701,0.1777,0.5709,0.2395
13678,-118.675,34.755,0.0655,0.0242,0.0376,0.0198,0.2524,0.0914,0.3225,0.2011,0.0977,0.0416,0.0358,0.023,0.3592,0.1704,0.5826,0.2408
13679,-118.665,34.755,0.0559,0.0197,0.0387,0.0204,0.2404,0.0855,0.3025,0.1769,0.0847,0.0347,0.035,0.0227,0.336,0.1544,0.5693,0.2225
13680,-118.655,34.755,0.0481,0.0161,0.0361,0.0187,0.2124,0.0723,0.2633,0.1419,0.074,0.029,0.0314,0.02,0.2934,0.1272,0.5506,0.2055
13681,-118.645,34.755,0.0479,0.0159,0.0353,0.0181,0.2063,0.0698,0.2505,0.1283,0.0742,0.0292,0.0317,0.0204,0.279,0.119,0.5556,0.2038
13682,-118.635,34.755,0.049,0.0162,0.0363,0.0187,0.2221,0.0782,0.2638,0.1363,0.076,0.03,0.0357,0.0238,0.2927,0.1297,0.5797,0.2142
13683,-118.625,34.755,0.0437,0.0139,0.0378,0.0196,0.2163,0.0755,0.2525,0.1254,0.0677,0.0259,0.0355,0.0233,0.2804,0.1216,0.5942,0.2202
13684,-118.615,34.755,0.0532,0.0175,0.0397,0.0209,0.2106,0.0728,0.241,0.1144,0.0817,0.0328,0.0353,0.0227,0.2681,0.1133,0.6644,0.2582
13685,-118.605,34.755,0.0578,0.0192,0.0437,0.0235,0.2267,0.0814,0.2541,0.1217,0.0879,0.036,0.0394,0.0256,0.2821,0.1226,0.7144,0.2848
13686,-118.595,34.755,0.0541,0.0176,0.0469,0.0256,0.2319,0.085,0.255,0.1218,0.0819,0.0329,0.0417,0.0271,0.2831,0.1245,0.7475,0.3022
13687,-118.585,34.755,0.0631,0.0213,0.0493,0.0273,0.2262,0.0838,0.2437,0.1148,0.0941,0.0396,0.0421,0.027,0.2713,0.1193,0.7816,0.3205
13688,-118.575,34.755,0.0679,0.023,0.0466,0.0254,0.2251,0.0848,0.238,0.1112,0.1002,0.0429,0.0433,0.0276,0.2654,0.1169,0.83,0.3486
13689,-118.565,34.755,0.06,0.0194,0.0435,0.0232,0.2253,0.0863,0.234,0.1086,0.0887,0.0363,0.0448,0.0283,0.2613,0.1154,0.8545,0.3589
13690,-118.555,34.755,0.0601,0.0192,0.0436,0.0232,0.2273,0.0889,0.2323,0.1077,0.0882,0.0359,0.0468,0.0294,0.2596,0.1152,0.8787,0.3695
13691,-118.545,34.755,0.062,0.0197,0.0465,0.0252,0.2312,0.0924,0.2327,0.1079,0.0903,0.037,0.0492,0.0308,0.26,0.1159,0.9246,0.3979
13692,-118.535,34.755,0.0721,0.0238,0.0522,0.0291,0.2368,0.0968,0.235,0.1092,0.1034,0.0445,0.052,0.0325,0.2626,0.1176,1.0159,0.4701
13693,-118.525,34.755,0.0906,0.031,0.0545,0.0306,0.279,0.1251,0.2737,0.1357,0.1277,0.0579,0.0651,0.0422,0.3023,0.1451,1.0752,0.5731
13694,-118.515,34.755,0.0922,0.0313,0.0562,0.0317,0.3202,0.1533,0.3115,0.1618,0.1288,0.0584,0.0782,0.0517,0.341,0.1722,1.1072,0.645
13695,-118.505,34.755,0.0936,0.0315,0.0584,0.0332,0.3205,0.1566,0.3089,0.1608,0.1294,0.0587,0.0804,0.0524,0.3382,0.1709,1.1167,0.6622
13696,-118.495,34.755,0.0951,0.0317,0.0596,0.034,0.3206,0.1599,0.3065,0.1599,0.1297,0.0587,0.0823,0.0525,0.3354,0.1696,1.1161,0.6669
13697,-118.485,34.755,0.0966,0.0319,0.0598,0.0341,0.3206,0.1631,0.3042,0.1592,0.1297,0.0585,0.0837,0.0519,0.3327,0.1684,1.1067,0.6608
13698,-118.475,34.755,0.0982,0.0322,0.0601,0.0342,0.3203,0.166,0.3019,0.1585,0.1294,0.0582,0.0849,0.051,0.3301,0.1672,1.0914,0.6494
13699,-118.465,34.755,0.0999,0.0324,0.0604,0.0344,0.3198,0.1687,0.2994,0.1577,0.1292,0.0579,0.0858,0.05,0.3274,0.166,1.0726,0.6351
13700,-118.455,34.755,0.1014,0.0325,0.0607,0.0345,0.3185,0.1703,0.2961,0.1559,0.1289,0.0575,0.0864,0.049,0.3241,0.1643,1.0544,0.6202
13701,-118.445,34.755,0.1022,0.0323,0.0606,0.0344,0.3169,0.1712,0.2921,0.1535,0.1277,0.0566,0.0868,0.048,0.3205,0.1623,1.0381,0.6038
13702,-118.435,34.755,0.1028,0.032,0.0601,0.034,0.315,0.1715,0.2874,0.1505,0.1265,0.0557,0.0869,0.0471,0.3165,0.16,1.023,0.5878
13703,-118.425,34.755,0.1042,0.032,0.0597,0.0337,0.3079,0.1666,0.277,0.1428,0.1265,0.0555,0.085,0.0452,0.3074,0.1536,1.008,0.567
13704,-118.415,34.755,0.1002,0.0298,0.0585,0.0328,0.2967,0.1584,0.2626,0.1322,0.1205,0.0519,0.0817,0.0427,0.2943,0.1444,0.992,0.5324
13705,-118.405,34.755,0.0888,0.0251,0.0524,0.0286,0.2704,0.1386,0.2342,0.1127,0.1065,0.0439,0.0736,0.0375,0.2668,0.1258,0.941,0.4541
13706,-118.395,34.755,0.0742,0.0196,0.0453,0.0238,0.2456,0.1208,0.2075,0.0953,0.089,0.0346,0.0662,0.033,0.2408,0.1092,0.8588,0.3784
13707,-118.385,34.755,0.066,0.0165,0.0372,0.0185,0.2222,0.105,0.1825,0.0802,0.079,0.0296,0.0596,0.0292,0.2163,0.0947,0.7839,0.3252
13708,-118.375,34.755,0.0648,0.0158,0.0384,0.0192,0.2254,0.1075,0.1804,0.0797,0.0774,0.0289,0.0614,0.031,0.2177,0.097,0.7568,0.313
13709,-118.365,34.755,0.073,0.018,0.0425,0.0218,0.2402,0.1178,0.1883,0.0853,0.087,0.0336,0.0668,0.0351,0.2301,0.1064,0.7931,0.3436
13710,-118.355,34.755,0.0906,0.0233,0.0514,0.0278,0.2842,0.1477,0.2221,0.1063,0.1071,0.0442,0.0811,0.0455,0.2696,0.1327,0.8548,0.4168
13711,-118.345,34.755,0.1135,0.0304,0.0594,0.0333,0.3117,0.1668,0.2446,0.1209,0.1329,0.0588,0.0909,0.0532,0.2939,0.1502,0.8953,0.4885
13712,-118.335,34.755,0.1263,0.0342,0.0663,0.0382,0.3229,0.1752,0.2557,0.1288,0.1472,0.0676,0.0962,0.0585,0.3029,0.1587,0.8923,0.533
13713,-118.325,34.755,0.1367,0.0373,0.0689,0.0401,0.3296,0.1799,0.2627,0.1343,0.159,0.0752,0.0999,0.0629,0.3082,0.1642,0.8789,0.5485
13714,-118.315,34.755,0.1373,0.0367,0.0703,0.0411,0.334,0.1826,0.2675,0.1381,0.16,0.0758,0.1029,0.0666,0.3114,0.1679,0.8686,0.5488
13715,-118.305,34.755,0.1383,0.0362,0.0702,0.041,0.331,0.179,0.2649,0.1369,0.1616,0.0769,0.1031,0.0683,0.3084,0.1663,0.8595,0.5442
13716,-118.295,34.755,0.1388,0.0357,0.0699,0.0407,0.3271,0.1748,0.2612,0.135,0.1628,0.0778,0.1032,0.0697,0.3047,0.1639,0.851,0.5382
13717,-118.285,34.755,0.1389,0.035,0.0692,0.0402,0.3223,0.1698,0.2563,0.1323,0.1636,0.0783,0.103,0.0708,0.3004,0.161,0.8426,0.5311
13718,-118.275,34.755,0.1393,0.0344,0.0689,0.0399,0.3183,0.1658,0.2514,0.1303,0.1653,0.0794,0.1033,0.0724,0.2969,0.1589,0.834,0.5257
13719,-118.265,34.755,0.1398,0.034,0.0686,0.0397,0.3144,0.1619,0.2465,0.1283,0.1678,0.081,0.1037,0.074,0.2936,0.1569,0.8253,0.521
13720,-118.255,34.755,0.1403,0.0336,0.0685,0.0396,0.3107,0.1583,0.2412,0.1264,0.1703,0.0825,0.1041,0.0754,0.2906,0.1552,0.8166,0.5166
13721,-118.245,34.755,0.1403,0.0331,0.0683,0.0395,0.3068,0.1548,0.2356,0.1245,0.1725,0.0839,0.1042,0.0764,0.2877,0.1535,0.808,0.5119
13722,-118.235,34.755,0.1401,0.0327,0.0681,0.0393,0.3028,0.1512,0.2299,0.1225,0.1744,0.085,0.1039,0.0768,0.285,0.1519,0.7996,0.5067
13723,-118.225,34.755,0.14,0.0323,0.0681,0.0393,0.299,0.148,0.2248,0.121,0.1762,0.0861,0.1031,0.0765,0.2825,0.1505,0.7914,0.5016
13724,-118.215,34.755,0.1401,0.032,0.0681,0.0393,0.2952,0.1449,0.2206,0.1196,0.1782,0.0872,0.1022,0.0759,0.2801,0.1493,0.7836,0.4964
13725,-118.205,34.755,0.1401,0.0318,0.0682,0.0393,0.2915,0.1419,0.2194,0.1185,0.1797,0.088,0.1011,0.075,0.2779,0.1482,0.7762,0.491
13726,-118.195,34.755,0.1397,0.0315,0.0682,0.0394,0.2877,0.1389,0.2197,0.1175,0.1808,0.0886,0.1004,0.0742,0.2758,0.1471,0.769,0.4846
13727,-118.185,34.755,0.1391,0.0313,0.0682,0.0393,0.2838,0.1359,0.2215,0.1168,0.1817,0.089,0.0998,0.0734,0.2737,0.1461,0.762,0.4791
13728,-118.175,34.755,0.1389,0.0313,0.0684,0.0394,0.2803,0.1334,0.2239,0.1166,0.1834,0.0899,0.1007,0.0732,0.272,0.1454,0.7553,0.4739
13729,-118.165,34.755,0.1381,0.0313,0.0685,0.0396,0.2769,0.1309,0.2263,0.1165,0.1846,0.0905,0.1018,0.0731,0.2704,0.1447,0.7486,0.4687
13730,-118.155,34.755,0.137,0.0312,0.0685,0.0395,0.2734,0.1284,0.2281,0.1163,0.1856,0.0911,0.1031,0.0727,0.2683,0.1436,0.7418,0.4631
13731,-118.145,34.755,0.135,0.0311,0.068,0.0392,0.2704,0.1262,0.2289,0.1158,0.1859,0.0911,0.104,0.0719,0.2653,0.1418,0.7346,0.4556
13732,-118.135,34.755,0.1319,0.0306,0.0672,0.0386,0.2679,0.1244,0.2287,0.1148,0.185,0.0903,0.1045,0.0706,0.2613,0.1391,0.7271,0.4475
13733,-118.125,34.755,0.1295,0.0305,0.0667,0.0382,0.2671,0.1237,0.2289,0.1145,0.1851,0.0902,0.1054,0.0694,0.258,0.137,0.7196,0.4397
13734,-118.115,34.755,0.127,0.0304,0.0663,0.038,0.2669,0.1234,0.2293,0.1146,0.1851,0.0901,0.1064,0.0684,0.255,0.1353,0.7125,0.4334
13735,-118.105,34.755,0.1251,0.0305,0.0662,0.0379,0.2679,0.124,0.2306,0.1155,0.1861,0.0907,0.108,0.0676,0.2533,0.1344,0.7059,0.4287
13736,-118.095,34.755,0.1234,0.0307,0.066,0.0378,0.2683,0.1243,0.2313,0.1161,0.1873,0.0914,0.1093,0.0667,0.2512,0.1333,0.6995,0.4241
13737,-118.085,34.755,0.1212,0.0308,0.0658,0.0376,0.2683,0.1243,0.2316,0.1165,0.1878,0.0916,0.1104,0.0655,0.2488,0.132,0.693,0.4192
13738,-118.075,34.755,0.1191,0.0308,0.0656,0.0375,0.2685,0.1244,0.2318,0.1171,0.1883,0.0918,0.1115,0.0643,0.2469,0.131,0.6866,0.4141
13739,-118.065,34.755,0.1173,0.031,0.0654,0.0374,0.2685,0.1245,0.232,0.1176,0.189,0.0923,0.1125,0.0632,0.245,0.1301,0.6803,0.4095
13740,-118.055,34.755,0.1155,0.0311,0.0653,0.0373,0.268,0.1242,0.2316,0.1178,0.1896,0.0927,0.1131,0.0619,0.2428,0.1289,0.6742,0.4052
13741,-118.045,34.755,0.114,0.0313,0.0652,0.0373,0.2675,0.124,0.2314,0.1181,0.1906,0.0932,0.1137,0.0607,0.241,0.128,0.6683,0.401
13742,-118.035,34.755,0.1126,0.0315,0.0652,0.0374,0.2672,0.1239,0.2313,0.1185,0.1914,0.0937,0.1143,0.0595,0.2395,0.1273,0.6625,0.397
13743,-118.025,34.755,0.1109,0.0315,0.0651,0.0373,0.2663,0.1235,0.2306,0.1186,0.1916,0.0938,0.1145,0.0583,0.2377,0.1264,0.6563,0.3923
13744,-118.015,34.755,0.1094,0.0317,0.0649,0.0372,0.2653,0.1231,0.2299,0.1186,0.1921,0.0941,0.1147,0.0571,0.2358,0.1256,0.6504,0.388
13745,-118.005,34.755,0.1083,0.0318,0.0649,0.0372,0.2644,0.1228,0.2292,0.1187,0.1927,0.0945,0.1148,0.056,0.2343,0.1249,0.6445,0.3837
13746,-117.995,34.755,0.1067,0.0319,0.0648,0.0371,0.2633,0.1224,0.2284,0.1187,0.1927,0.0945,0.1147,0.055,0.2328,0.1242,0.6383,0.379
13747,-117.985,34.755,0.1056,0.032,0.0646,0.037,0.2622,0.1219,0.2275,0.1186,0.1931,0.0947,0.1146,0.054,0.2313,0.1235,0.6324,0.3748
13748,-117.975,34.755,0.1046,0.0322,0.0644,0.037,0.2605,0.1211,0.226,0.1182,0.1937,0.0951,0.1139,0.0529,0.2295,0.1226,0.6262,0.37
13749,-117.965,34.755,0.1031,0.0321,0.0642,0.0369,0.2586,0.1202,0.2244,0.1176,0.193,0.0946,0.113,0.0518,0.2275,0.1216,0.6196,0.3645
13750,-117.955,34.755,0.1016,0.032,0.0639,0.0367,0.2564,0.119,0.2225,0.1168,0.1923,0.0942,0.1118,0.0508,0.2253,0.1204,0.6127,0.3587
13751,-117.945,34.755,0.1005,0.032,0.0637,0.0365,0.2545,0.1181,0.2209,0.1162,0.1921,0.094,0.1107,0.0498,0.2234,0.1195,0.6062,0.3536
13752,-117.935,34.755,0.0996,0.0321,0.0635,0.0365,0.2529,0.1175,0.2195,0.1159,0.192,0.094,0.1097,0.0491,0.2219,0.1189,0.5998,0.3485
13753,-117.925,34.755,0.0984,0.0321,0.0604,0.0343,0.2421,0.1107,0.2098,0.1094,0.1913,0.0936,0.1039,0.0457,0.2123,0.1121,0.5854,0.3323
13754,-117.915,34.755,0.088,0.0281,0.0569,0.0318,0.2295,0.1029,0.1984,0.1017,0.1744,0.0823,0.0974,0.0419,0.2012,0.1042,0.563,0.306
13755,-117.905,34.755,0.0811,0.0256,0.0539,0.0298,0.2176,0.0957,0.1878,0.0947,0.1628,0.0749,0.0914,0.0387,0.1909,0.0971,0.5385,0.2803
13756,-117.895,34.755,0.0805,0.0257,0.0519,0.0284,0.21,0.0913,0.1811,0.0905,0.1625,0.0747,0.0876,0.0366,0.1843,0.0927,0.5292,0.2727
13757,-117.885,34.755,0.0785,0.0251,0.0508,0.0277,0.2069,0.0897,0.1783,0.0892,0.1596,0.0729,0.0858,0.0358,0.1816,0.0913,0.5089,0.255
13758,-117.875,34.755,0.0731,0.0232,0.0411,0.0214,0.1693,0.0697,0.1456,0.0693,0.15,0.0672,0.0695,0.0276,0.1487,0.071,0.459,0.2174
13759,-117.865,34.755,0.0477,0.0137,0.0312,0.0151,0.1304,0.0492,0.1117,0.0489,0.0997,0.0396,0.0528,0.0193,0.1146,0.0502,0.3561,0.1503
13760,-117.855,34.755,0.0428,0.0121,0.0295,0.0141,0.1197,0.0443,0.1026,0.0442,0.0898,0.0348,0.0486,0.0175,0.1054,0.0453,0.3204,0.1312
13761,-117.845,34.755,0.0425,0.0121,0.0285,0.0135,0.1138,0.0417,0.0977,0.0417,0.0895,0.0347,0.0464,0.0165,0.1004,0.0428,0.3061,0.1239
13762,-117.835,34.755,0.0422,0.0121,0.0281,0.0133,0.1127,0.0414,0.0969,0.0415,0.0892,0.0346,0.0463,0.0165,0.0995,0.0425,0.3023,0.1222
13763,-117.825,34.755,0.0419,0.0121,0.0282,0.0134,0.1117,0.0411,0.0962,0.0413,0.0889,0.0345,0.0464,0.0165,0.0987,0.0423,0.2995,0.121
13764,-117.815,34.755,0.0417,0.0121,0.0282,0.0135,0.1106,0.0408,0.0954,0.0411,0.0886,0.0344,0.0466,0.0166,0.0979,0.042,0.2965,0.1198
13765,-117.805,34.755,0.0414,0.0122,0.0279,0.0133,0.1096,0.0405,0.0947,0.0409,0.0883,0.0343,0.0471,0.0167,0.0971,0.0418,0.2935,0.1186
13766,-117.795,34.755,0.0411,0.0122,0.0277,0.0132,0.1086,0.0402,0.0941,0.0408,0.0879,0.0342,0.0476,0.0169,0.0963,0.0416,0.2907,0.1176
13767,-117.785,34.755,0.0409,0.0122,0.0276,0.0132,0.1075,0.0399,0.0934,0.0406,0.0876,0.0341,0.0483,0.0171,0.0955,0.0413,0.2882,0.1167
13768,-117.775,34.755,0.0406,0.0122,0.0275,0.0132,0.1065,0.0396,0.0928,0.0404,0.0872,0.034,0.0491,0.0174,0.0948,0.0411,0.2857,0.116
13769,-117.765,34.755,0.0403,0.0122,0.0274,0.0131,0.1055,0.0394,0.0922,0.0403,0.0868,0.0339,0.05,0.0177,0.094,0.0409,0.2835,0.1153
13770,-117.755,34.755,0.0401,0.0122,0.0273,0.0131,0.1045,0.0391,0.0916,0.0401,0.0864,0.0337,0.051,0.018,0.0933,0.0407,0.2813,0.1146
13771,-117.745,34.755,0.0398,0.0122,0.0272,0.0131,0.1036,0.0388,0.091,0.04,0.086,0.0336,0.0519,0.0184,0.0925,0.0404,0.2791,0.1139
13772,-117.735,34.755,0.0396,0.0122,0.0271,0.0131,0.1026,0.0385,0.0904,0.0398,0.0856,0.0335,0.053,0.0187,0.0918,0.0402,0.2769,0.1132
13773,-117.725,34.755,0.0393,0.0121,0.027,0.013,0.1016,0.0383,0.0898,0.0397,0.0852,0.0334,0.054,0.0191,0.091,0.04,0.2753,0.1128
13774,-117.715,34.755,0.039,0.0121,0.0269,0.013,0.1007,0.038,0.0892,0.0396,0.0847,0.0332,0.0551,0.0194,0.0903,0.0398,0.2739,0.1125
13775,-117.705,34.755,0.0388,0.0121,0.0268,0.013,0.1,0.0379,0.0888,0.0395,0.0843,0.0331,0.0562,0.0199,0.0898,0.0397,0.2801,0.1163
13776,-117.695,34.755,0.0471,0.0157,0.028,0.0138,0.1029,0.0395,0.0916,0.0414,0.1017,0.0425,0.0596,0.0213,0.0926,0.0415,0.3077,0.1317
13777,-117.685,34.755,0.0435,0.0142,0.0304,0.0154,0.1096,0.043,0.0976,0.0451,0.0942,0.0385,0.065,0.0236,0.0985,0.0451,0.2956,0.1254
13778,-117.675,34.755,0.038,0.0121,0.0301,0.0153,0.114,0.0456,0.1018,0.048,0.0826,0.0326,0.0696,0.0257,0.1028,0.0479,0.2864,0.1209
13779,-117.665,34.755,0.0404,0.0131,0.031,0.0159,0.1215,0.0501,0.1089,0.0528,0.0877,0.0352,0.0764,0.0289,0.1099,0.0527,0.297,0.1278
13780,-117.655,34.755,0.0534,0.0189,0.0397,0.0218,0.1468,0.0643,0.132,0.068,0.115,0.0504,0.0949,0.038,0.1325,0.0676,0.3411,0.1544
13781,-118.945,34.765,0.0278,0.0106,0.0258,0.0136,0.1052,0.0316,0.1531,0.0674,0.0491,0.0193,0.0161,0.0099,0.3565,0.1387,0.2221,0.0857
13782,-118.935,34.765,0.0291,0.0112,0.0279,0.0149,0.1083,0.0325,0.1572,0.0699,0.0503,0.0198,0.0164,0.0101,0.3566,0.1396,0.2329,0.0901
13783,-118.925,34.765,0.0311,0.0121,0.0327,0.0181,0.1303,0.0409,0.1881,0.0888,0.0527,0.0208,0.0197,0.0129,0.4084,0.1709,0.2552,0.1006
13784,-118.915,34.765,0.044,0.0185,0.0376,0.0215,0.1549,0.0505,0.2222,0.1102,0.0728,0.0311,0.0234,0.016,0.4645,0.206,0.3048,0.1275
13785,-118.905,34.765,0.0505,0.0217,0.0401,0.0232,0.1727,0.0581,0.2458,0.1275,0.0817,0.0358,0.0261,0.0187,0.4897,0.2292,0.334,0.1444
13786,-118.895,34.765,0.0505,0.0215,0.0422,0.0246,0.183,0.0623,0.2593,0.1376,0.0803,0.0348,0.0276,0.0204,0.4991,0.2395,0.351,0.1545
13787,-118.885,34.765,0.0509,0.0216,0.0438,0.0256,0.1859,0.0633,0.2627,0.1406,0.0796,0.0342,0.0278,0.0209,0.4928,0.2368,0.3614,0.1602
13788,-118.875,34.765,0.0545,0.0233,0.0441,0.0258,0.1874,0.0635,0.2641,0.1423,0.0835,0.0362,0.0276,0.0211,0.4838,0.2317,0.3678,0.1627
13789,-118.865,34.765,0.0516,0.0215,0.0442,0.0257,0.1887,0.0637,0.2654,0.1439,0.078,0.033,0.0273,0.0212,0.4747,0.2264,0.3684,0.1605
13790,-118.855,34.765,0.0522,0.0217,0.0446,0.0259,0.191,0.0643,0.2681,0.1467,0.0777,0.0326,0.0271,0.0212,0.4674,0.2225,0.3705,0.1594
13791,-118.845,34.765,0.0528,0.0218,0.0449,0.0261,0.1937,0.0651,0.2713,0.1503,0.0774,0.0322,0.0269,0.0211,0.4607,0.2192,0.3761,0.1609
13792,-118.835,34.765,0.0535,0.022,0.0454,0.0264,0.1967,0.0661,0.2752,0.1545,0.0773,0.032,0.0267,0.021,0.4547,0.2165,0.3822,0.1628
13793,-118.825,34.765,0.0542,0.0221,0.0456,0.0264,0.1996,0.0671,0.2789,0.1589,0.077,0.0317,0.0263,0.0207,0.4485,0.2136,0.3887,0.1647
13794,-118.815,34.765,0.0549,0.0223,0.0457,0.0264,0.2032,0.0684,0.2836,0.1644,0.077,0.0315,0.026,0.0204,0.4433,0.2116,0.3964,0.1674
13795,-118.805,34.765,0.0564,0.0229,0.045,0.0258,0.2105,0.0715,0.2931,0.1747,0.0782,0.032,0.0261,0.0205,0.4437,0.2145,0.4018,0.1683
13796,-118.795,34.765,0.0531,0.021,0.0452,0.0259,0.2106,0.0712,0.2932,0.1769,0.0731,0.0293,0.0253,0.0196,0.4336,0.2081,0.3982,0.1619
13797,-118.785,34.765,0.054,0.0212,0.0462,0.0265,0.2035,0.0675,0.284,0.1711,0.0738,0.0295,0.0234,0.0176,0.413,0.1924,0.4143,0.1705
13798,-118.775,34.765,0.0588,0.0235,0.047,0.0271,0.2109,0.0707,0.2934,0.1828,0.0799,0.0326,0.0237,0.0171,0.4139,0.1951,0.4326,0.1809
13799,-118.765,34.765,0.0587,0.0232,0.0464,0.0266,0.2192,0.0744,0.304,0.1958,0.0802,0.0326,0.0244,0.0167,0.4162,0.1993,0.4429,0.1851
13800,-118.755,34.765,0.0568,0.0221,0.0382,0.0209,0.2182,0.0737,0.3018,0.1978,0.0782,0.0317,0.0243,0.0149,0.4044,0.1924,0.4351,0.1749
13801,-118.745,34.765,0.0555,0.0213,0.0349,0.0186,0.2158,0.0725,0.2977,0.1976,0.0773,0.0313,0.0241,0.0133,0.3913,0.1841,0.4299,0.1684
13802,-118.735,34.765,0.054,0.0204,0.0365,0.0197,0.2122,0.0707,0.2917,0.195,0.0763,0.0307,0.0239,0.012,0.3767,0.1743,0.4387,0.1711
13803,-118.725,34.765,0.0601,0.0232,0.0366,0.0197,0.2214,0.0753,0.3013,0.2057,0.0854,0.0357,0.0262,0.0137,0.3797,0.1788,0.458,0.1805
13804,-118.715,34.765,0.061,0.0233,0.0376,0.0201,0.2292,0.0791,0.3086,0.2128,0.0877,0.0367,0.0285,0.0157,0.381,0.1816,0.4844,0.1945
13805,-118.705,34.765,0.0612,0.0231,0.0443,0.0247,0.2171,0.073,0.2897,0.1893,0.0891,0.0373,0.0277,0.0156,0.3564,0.1626,0.5144,0.2102
13806,-118.695,34.765,0.061,0.0228,0.0458,0.0257,0.2191,0.0741,0.288,0.1822,0.0899,0.0377,0.0292,0.0171,0.3503,0.1583,0.5408,0.2245
13807,-118.685,34.765,0.0596,0.0219,0.042,0.023,0.2352,0.0822,0.3033,0.1913,0.089,0.0373,0.0329,0.0203,0.3627,0.169,0.5623,0.2347
13808,-118.675,34.765,0.0642,0.0238,0.0397,0.0214,0.2266,0.0784,0.2878,0.1731,0.0967,0.0415,0.0326,0.0205,0.3428,0.156,0.5733,0.2362
13809,-118.665,34.765,0.0522,0.0182,0.0378,0.02,0.2128,0.0721,0.2658,0.1499,0.0803,0.0326,0.0315,0.02,0.3161,0.1386,0.551,0.2126
13810,-118.655,34.765,0.0476,0.016,0.0361,0.0188,0.198,0.0656,0.243,0.1294,0.0743,0.0295,0.0302,0.0192,0.2888,0.1224,0.5398,0.2005
13811,-118.645,34.765,0.0465,0.0154,0.0372,0.0196,0.2141,0.0746,0.2561,0.1372,0.0733,0.029,0.0346,0.0233,0.3014,0.1332,0.5671,0.2128
13812,-118.635,34.765,0.0641,0.023,0.0411,0.0222,0.2612,0.099,0.3053,0.1733,0.0998,0.0437,0.0448,0.0322,0.3541,0.1709,0.6255,0.2461
13813,-118.625,34.765,0.0693,0.0252,0.0432,0.0236,0.2454,0.0907,0.2825,0.1525,0.107,0.0478,0.0424,0.0297,0.3297,0.1531,0.6802,0.2842
13814,-118.615,34.765,0.0575,0.0195,0.0451,0.0248,0.225,0.0803,0.2541,0.1274,0.0891,0.0371,0.0393,0.0263,0.2995,0.1311,0.7125,0.2984
13815,-118.605,34.765,0.0635,0.0219,0.0479,0.0267,0.2449,0.0914,0.2707,0.1381,0.0972,0.0414,0.0446,0.0303,0.3176,0.1442,0.7521,0.3253
13816,-118.595,34.765,0.0694,0.0243,0.0506,0.0284,0.2614,0.1015,0.2831,0.1466,0.1049,0.0457,0.0495,0.034,0.331,0.1549,0.7968,0.3626
13817,-118.585,34.765,0.0758,0.0268,0.0532,0.0301,0.2744,0.1105,0.2913,0.1527,0.1132,0.0503,0.0541,0.0375,0.3396,0.1633,0.8387,0.401
13818,-118.575,34.765,0.0781,0.0275,0.0515,0.0289,0.2806,0.1157,0.2926,0.1535,0.1156,0.0516,0.0574,0.0397,0.341,0.1657,0.8757,0.4305
13819,-118.565,34.765,0.0779,0.0272,0.0494,0.0274,0.2855,0.1204,0.2926,0.1533,0.1146,0.051,0.0604,0.0417,0.341,0.167,0.9066,0.45
13820,-118.555,34.765,0.0793,0.0275,0.0497,0.0275,0.291,0.1257,0.2936,0.1541,0.1158,0.0516,0.0639,0.0441,0.3419,0.1689,0.9369,0.4719
13821,-118.545,34.765,0.0828,0.0287,0.0521,0.0292,0.2949,0.1301,0.2934,0.154,0.12,0.054,0.067,0.0462,0.3414,0.1696,0.9713,0.5063
13822,-118.535,34.765,0.0869,0.0301,0.0568,0.0325,0.2974,0.1337,0.292,0.1529,0.1249,0.0568,0.0699,0.0481,0.3396,0.1689,1.0088,0.5493
13823,-118.525,34.765,0.089,0.0307,0.0579,0.0332,0.3044,0.1404,0.2956,0.1554,0.1271,0.058,0.0742,0.0511,0.3429,0.1718,1.0371,0.5891
13824,-118.515,34.765,0.0904,0.0309,0.0582,0.0333,0.3111,0.147,0.2991,0.1579,0.1282,0.0587,0.0785,0.0541,0.3459,0.1745,1.0574,0.6177
13825,-118.505,34.765,0.0917,0.0311,0.0584,0.0334,0.3116,0.1499,0.297,0.1567,0.1291,0.0591,0.0809,0.0554,0.3429,0.173,1.0696,0.6319
13826,-118.495,34.765,0.0932,0.0312,0.0586,0.0335,0.3119,0.1528,0.295,0.1555,0.1294,0.0591,0.0828,0.0555,0.34,0.1717,1.0708,0.6346
13827,-118.485,34.765,0.0946,0.0314,0.0589,0.0337,0.312,0.1556,0.2931,0.1545,0.1291,0.0588,0.0839,0.0546,0.3371,0.1705,1.0616,0.628
13828,-118.475,34.765,0.0962,0.0316,0.0591,0.0338,0.312,0.1581,0.2911,0.1534,0.1286,0.0583,0.0848,0.0534,0.3344,0.1692,1.0473,0.6169
13829,-118.465,34.765,0.0977,0.0318,0.0594,0.0339,0.3119,0.1605,0.289,0.1523,0.1282,0.0579,0.0856,0.0521,0.3317,0.168,1.03,0.6035
13830,-118.455,34.765,0.0993,0.032,0.0596,0.0341,0.3116,0.1625,0.2866,0.1507,0.128,0.0575,0.0863,0.0511,0.329,0.1668,1.0123,0.5897
13831,-118.445,34.765,0.1008,0.0321,0.0597,0.034,0.311,0.1639,0.2835,0.1486,0.1277,0.0571,0.0868,0.0503,0.3259,0.1653,0.996,0.576
13832,-118.435,34.765,0.1018,0.032,0.0594,0.0338,0.31,0.1647,0.2797,0.146,0.1271,0.0566,0.0872,0.0495,0.3225,0.1635,0.9808,0.5619
13833,-118.425,34.765,0.1017,0.0314,0.0592,0.0337,0.306,0.1625,0.2725,0.1405,0.1253,0.0554,0.0864,0.0483,0.3162,0.1593,0.9664,0.5462
13834,-118.415,34.765,0.1019,0.0308,0.0583,0.033,0.3009,0.1592,0.2639,0.1341,0.1241,0.0545,0.0852,0.0469,0.3088,0.1543,0.9522,0.5274
13835,-118.405,34.765,0.0996,0.0294,0.0538,0.0298,0.2932,0.1535,0.2523,0.1258,0.1204,0.0522,0.0831,0.0454,0.299,0.1477,0.9285,0.487
13836,-118.395,34.765,0.0891,0.0251,0.0495,0.0269,0.2804,0.1438,0.236,0.1145,0.1076,0.0449,0.0792,0.0427,0.2842,0.1375,0.8911,0.4387
13837,-118.385,34.765,0.0855,0.0233,0.0455,0.0243,0.2624,0.1301,0.2151,0.1003,0.1028,0.0422,0.0735,0.039,0.2644,0.1238,0.8574,0.4037
13838,-118.375,34.765,0.088,0.0237,0.0466,0.025,0.2795,0.1434,0.2242,0.1072,0.1051,0.0436,0.0805,0.0445,0.2789,0.1361,0.8459,0.4034
13839,-118.365,34.765,0.1074,0.0301,0.0491,0.0267,0.3004,0.1595,0.2372,0.1167,0.1266,0.0559,0.0888,0.051,0.2971,0.1511,0.8597,0.441
13840,-118.355,34.765,0.1121,0.031,0.0542,0.03,0.3052,0.1619,0.2395,0.1178,0.1317,0.0587,0.0909,0.0532,0.2999,0.1532,0.8682,0.4704
13841,-118.345,34.765,0.1164,0.0318,0.0605,0.0344,0.3156,0.1697,0.2487,0.124,0.1364,0.0614,0.0958,0.0579,0.308,0.1607,0.8687,0.499
13842,-118.335,34.765,0.1316,0.0368,0.0682,0.0399,0.3316,0.1827,0.2647,0.1356,0.1532,0.0721,0.1035,0.0651,0.3213,0.1736,0.8603,0.5281
13843,-118.325,34.765,0.1363,0.0377,0.0698,0.0411,0.3321,0.1823,0.2666,0.1368,0.1584,0.0754,0.1048,0.0674,0.3208,0.1742,0.8492,0.5361
13844,-118.315,34.765,0.1372,0.0372,0.0701,0.0412,0.3292,0.1788,0.2654,0.1357,0.1595,0.0762,0.1048,0.0686,0.3174,0.172,0.8407,0.533
13845,-118.305,34.765,0.1381,0.0367,0.0697,0.0409,0.3254,0.1748,0.2626,0.1339,0.1606,0.0769,0.1048,0.0698,0.3135,0.1695,0.833,0.527
13846,-118.295,34.765,0.1385,0.0361,0.0692,0.0405,0.3211,0.1704,0.259,0.1317,0.1615,0.0775,0.1046,0.0709,0.3092,0.1667,0.8253,0.5209
13847,-118.285,34.765,0.1385,0.0354,0.0686,0.0401,0.3163,0.1656,0.2545,0.1291,0.162,0.078,0.1042,0.0718,0.3047,0.1635,0.8176,0.5141
13848,-118.275,34.765,0.1385,0.0347,0.0682,0.0398,0.3117,0.1613,0.2497,0.1267,0.1633,0.0787,0.1042,0.0728,0.3005,0.1608,0.8097,0.5082
13849,-118.265,34.765,0.1385,0.0342,0.0679,0.0395,0.3073,0.1572,0.2449,0.1244,0.165,0.0798,0.1042,0.0738,0.2967,0.1584,0.8019,0.503
13850,-118.255,34.765,0.1387,0.0338,0.0677,0.0394,0.3036,0.1538,0.2404,0.1225,0.1671,0.081,0.1044,0.0749,0.2937,0.1566,0.794,0.4985
13851,-118.245,34.765,0.1386,0.0334,0.0675,0.0392,0.2998,0.1504,0.2357,0.1207,0.1692,0.0823,0.1043,0.0756,0.2906,0.1548,0.7862,0.4942
13852,-118.235,34.765,0.138,0.0328,0.0673,0.039,0.2957,0.1469,0.2309,0.1188,0.1708,0.0832,0.1039,0.0759,0.2876,0.1529,0.7785,0.4887
13853,-118.225,34.765,0.1369,0.0323,0.0671,0.0388,0.2915,0.1435,0.2267,0.1171,0.1718,0.0837,0.1031,0.0755,0.2845,0.1511,0.7708,0.483
13854,-118.215,34.765,0.1365,0.032,0.0669,0.0387,0.2875,0.1403,0.2232,0.1156,0.1735,0.0847,0.1023,0.075,0.2817,0.1495,0.7634,0.4776
13855,-118.205,34.765,0.1361,0.0318,0.067,0.0388,0.2844,0.1378,0.2222,0.1148,0.1752,0.0857,0.1017,0.0745,0.2798,0.1486,0.7564,0.473
13856,-118.195,34.765,0.1357,0.0316,0.067,0.0388,0.2815,0.1355,0.2224,0.1144,0.1769,0.0866,0.1015,0.0741,0.2781,0.1479,0.7498,0.4682
13857,-118.185,34.765,0.1352,0.0316,0.067,0.0388,0.2787,0.1334,0.2237,0.1142,0.1786,0.0875,0.1016,0.0738,0.2766,0.1474,0.7434,0.4641
13858,-118.175,34.765,0.135,0.0316,0.0672,0.0389,0.2764,0.1318,0.2259,0.1146,0.1807,0.0888,0.1027,0.0738,0.2755,0.1472,0.7372,0.4602
13859,-118.165,34.765,0.1344,0.0317,0.0674,0.0391,0.2741,0.1301,0.228,0.1149,0.1823,0.0897,0.1039,0.0738,0.2742,0.1468,0.731,0.4563
13860,-118.155,34.765,0.133,0.0316,0.0676,0.0392,0.2711,0.1279,0.229,0.1147,0.1832,0.0902,0.1048,0.0732,0.2717,0.1454,0.7247,0.4513
13861,-118.145,34.765,0.1309,0.0314,0.0674,0.039,0.2688,0.1262,0.2299,0.1146,0.1835,0.0903,0.1058,0.0725,0.2691,0.144,0.7181,0.4452
13862,-118.135,34.765,0.1291,0.0313,0.0668,0.0386,0.2673,0.1251,0.2307,0.1146,0.1841,0.0905,0.1069,0.0718,0.2665,0.1425,0.7114,0.4388
13863,-118.125,34.765,0.1269,0.0311,0.0663,0.0382,0.2659,0.124,0.2305,0.1142,0.1845,0.0906,0.1076,0.0705,0.2631,0.1403,0.7048,0.4324
13864,-118.115,34.765,0.1242,0.0308,0.0658,0.0379,0.2647,0.1231,0.2302,0.1139,0.1841,0.0902,0.1082,0.0692,0.2597,0.1381,0.6978,0.4255
13865,-118.105,34.765,0.122,0.0308,0.0656,0.0378,0.2644,0.1228,0.2304,0.1142,0.1844,0.0903,0.1091,0.068,0.2571,0.1366,0.6913,0.42
13866,-118.095,34.765,0.12,0.0308,0.0654,0.0376,0.2642,0.1226,0.2305,0.1145,0.185,0.0907,0.1101,0.0669,0.2546,0.1351,0.685,0.415
13867,-118.085,34.765,0.1181,0.0308,0.0651,0.0375,0.2641,0.1226,0.2306,0.1149,0.1857,0.091,0.111,0.0657,0.2522,0.1338,0.679,0.4103
13868,-118.075,34.765,0.1163,0.0309,0.065,0.0374,0.2641,0.1226,0.2307,0.1155,0.1865,0.0915,0.112,0.0646,0.2502,0.1328,0.6731,0.406
13869,-118.065,34.765,0.1147,0.031,0.0648,0.0373,0.2641,0.1227,0.2308,0.116,0.1873,0.0919,0.1128,0.0635,0.2482,0.1318,0.6674,0.4018
13870,-118.055,34.765,0.113,0.0311,0.0647,0.0372,0.2635,0.1224,0.2304,0.1162,0.1879,0.0923,0.1133,0.0622,0.246,0.1306,0.6617,0.3975
13871,-118.045,34.765,0.1114,0.0312,0.0646,0.0371,0.2632,0.1223,0.2301,0.1166,0.1885,0.0926,0.1139,0.0611,0.2442,0.1297,0.6559,0.3933
13872,-118.035,34.765,0.1101,0.0314,0.0645,0.0371,0.2629,0.1224,0.23,0.1171,0.1895,0.0933,0.1145,0.0601,0.2427,0.1291,0.6505,0.3894
13873,-118.025,34.765,0.1087,0.0315,0.0644,0.037,0.2622,0.122,0.2294,0.1173,0.19,0.0935,0.1148,0.0589,0.2409,0.1282,0.6449,0.3854
13874,-118.015,34.765,0.1073,0.0316,0.0642,0.037,0.2613,0.1217,0.2287,0.1174,0.1905,0.0938,0.115,0.0578,0.2391,0.1274,0.6394,0.3816
13875,-118.005,34.765,0.1064,0.0318,0.0642,0.037,0.2611,0.1218,0.2285,0.118,0.1915,0.0945,0.1154,0.057,0.238,0.1271,0.634,0.3779
13876,-117.995,34.765,0.1052,0.0319,0.0642,0.037,0.2599,0.1213,0.2276,0.1179,0.1918,0.0947,0.1153,0.056,0.2363,0.1262,0.6283,0.3739
13877,-117.985,34.765,0.1035,0.0318,0.064,0.0369,0.2579,0.1203,0.2259,0.1173,0.1913,0.0943,0.1147,0.0547,0.234,0.1248,0.6222,0.3689
13878,-117.975,34.765,0.1025,0.0319,0.0638,0.0368,0.2566,0.1197,0.2247,0.1171,0.1915,0.0945,0.1142,0.0538,0.2323,0.1241,0.616,0.3641
13879,-117.965,34.765,0.1014,0.0319,0.0636,0.0367,0.2552,0.1191,0.2235,0.1169,0.1915,0.0944,0.1137,0.0529,0.2307,0.1233,0.6097,0.3591
13880,-117.955,34.765,0.1,0.0319,0.0633,0.0365,0.2532,0.1181,0.2217,0.1162,0.1909,0.094,0.1128,0.0519,0.2286,0.1222,0.6032,0.3537
13881,-117.945,34.765,0.0989,0.0319,0.063,0.0363,0.2512,0.1171,0.22,0.1156,0.1904,0.0937,0.1118,0.0509,0.2265,0.1211,0.5967,0.3484
13882,-117.935,34.765,0.0978,0.0319,0.0628,0.0362,0.2492,0.1162,0.2182,0.115,0.1899,0.0934,0.1106,0.0501,0.2245,0.1201,0.5902,0.3431
13883,-117.925,34.765,0.0966,0.0318,0.0588,0.0334,0.2357,0.1076,0.2059,0.1067,0.1891,0.0929,0.1037,0.0459,0.2123,0.1113,0.5737,0.3246
13884,-117.915,34.765,0.0843,0.027,0.0546,0.0304,0.2211,0.0984,0.1926,0.0977,0.1685,0.0792,0.0963,0.0415,0.1992,0.1019,0.5492,0.2961
13885,-117.905,34.765,0.0797,0.0254,0.0527,0.0291,0.213,0.0937,0.1854,0.0931,0.161,0.0744,0.0923,0.0392,0.1918,0.097,0.5286,0.2754
13886,-117.895,34.765,0.0791,0.0254,0.0514,0.0283,0.2059,0.0897,0.1791,0.0893,0.1606,0.0742,0.0888,0.0373,0.1855,0.093,0.5194,0.268
13887,-117.885,34.765,0.0759,0.0244,0.0505,0.0277,0.2,0.0864,0.1739,0.0863,0.1553,0.0709,0.086,0.0358,0.1802,0.0897,0.4952,0.2472
13888,-117.875,34.765,0.0667,0.0209,0.0405,0.0212,0.1595,0.0652,0.1383,0.0652,0.1381,0.0606,0.0681,0.0269,0.1438,0.0677,0.4407,0.2066
13889,-117.865,34.765,0.0439,0.0125,0.0303,0.0146,0.1192,0.0443,0.103,0.0443,0.0921,0.0362,0.0505,0.0182,0.1076,0.0461,0.3376,0.1415
13890,-117.855,34.765,0.0421,0.012,0.0286,0.0137,0.115,0.0425,0.0996,0.0426,0.0887,0.0345,0.0489,0.0175,0.104,0.0443,0.3109,0.1273
13891,-117.845,34.765,0.0418,0.012,0.0278,0.0132,0.1124,0.0415,0.0974,0.0417,0.0884,0.0344,0.0481,0.0172,0.1017,0.0433,0.3003,0.122
13892,-117.835,34.765,0.0415,0.012,0.0277,0.0132,0.1115,0.0412,0.0967,0.0415,0.0881,0.0343,0.0481,0.0171,0.1009,0.043,0.297,0.1206
13893,-117.825,34.765,0.0413,0.012,0.0276,0.0132,0.1105,0.0409,0.096,0.0413,0.0877,0.0342,0.0482,0.0172,0.1,0.0428,0.2939,0.1193
13894,-117.815,34.765,0.041,0.012,0.0275,0.0131,0.1094,0.0406,0.0952,0.0411,0.0874,0.0341,0.0485,0.0172,0.0992,0.0425,0.2911,0.1181
13895,-117.805,34.765,0.0407,0.012,0.0274,0.0131,0.1084,0.0403,0.0945,0.0409,0.0871,0.034,0.0489,0.0174,0.0984,0.0422,0.2883,0.117
13896,-117.795,34.765,0.0405,0.012,0.0274,0.0131,0.1074,0.04,0.0939,0.0407,0.0867,0.0339,0.0494,0.0175,0.0976,0.042,0.2856,0.116
13897,-117.785,34.765,0.0402,0.012,0.0273,0.0131,0.1064,0.0397,0.0932,0.0406,0.0864,0.0338,0.05,0.0177,0.0968,0.0418,0.2831,0.1151
13898,-117.775,34.765,0.0399,0.012,0.0272,0.0131,0.1054,0.0394,0.0926,0.0404,0.086,0.0336,0.0507,0.018,0.096,0.0415,0.2808,0.1143
13899,-117.765,34.765,0.0397,0.012,0.0271,0.013,0.1044,0.0391,0.0919,0.0402,0.0856,0.0335,0.0515,0.0182,0.0952,0.0413,0.2785,0.1135
13900,-117.755,34.765,0.0394,0.012,0.027,0.013,0.1035,0.0389,0.0913,0.0401,0.0852,0.0334,0.0523,0.0185,0.0944,0.0411,0.2763,0.1128
13901,-117.745,34.765,0.0392,0.012,0.0269,0.013,0.1025,0.0386,0.0907,0.0399,0.0848,0.0333,0.0532,0.0188,0.0936,0.0408,0.2741,0.1121
13902,-117.735,34.765,0.0389,0.012,0.0268,0.013,0.1015,0.0383,0.09,0.0398,0.0844,0.0332,0.0541,0.0191,0.0928,0.0406,0.272,0.1114
13903,-117.725,34.765,0.0387,0.012,0.0284,0.014,0.1006,0.0381,0.0894,0.0396,0.084,0.033,0.0551,0.0194,0.0921,0.0404,0.2745,0.1132
13904,-117.715,34.765,0.0386,0.0121,0.0299,0.015,0.0998,0.0379,0.0888,0.0395,0.0839,0.0331,0.0561,0.0198,0.0914,0.0402,0.2788,0.1159
13905,-117.705,34.765,0.0388,0.0123,0.0285,0.0142,0.0995,0.0379,0.0887,0.0397,0.0845,0.0334,0.0574,0.0203,0.0912,0.0403,0.2814,0.1177
13906,-117.695,34.765,0.0388,0.0123,0.0274,0.0135,0.0991,0.038,0.0885,0.0398,0.0845,0.0335,0.0587,0.0207,0.091,0.0404,0.2767,0.1157
13907,-117.685,34.765,0.0379,0.0121,0.0265,0.013,0.0987,0.038,0.0883,0.0399,0.0826,0.0327,0.06,0.0212,0.0907,0.0404,0.2692,0.112
13908,-117.675,34.765,0.0374,0.012,0.0268,0.0132,0.1205,0.0496,0.108,0.0523,0.0816,0.0323,0.0755,0.0284,0.1107,0.0528,0.2867,0.1222
13909,-117.665,34.765,0.0558,0.02,0.0292,0.0148,0.1447,0.0627,0.1301,0.0663,0.1204,0.0534,0.0928,0.0366,0.133,0.0668,0.3298,0.1494
13910,-117.655,34.765,0.0652,0.0244,0.0414,0.023,0.1591,0.0716,0.1434,0.0758,0.1397,0.0649,0.1047,0.0426,0.146,0.0762,0.3946,0.1949
13911,-118.945,34.775,0.0274,0.0106,0.0245,0.0128,0.1023,0.0301,0.148,0.0649,0.0485,0.0191,0.0158,0.0092,0.3651,0.1415,0.2187,0.0843
13912,-118.935,34.775,0.0277,0.0106,0.0246,0.0128,0.1033,0.0301,0.149,0.0656,0.048,0.0187,0.0158,0.0092,0.3589,0.139,0.2223,0.085
13913,-118.925,34.775,0.0279,0.0106,0.0257,0.0134,0.115,0.0344,0.1651,0.0754,0.0475,0.0184,0.0175,0.0107,0.3824,0.1537,0.2305,0.088
13914,-118.915,34.775,0.0313,0.0122,0.0276,0.0146,0.1299,0.04,0.1856,0.0882,0.0522,0.0205,0.0197,0.0127,0.4136,0.1735,0.2599,0.1027
13915,-118.905,34.775,0.0372,0.015,0.0327,0.0181,0.1494,0.0476,0.2119,0.1057,0.0609,0.0248,0.0228,0.0155,0.4524,0.2005,0.2957,0.1217
13916,-118.895,34.775,0.0457,0.0192,0.0379,0.0216,0.166,0.0542,0.2338,0.1208,0.073,0.0311,0.0253,0.0181,0.481,0.222,0.3307,0.1415
13917,-118.885,34.775,0.0506,0.0216,0.0431,0.0253,0.1795,0.0596,0.2513,0.1336,0.0792,0.0343,0.0274,0.0205,0.4992,0.2382,0.3584,0.1586
13918,-118.875,34.775,0.051,0.0216,0.0437,0.0256,0.1826,0.0606,0.255,0.1368,0.0786,0.0337,0.0276,0.0211,0.4942,0.2363,0.3629,0.1596
13919,-118.865,34.775,0.0508,0.0213,0.0435,0.0254,0.184,0.0609,0.2561,0.1383,0.0771,0.0327,0.0274,0.0214,0.4849,0.231,0.3657,0.1592
13920,-118.855,34.775,0.0517,0.0216,0.0441,0.0258,0.1865,0.0616,0.259,0.1413,0.0773,0.0326,0.0273,0.0214,0.4778,0.2275,0.3701,0.1599
13921,-118.845,34.775,0.0533,0.0222,0.0448,0.0262,0.1908,0.0631,0.2643,0.1465,0.0785,0.0331,0.0273,0.0217,0.4736,0.2268,0.3766,0.1622
13922,-118.835,34.775,0.0543,0.0225,0.0455,0.0266,0.1969,0.0655,0.2721,0.1538,0.0787,0.0331,0.0276,0.0221,0.4723,0.2288,0.3831,0.1643
13923,-118.825,34.775,0.0534,0.0219,0.0456,0.0266,0.1948,0.0642,0.2696,0.1529,0.0765,0.0317,0.0265,0.0209,0.458,0.2186,0.3822,0.1606
13924,-118.815,34.775,0.0555,0.0228,0.0453,0.0263,0.1893,0.0616,0.2623,0.1488,0.0784,0.0326,0.0248,0.0193,0.4365,0.2038,0.3755,0.1536
13925,-118.805,34.775,0.0546,0.0221,0.0428,0.0244,0.1749,0.056,0.2426,0.1373,0.0763,0.0314,0.022,0.0168,0.3928,0.1788,0.3648,0.1446
13926,-118.795,34.775,0.0472,0.0183,0.0416,0.0235,0.1775,0.0569,0.246,0.142,0.0657,0.0257,0.0215,0.0163,0.3867,0.1759,0.3531,0.1351
13927,-118.785,34.775,0.0502,0.0196,0.0418,0.0236,0.1971,0.0642,0.2726,0.1629,0.0691,0.0273,0.0232,0.0177,0.4183,0.1952,0.3944,0.1581
13928,-118.775,34.775,0.0598,0.0241,0.045,0.0258,0.2056,0.0676,0.2836,0.1745,0.081,0.0334,0.0237,0.0175,0.423,0.1996,0.426,0.1768
13929,-118.765,34.775,0.0599,0.024,0.0476,0.0276,0.2098,0.0694,0.2889,0.1819,0.0818,0.0338,0.0239,0.0167,0.4191,0.1986,0.441,0.1845
13930,-118.755,34.775,0.0567,0.0222,0.0438,0.0248,0.2043,0.0669,0.281,0.1779,0.0785,0.032,0.0233,0.0145,0.3998,0.1857,0.4371,0.1768
13931,-118.745,34.775,0.0568,0.022,0.044,0.0249,0.2065,0.0677,0.2829,0.1821,0.0797,0.0326,0.0239,0.0136,0.3936,0.1824,0.453,0.1849
13932,-118.735,34.775,0.0618,0.0243,0.0482,0.0278,0.2166,0.072,0.2947,0.1945,0.0872,0.0367,0.0256,0.0138,0.4003,0.1888,0.4686,0.1924
13933,-118.725,34.775,0.055,0.0207,0.0443,0.025,0.2165,0.0722,0.2923,0.1933,0.079,0.0322,0.0266,0.0144,0.3899,0.1827,0.4792,0.1956
13934,-118.715,34.775,0.0511,0.0188,0.04,0.0219,0.2133,0.071,0.2857,0.1873,0.0746,0.0299,0.0272,0.015,0.3749,0.1731,0.4833,0.1935
13935,-118.705,34.775,0.0527,0.0193,0.042,0.0232,0.2053,0.0672,0.2719,0.1711,0.0778,0.0315,0.027,0.0153,0.3551,0.1592,0.4992,0.2004
13936,-118.695,34.775,0.0563,0.0208,0.0445,0.0249,0.2101,0.0697,0.2737,0.169,0.0839,0.0347,0.029,0.0171,0.3532,0.1588,0.525,0.2142
13937,-118.685,34.775,0.0623,0.0234,0.0477,0.0271,0.2279,0.0785,0.2912,0.1809,0.0935,0.0401,0.033,0.0206,0.3693,0.1718,0.5547,0.2321
13938,-118.675,34.775,0.0635,0.0237,0.0427,0.0236,0.232,0.0812,0.2909,0.1774,0.0965,0.0417,0.0351,0.0228,0.3655,0.1716,0.5802,0.2475
13939,-118.665,34.775,0.0504,0.0176,0.0372,0.0197,0.2325,0.0823,0.2858,0.1701,0.0783,0.0318,0.0366,0.0246,0.3568,0.1678,0.5757,0.2357
13940,-118.655,34.775,0.0522,0.0182,0.0376,0.02,0.2284,0.0812,0.2754,0.1592,0.0822,0.0339,0.0373,0.0257,0.3433,0.1603,0.5825,0.2347
13941,-118.645,34.775,0.0501,0.0171,0.0419,0.0229,0.2403,0.0881,0.2834,0.163,0.0801,0.0328,0.041,0.0292,0.3506,0.1668,0.6114,0.2506
13942,-118.635,34.775,0.0664,0.0242,0.05,0.0285,0.2683,0.1031,0.31,0.1813,0.105,0.0468,0.0478,0.0352,0.3788,0.1873,0.6584,0.2824
13943,-118.625,34.775,0.0756,0.0282,0.0522,0.0299,0.2612,0.0999,0.2964,0.1681,0.1174,0.054,0.0475,0.0345,0.364,0.1768,0.707,0.3243
13944,-118.615,34.775,0.0748,0.0275,0.0532,0.0306,0.2514,0.0954,0.2795,0.1525,0.1152,0.0524,0.0467,0.0333,0.3459,0.164,0.7334,0.3412
13945,-118.605,34.775,0.0778,0.0286,0.0546,0.0315,0.2632,0.1026,0.2866,0.1564,0.1185,0.0542,0.0504,0.036,0.3538,0.1702,0.7645,0.3642
13946,-118.595,34.775,0.0787,0.0287,0.0546,0.0315,0.2738,0.1096,0.2922,0.1596,0.1187,0.0542,0.0542,0.0387,0.36,0.1755,0.7992,0.3923
13947,-118.585,34.775,0.0771,0.0277,0.0534,0.0305,0.2831,0.1163,0.2964,0.1622,0.1156,0.0522,0.058,0.0414,0.3644,0.1801,0.8319,0.4186
13948,-118.575,34.775,0.0772,0.0274,0.0537,0.0307,0.2868,0.1199,0.2949,0.1605,0.115,0.0516,0.0606,0.043,0.3627,0.1798,0.8615,0.4403
13949,-118.565,34.775,0.0794,0.0281,0.0543,0.0311,0.2897,0.1232,0.2927,0.1584,0.1173,0.0529,0.0631,0.0446,0.3604,0.1789,0.8903,0.4607
13950,-118.555,34.775,0.0801,0.0281,0.0547,0.0313,0.2946,0.128,0.2931,0.1587,0.1177,0.0531,0.0665,0.0469,0.3605,0.1802,0.9187,0.4847
13951,-118.545,34.775,0.0839,0.0294,0.0555,0.0318,0.2982,0.1322,0.2925,0.1582,0.1222,0.0557,0.0696,0.0491,0.3593,0.1804,0.9469,0.5155
13952,-118.535,34.775,0.086,0.03,0.0567,0.0326,0.3004,0.1356,0.2909,0.1569,0.1246,0.0571,0.0725,0.0512,0.357,0.1796,0.9709,0.5436
13953,-118.525,34.775,0.0873,0.0302,0.057,0.0328,0.3016,0.1384,0.289,0.1553,0.1258,0.0578,0.0754,0.0532,0.354,0.1783,0.9917,0.5658
13954,-118.515,34.775,0.0886,0.0304,0.0573,0.0329,0.3025,0.1412,0.2871,0.1538,0.1272,0.0586,0.0781,0.0552,0.3508,0.1768,1.0091,0.5838
13955,-118.505,34.775,0.0899,0.0306,0.0575,0.033,0.3031,0.1438,0.2855,0.1524,0.1286,0.0594,0.0806,0.0566,0.3477,0.1753,1.0218,0.5973
13956,-118.495,34.775,0.0912,0.0308,0.0577,0.0331,0.3036,0.1464,0.2839,0.1511,0.1288,0.0594,0.0824,0.0569,0.3447,0.1739,1.0232,0.5997
13957,-118.485,34.775,0.0926,0.0309,0.0579,0.0332,0.3039,0.1489,0.2825,0.1499,0.128,0.0587,0.0835,0.0559,0.3417,0.1725,1.015,0.5933
13958,-118.475,34.775,0.0941,0.0311,0.0581,0.0334,0.3041,0.1512,0.2809,0.1486,0.1274,0.0581,0.0843,0.0546,0.3388,0.1712,1.0024,0.5835
13959,-118.465,34.775,0.0956,0.0313,0.0584,0.0335,0.3042,0.1533,0.2793,0.1473,0.127,0.0576,0.085,0.0534,0.336,0.1699,0.9874,0.5718
13960,-118.455,34.775,0.0971,0.0314,0.0586,0.0336,0.3042,0.1551,0.2774,0.1457,0.1267,0.0573,0.0857,0.0524,0.3332,0.1687,0.9709,0.5593
13961,-118.445,34.775,0.0987,0.0316,0.0589,0.0337,0.3039,0.1566,0.275,0.1437,0.1266,0.057,0.0864,0.0516,0.3303,0.1674,0.9555,0.5477
13962,-118.435,34.775,0.1002,0.0317,0.0591,0.0339,0.3035,0.1577,0.2721,0.1414,0.1267,0.0569,0.087,0.051,0.3272,0.1659,0.941,0.5362
13963,-118.425,34.775,0.1018,0.0318,0.059,0.0338,0.3018,0.1573,0.2673,0.1377,0.127,0.0569,0.087,0.0503,0.3229,0.1633,0.9273,0.5247
13964,-118.415,34.775,0.1022,0.0314,0.0588,0.0336,0.2997,0.1565,0.2621,0.1335,0.1261,0.0562,0.0869,0.0497,0.3182,0.1606,0.9144,0.5128
13965,-118.405,34.775,0.1026,0.0309,0.0582,0.0331,0.2974,0.155,0.256,0.1289,0.1252,0.0556,0.0867,0.0494,0.3135,0.1577,0.9001,0.4946
13966,-118.395,34.775,0.1041,0.0309,0.058,0.033,0.2919,0.151,0.2469,0.1223,0.1259,0.0558,0.0854,0.0484,0.3057,0.1525,0.8823,0.4738
13967,-118.385,34.775,0.1052,0.0308,0.0582,0.033,0.2833,0.1443,0.2349,0.1138,0.1264,0.0561,0.083,0.0468,0.295,0.1452,0.866,0.4586
13968,-118.375,34.775,0.1103,0.032,0.0596,0.034,0.2927,0.1516,0.2386,0.1164,0.1314,0.059,0.0873,0.0502,0.3019,0.1516,0.8567,0.4577
13969,-118.365,34.775,0.1128,0.0323,0.0609,0.0349,0.3036,0.1601,0.2441,0.1203,0.1336,0.0603,0.0921,0.0542,0.3104,0.1591,0.8544,0.4705
13970,-118.355,34.775,0.114,0.032,0.0606,0.0347,0.304,0.1599,0.2431,0.1193,0.1344,0.0608,0.0931,0.0556,0.309,0.1589,0.8487,0.4817
13971,-118.345,34.775,0.1246,0.0354,0.0635,0.0368,0.312,0.1662,0.2503,0.1243,0.1459,0.068,0.0975,0.06,0.3149,0.1653,0.8405,0.4986
13972,-118.335,34.775,0.1342,0.0382,0.0695,0.0412,0.3276,0.1791,0.2656,0.1351,0.1561,0.0746,0.1053,0.0672,0.3279,0.1782,0.831,0.5215
13973,-118.325,34.775,0.1354,0.0378,0.07,0.0416,0.3271,0.178,0.2664,0.1353,0.1571,0.0752,0.1064,0.0691,0.3264,0.1778,0.8226,0.5208
13974,-118.315,34.775,0.1363,0.0373,0.0695,0.0411,0.3233,0.174,0.2641,0.1332,0.1579,0.0758,0.1061,0.07,0.322,0.1748,0.8154,0.5158
13975,-118.305,34.775,0.1374,0.0369,0.0691,0.0408,0.3193,0.17,0.2613,0.1311,0.159,0.0765,0.1059,0.0709,0.3177,0.1719,0.8084,0.5099
13976,-118.295,34.775,0.1381,0.0364,0.0687,0.0405,0.3151,0.1659,0.258,0.1288,0.1598,0.0771,0.1057,0.0718,0.3134,0.169,0.8015,0.5041
13977,-118.285,34.775,0.1387,0.0359,0.0682,0.0401,0.3108,0.1618,0.2544,0.1264,0.1607,0.0777,0.1055,0.0728,0.3092,0.1662,0.7945,0.4984
13978,-118.275,34.775,0.1388,0.0353,0.0677,0.0397,0.3063,0.1578,0.2502,0.124,0.162,0.0785,0.1054,0.0737,0.3051,0.1635,0.7874,0.4929
13979,-118.265,34.775,0.1387,0.0348,0.0673,0.0394,0.302,0.1539,0.2459,0.1217,0.1635,0.0794,0.1053,0.0745,0.3012,0.161,0.7803,0.488
13980,-118.255,34.775,0.1386,0.0343,0.0671,0.0392,0.2986,0.1509,0.2423,0.12,0.1653,0.0804,0.1055,0.0755,0.2983,0.1594,0.7732,0.4838
13981,-118.245,34.775,0.1384,0.034,0.0669,0.0391,0.295,0.1478,0.2385,0.1183,0.1675,0.0818,0.1055,0.0762,0.2954,0.1576,0.7662,0.4802
13982,-118.235,34.775,0.1376,0.0335,0.0667,0.0389,0.2912,0.1446,0.2346,0.1165,0.1691,0.0827,0.1052,0.0765,0.2923,0.1558,0.7591,0.4749
13983,-118.225,34.775,0.1356,0.0328,0.0662,0.0385,0.287,0.1412,0.2309,0.1147,0.1694,0.0827,0.1046,0.0761,0.2889,0.1537,0.752,0.469
13984,-118.215,34.775,0.1342,0.0322,0.0657,0.0381,0.2829,0.1379,0.2276,0.1131,0.1703,0.0832,0.1039,0.0756,0.2857,0.1518,0.745,0.4634
13985,-118.205,34.775,0.1332,0.032,0.0657,0.0381,0.2798,0.1355,0.2264,0.1123,0.1719,0.0841,0.1035,0.0752,0.2835,0.1506,0.7384,0.4589
13986,-118.195,34.775,0.132,0.0317,0.0657,0.0381,0.2769,0.1333,0.226,0.1118,0.1731,0.0847,0.1034,0.0748,0.2815,0.1496,0.732,0.4541
13987,-118.185,34.775,0.1311,0.0316,0.0657,0.0382,0.2741,0.1312,0.2263,0.1115,0.1748,0.0856,0.1035,0.0744,0.2796,0.1488,0.7258,0.45
13988,-118.175,34.775,0.1304,0.0316,0.0659,0.0383,0.2718,0.1295,0.2274,0.1117,0.1766,0.0867,0.1043,0.0742,0.2779,0.1481,0.7198,0.4464
13989,-118.165,34.775,0.1295,0.0316,0.0661,0.0384,0.2696,0.1279,0.2287,0.112,0.1783,0.0878,0.1053,0.074,0.2763,0.1474,0.7141,0.4428
13990,-118.155,34.775,0.129,0.0318,0.0664,0.0387,0.2679,0.1266,0.23,0.1124,0.1806,0.0892,0.1065,0.0737,0.2745,0.1467,0.7084,0.4392
13991,-118.145,34.775,0.1269,0.0315,0.0665,0.0387,0.2662,0.1254,0.2308,0.1127,0.1809,0.0892,0.1075,0.0731,0.2723,0.1456,0.7023,0.4339
13992,-118.135,34.775,0.1256,0.0316,0.0664,0.0386,0.2645,0.1242,0.2311,0.1128,0.1822,0.09,0.1084,0.0722,0.2697,0.1441,0.6962,0.4286
13993,-118.125,34.775,0.124,0.0316,0.0659,0.0383,0.2633,0.1233,0.231,0.1128,0.1832,0.0905,0.1091,0.071,0.2668,0.1423,0.6902,0.4236
13994,-118.115,34.775,0.1211,0.0312,0.0654,0.0379,0.2622,0.1225,0.2308,0.1128,0.1826,0.09,0.1098,0.0698,0.2638,0.1404,0.6838,0.4173
13995,-118.105,34.775,0.1189,0.031,0.065,0.0376,0.2613,0.1219,0.2305,0.1129,0.1828,0.09,0.1104,0.0685,0.2609,0.1387,0.6776,0.4118
13996,-118.095,34.775,0.1171,0.031,0.0647,0.0375,0.2609,0.1216,0.2304,0.1133,0.1835,0.0904,0.1112,0.0674,0.2584,0.1373,0.6718,0.407
13997,-118.085,34.775,0.1155,0.031,0.0645,0.0373,0.2609,0.1216,0.2306,0.1139,0.1843,0.0909,0.1122,0.0663,0.2563,0.1362,0.6663,0.403
13998,-118.075,34.775,0.114,0.0312,0.0645,0.0373,0.261,0.1217,0.2306,0.1145,0.1855,0.0916,0.113,0.0653,0.2543,0.1352,0.661,0.3993
13999,-118.065,34.775,0.1126,0.0313,0.0644,0.0372,0.2609,0.1217,0.2307,0.1152,0.1864,0.0922,0.1139,0.0642,0.2523,0.1342,0.6559,0.3958
14000,-118.055,34.775,0.1111,0.0314,0.0642,0.0371,0.2607,0.1217,0.2305,0.1157,0.1872,0.0927,0.1145,0.0631,0.2504,0.1333,0.6507,0.392
14001,-118.045,34.775,0.1091,0.0312,0.064,0.037,0.26,0.1214,0.2299,0.1159,0.1871,0.0925,0.1149,0.0619,0.2483,0.1322,0.6452,0.3876
14002,-118.035,34.775,0.1076,0.0312,0.0637,0.0368,0.259,0.1209,0.229,0.1159,0.1877,0.0928,0.1151,0.0606,0.246,0.1309,0.6396,0.383
14003,-118.025,34.775,0.1065,0.0314,0.0636,0.0368,0.2584,0.1207,0.2284,0.1162,0.1885,0.0934,0.1154,0.0596,0.2442,0.13,0.6343,0.3793
14004,-118.015,34.775,0.1053,0.0315,0.0636,0.0368,0.2578,0.1205,0.2279,0.1165,0.1892,0.0938,0.1157,0.0586,0.2426,0.1293,0.6293,0.376
14005,-118.005,34.775,0.1042,0.0316,0.0636,0.0368,0.2573,0.1205,0.2275,0.117,0.1897,0.0941,0.116,0.0577,0.2413,0.1288,0.6242,0.3726
14006,-117.995,34.775,0.1035,0.0319,0.0636,0.0368,0.2565,0.1202,0.2267,0.1171,0.1908,0.0949,0.116,0.0568,0.2397,0.1281,0.619,0.3691
14007,-117.985,34.775,0.1024,0.032,0.0636,0.0369,0.2552,0.1196,0.2256,0.117,0.191,0.095,0.1158,0.0558,0.2379,0.1272,0.6133,0.3647
14008,-117.975,34.775,0.1007,0.0318,0.0633,0.0367,0.2535,0.1188,0.2241,0.1166,0.1901,0.0944,0.1152,0.0548,0.2358,0.1261,0.6071,0.3596
14009,-117.965,34.775,0.0996,0.0318,0.0629,0.0365,0.2518,0.1179,0.2226,0.1162,0.1901,0.0943,0.1146,0.0538,0.2338,0.125,0.6008,0.3544
14010,-117.955,34.775,0.0986,0.0318,0.0628,0.0364,0.25,0.117,0.2209,0.1157,0.1898,0.0942,0.1139,0.0529,0.2317,0.1239,0.5945,0.3492
14011,-117.945,34.775,0.0975,0.0318,0.0625,0.0362,0.2481,0.1162,0.2192,0.1151,0.1894,0.0939,0.113,0.052,0.2297,0.1228,0.5881,0.3441
14012,-117.935,34.775,0.0963,0.0317,0.0621,0.036,0.2462,0.1153,0.2175,0.1145,0.1886,0.0933,0.1121,0.0512,0.2276,0.1217,0.5811,0.3381
14013,-117.925,34.775,0.0954,0.0317,0.0569,0.0323,0.2298,0.1049,0.2024,0.1043,0.188,0.093,0.1038,0.0461,0.2125,0.1108,0.5623,0.3169
14014,-117.915,34.775,0.0794,0.0253,0.0517,0.0286,0.2129,0.0942,0.187,0.0938,0.1604,0.0747,0.0953,0.041,0.197,0.0996,0.5354,0.2861
14015,-117.905,34.775,0.0784,0.0252,0.0513,0.0284,0.2084,0.0917,0.183,0.0916,0.1592,0.074,0.0931,0.0397,0.1928,0.097,0.5193,0.2708
14016,-117.895,34.775,0.0778,0.0252,0.0511,0.0283,0.2042,0.0895,0.1793,0.0896,0.1588,0.0737,0.0912,0.0386,0.1889,0.0947,0.5117,0.2651
14017,-117.885,34.775,0.0772,0.0253,0.051,0.0282,0.2003,0.0874,0.1758,0.0877,0.1583,0.0735,0.0895,0.0377,0.1852,0.0926,0.4938,0.2501
14018,-117.875,34.775,0.0763,0.0252,0.0404,0.0214,0.1607,0.0664,0.1407,0.0667,0.1572,0.0728,0.0715,0.0286,0.1488,0.0704,0.4464,0.2147
14019,-117.865,34.775,0.0445,0.0129,0.0297,0.0144,0.1207,0.0453,0.1054,0.0456,0.0937,0.0373,0.0534,0.0195,0.112,0.0481,0.3428,0.1458
14020,-117.855,34.775,0.0414,0.0119,0.0282,0.0136,0.1146,0.0427,0.1002,0.043,0.0876,0.0343,0.0509,0.0183,0.1064,0.0453,0.3115,0.1289
14021,-117.845,34.775,0.0411,0.0119,0.0274,0.0131,0.1111,0.0412,0.0972,0.0416,0.0873,0.0341,0.0497,0.0178,0.1031,0.0438,0.2976,0.1217
14022,-117.835,34.775,0.0408,0.0119,0.0274,0.0131,0.1102,0.0409,0.0964,0.0414,0.0869,0.034,0.0497,0.0178,0.1022,0.0435,0.2925,0.1193
14023,-117.825,34.775,0.0406,0.0119,0.0273,0.0131,0.1092,0.0406,0.0957,0.0412,0.0866,0.0339,0.0499,0.0178,0.1014,0.0432,0.2889,0.1177
14024,-117.815,34.775,0.0403,0.0119,0.0272,0.013,0.1082,0.0403,0.095,0.0411,0.0863,0.0338,0.0501,0.0179,0.1005,0.043,0.2861,0.1165
14025,-117.805,34.775,0.04,0.0119,0.0271,0.013,0.1072,0.04,0.0943,0.0409,0.0859,0.0337,0.0505,0.018,0.0997,0.0427,0.2834,0.1155
14026,-117.795,34.775,0.0398,0.0119,0.027,0.013,0.1063,0.0397,0.0936,0.0407,0.0856,0.0335,0.051,0.0181,0.0988,0.0425,0.2808,0.1145
14027,-117.785,34.775,0.0395,0.0119,0.0269,0.013,0.1053,0.0394,0.0929,0.0405,0.0852,0.0334,0.0515,0.0183,0.098,0.0422,0.2783,0.1136
14028,-117.775,34.775,0.0393,0.0119,0.0269,0.013,0.1043,0.0392,0.0923,0.0404,0.0848,0.0333,0.0522,0.0185,0.0971,0.042,0.276,0.1127
14029,-117.765,34.775,0.039,0.0119,0.0268,0.0129,0.1036,0.039,0.0919,0.0403,0.0845,0.0332,0.0531,0.0188,0.0966,0.0419,0.2755,0.1129
14030,-117.755,34.775,0.0388,0.0119,0.0267,0.0129,0.1045,0.0396,0.0928,0.0411,0.0841,0.0331,0.0549,0.0195,0.0975,0.0426,0.2769,0.114
14031,-117.745,34.775,0.0385,0.0119,0.0266,0.0129,0.1054,0.0402,0.0938,0.0418,0.0837,0.033,0.0567,0.0202,0.0984,0.0433,0.2802,0.1162
14032,-117.735,34.775,0.0383,0.0119,0.0265,0.0129,0.1063,0.0409,0.0947,0.0426,0.0833,0.0328,0.0586,0.021,0.0993,0.044,0.2843,0.1188
14033,-117.725,34.775,0.038,0.0119,0.0307,0.0156,0.1221,0.05,0.1093,0.0523,0.0829,0.0327,0.0697,0.0264,0.1143,0.0539,0.3122,0.136
14034,-117.715,34.775,0.0516,0.0176,0.0345,0.0179,0.1369,0.0584,0.1229,0.0613,0.1121,0.048,0.0802,0.0315,0.1282,0.0631,0.3355,0.1512
14035,-117.705,34.775,0.0511,0.0175,0.0312,0.0159,0.1312,0.0553,0.1178,0.0581,0.1109,0.0477,0.0785,0.0304,0.123,0.0597,0.3383,0.1539
14036,-117.695,34.775,0.0393,0.0127,0.0286,0.0143,0.123,0.0509,0.1104,0.0535,0.0858,0.0344,0.0752,0.0284,0.1154,0.055,0.2996,0.1295
14037,-117.685,34.775,0.0373,0.012,0.0266,0.0131,0.1122,0.0452,0.1008,0.0476,0.0817,0.0324,0.0701,0.0257,0.1054,0.0488,0.2832,0.1206
14038,-117.675,34.775,0.0368,0.0118,0.0273,0.0136,0.1275,0.0535,0.1146,0.0565,0.0806,0.032,0.0817,0.0311,0.1195,0.0577,0.2953,0.1278
14039,-117.665,34.775,0.0457,0.0157,0.0303,0.0156,0.1462,0.0638,0.1316,0.0675,0.0994,0.0422,0.0956,0.0376,0.1368,0.0688,0.3347,0.1535
14040,-117.655,34.775,0.0664,0.0252,0.0414,0.0231,0.1559,0.07,0.1407,0.0742,0.1425,0.067,0.1044,0.0421,0.1457,0.0755,0.3969,0.1979
14041,-118.945,34.785,0.027,0.0105,0.0241,0.0126,0.1005,0.029,0.1443,0.0633,0.0475,0.0187,0.0157,0.0086,0.3768,0.1459,0.2156,0.0829
14042,-118.935,34.785,0.0272,0.0105,0.0242,0.0126,0.1014,0.0289,0.1451,0.0638,0.047,0.0184,0.0156,0.0086,0.3698,0.1431,0.2168,0.0824
14043,-118.925,34.785,0.0275,0.0105,0.0247,0.0129,0.1024,0.029,0.1461,0.0645,0.0467,0.0181,0.0157,0.0089,0.3634,0.1407,0.2192,0.0826
14044,-118.915,34.785,0.0282,0.0108,0.0266,0.0141,0.107,0.0304,0.152,0.0682,0.047,0.0182,0.0164,0.0096,0.3674,0.1441,0.2389,0.0911
14045,-118.905,34.785,0.0337,0.0134,0.0346,0.0196,0.1288,0.0382,0.1816,0.0863,0.055,0.0221,0.0199,0.0127,0.4216,0.1763,0.2814,0.1134
14046,-118.895,34.785,0.0449,0.019,0.0401,0.0234,0.151,0.0468,0.2113,0.106,0.0717,0.0306,0.0235,0.0162,0.4683,0.2086,0.3254,0.1384
14047,-118.885,34.785,0.0495,0.0212,0.0432,0.0255,0.1737,0.0562,0.241,0.1274,0.0777,0.0337,0.0272,0.0202,0.5073,0.2412,0.3558,0.1575
14048,-118.875,34.785,0.0494,0.021,0.0435,0.0256,0.178,0.0577,0.2459,0.1314,0.0764,0.0328,0.0277,0.0212,0.5048,0.241,0.3582,0.1569
14049,-118.865,34.785,0.0503,0.0212,0.0434,0.0255,0.1781,0.0575,0.2454,0.1317,0.0765,0.0327,0.0273,0.0214,0.4927,0.2337,0.3579,0.1542
14050,-118.855,34.785,0.0511,0.0214,0.0441,0.0259,0.1769,0.0569,0.2433,0.1313,0.0766,0.0326,0.0266,0.021,0.4761,0.2245,0.3579,0.152
14051,-118.845,34.785,0.0519,0.0217,0.0435,0.0255,0.1805,0.0583,0.2477,0.136,0.0768,0.0325,0.0266,0.0211,0.469,0.2228,0.3585,0.1506
14052,-118.835,34.785,0.0536,0.0224,0.0417,0.024,0.1889,0.0618,0.2584,0.1457,0.0781,0.0331,0.0273,0.0219,0.4714,0.2286,0.3573,0.1483
14053,-118.825,34.785,0.0486,0.0197,0.0375,0.0212,0.1829,0.0587,0.2508,0.1403,0.0702,0.0288,0.0256,0.0202,0.451,0.2129,0.343,0.1377
14054,-118.815,34.785,0.0447,0.0175,0.0336,0.0184,0.1699,0.0528,0.2339,0.1282,0.064,0.0255,0.0228,0.0175,0.4166,0.1879,0.3273,0.1262
14055,-118.805,34.785,0.036,0.0132,0.0327,0.0177,0.1374,0.04,0.1899,0.0983,0.0513,0.0191,0.0177,0.0128,0.337,0.1399,0.3143,0.1164
14056,-118.795,34.785,0.0344,0.0124,0.0331,0.0179,0.1429,0.0421,0.1972,0.1057,0.0487,0.0177,0.0176,0.0127,0.3361,0.1411,0.3081,0.1112
14057,-118.785,34.785,0.0485,0.0189,0.0349,0.019,0.1863,0.0593,0.2557,0.1504,0.0674,0.0268,0.0226,0.0173,0.4142,0.1918,0.3626,0.14
14058,-118.775,34.785,0.0563,0.0225,0.0391,0.0218,0.1963,0.0631,0.2689,0.1621,0.0776,0.0319,0.0234,0.0175,0.4242,0.1987,0.4048,0.1635
14059,-118.765,34.785,0.0535,0.0209,0.0428,0.0244,0.1968,0.063,0.2692,0.164,0.0742,0.03,0.0232,0.0164,0.4158,0.1934,0.4261,0.1746
14060,-118.755,34.785,0.0495,0.0188,0.0416,0.0235,0.1843,0.0573,0.2522,0.1509,0.0695,0.0276,0.0218,0.0138,0.3855,0.1722,0.4236,0.1688
14061,-118.745,34.785,0.0536,0.0207,0.0418,0.0235,0.1888,0.0592,0.2569,0.1568,0.0759,0.0309,0.0228,0.0134,0.3826,0.1718,0.4463,0.182
14062,-118.735,34.785,0.0578,0.0225,0.0433,0.0245,0.2101,0.0686,0.2834,0.1816,0.0823,0.0343,0.0263,0.0151,0.4071,0.1921,0.4662,0.1928
14063,-118.725,34.785,0.0569,0.0218,0.0437,0.0247,0.2029,0.0653,0.272,0.1711,0.0821,0.0341,0.026,0.0147,0.3871,0.1785,0.4789,0.1979
14064,-118.715,34.785,0.0522,0.0194,0.0436,0.0246,0.1923,0.0606,0.2559,0.1559,0.0764,0.0311,0.0254,0.0143,0.3617,0.1607,0.4829,0.1961
14065,-118.705,34.785,0.0512,0.0188,0.0424,0.0237,0.1936,0.0615,0.2542,0.1531,0.076,0.0309,0.0266,0.0153,0.3543,0.157,0.4938,0.1991
14066,-118.695,34.785,0.0526,0.0192,0.044,0.0247,0.2045,0.067,0.2637,0.1595,0.0788,0.0323,0.0294,0.0178,0.3608,0.1631,0.5203,0.2142
14067,-118.685,34.785,0.0603,0.0226,0.0483,0.0277,0.2248,0.0769,0.2844,0.1752,0.0909,0.039,0.0339,0.0215,0.381,0.1791,0.554,0.237
14068,-118.675,34.785,0.068,0.0261,0.0475,0.0272,0.2416,0.0862,0.2992,0.1861,0.103,0.0459,0.0383,0.0257,0.3936,0.1913,0.5874,0.2612
14069,-118.665,34.785,0.0701,0.0269,0.046,0.0261,0.2557,0.0942,0.3103,0.1936,0.1073,0.0484,0.0424,0.0296,0.4023,0.2006,0.6002,0.2642
14070,-118.655,34.785,0.0711,0.0271,0.0464,0.0263,0.26,0.0973,0.3094,0.1899,0.1101,0.0501,0.0447,0.0322,0.4,0.1998,0.6183,0.2719
14071,-118.645,34.785,0.0722,0.0274,0.0483,0.0276,0.2639,0.1002,0.3079,0.186,0.1127,0.0517,0.047,0.0346,0.3973,0.1987,0.6427,0.2865
14072,-118.635,34.785,0.0733,0.0276,0.0517,0.0299,0.2675,0.103,0.3057,0.1819,0.1145,0.0527,0.0492,0.0367,0.3943,0.1972,0.6727,0.3088
14073,-118.625,34.785,0.0743,0.0278,0.0527,0.0306,0.2708,0.1058,0.3033,0.1781,0.1155,0.0532,0.0512,0.0382,0.3912,0.1958,0.7055,0.3392
14074,-118.615,34.785,0.0754,0.0281,0.0533,0.0309,0.2741,0.1087,0.3006,0.1744,0.1161,0.0534,0.0533,0.0396,0.3882,0.1944,0.7312,0.3586
14075,-118.605,34.785,0.0765,0.0283,0.054,0.0314,0.2771,0.1115,0.2977,0.1709,0.1168,0.0536,0.0554,0.0409,0.3851,0.193,0.7567,0.3778
14076,-118.595,34.785,0.0776,0.0285,0.0542,0.0314,0.2798,0.1142,0.2946,0.1676,0.1174,0.0538,0.0576,0.0422,0.3819,0.1915,0.7824,0.3967
14077,-118.585,34.785,0.0786,0.0287,0.0539,0.0311,0.2824,0.117,0.2914,0.1645,0.118,0.0541,0.0598,0.0435,0.3786,0.1899,0.8073,0.4134
14078,-118.575,34.785,0.0773,0.0278,0.0541,0.0312,0.2825,0.1183,0.2861,0.1598,0.1155,0.0524,0.0614,0.0443,0.373,0.1863,0.8323,0.4301
14079,-118.565,34.785,0.0792,0.0283,0.0544,0.0314,0.2828,0.1198,0.2812,0.1556,0.1174,0.0534,0.0632,0.0453,0.3677,0.183,0.8573,0.4491
14080,-118.555,34.785,0.0803,0.0285,0.0548,0.0316,0.2864,0.1236,0.2803,0.1548,0.1183,0.0539,0.0662,0.0474,0.3663,0.1831,0.882,0.4707
14081,-118.545,34.785,0.083,0.0293,0.0553,0.0319,0.2894,0.1271,0.2792,0.1538,0.1213,0.0556,0.0691,0.0494,0.3645,0.1828,0.9058,0.4949
14082,-118.535,34.785,0.0844,0.0296,0.0559,0.0323,0.2918,0.1304,0.2781,0.1527,0.1227,0.0564,0.072,0.0516,0.3622,0.1821,0.9266,0.5148
14083,-118.525,34.785,0.0856,0.0298,0.0561,0.0324,0.2932,0.1331,0.2766,0.1511,0.1238,0.057,0.0748,0.0536,0.3591,0.1806,0.9449,0.5321
14084,-118.515,34.785,0.0868,0.03,0.0563,0.0325,0.2942,0.1356,0.2751,0.1495,0.125,0.0577,0.0775,0.0556,0.3558,0.1791,0.9602,0.5471
14085,-118.505,34.785,0.0881,0.0301,0.0565,0.0326,0.2949,0.138,0.2741,0.1482,0.126,0.0582,0.0799,0.0571,0.3526,0.1775,0.9714,0.5587
14086,-118.495,34.785,0.0894,0.0303,0.0567,0.0327,0.2955,0.1403,0.2731,0.1468,0.1263,0.0582,0.0817,0.0574,0.3495,0.1761,0.973,0.5615
14087,-118.485,34.785,0.0907,0.0305,0.0569,0.0328,0.296,0.1426,0.2721,0.1454,0.126,0.0579,0.0827,0.0566,0.3463,0.1746,0.967,0.557
14088,-118.475,34.785,0.0921,0.0306,0.0572,0.0329,0.2963,0.1446,0.2711,0.144,0.1256,0.0575,0.0836,0.0554,0.3433,0.1732,0.9572,0.5495
14089,-118.465,34.785,0.0935,0.0308,0.0574,0.033,0.2966,0.1465,0.2699,0.1426,0.1253,0.0571,0.0843,0.0543,0.3402,0.1718,0.9449,0.5403
14090,-118.455,34.785,0.0949,0.0309,0.0576,0.0332,0.2966,0.148,0.2684,0.1409,0.1251,0.0568,0.085,0.0534,0.3373,0.1705,0.9306,0.5298
14091,-118.445,34.785,0.0964,0.0311,0.0578,0.0333,0.2967,0.1495,0.2667,0.139,0.125,0.0566,0.0858,0.0527,0.3344,0.1692,0.9164,0.5197
14092,-118.435,34.785,0.0979,0.0312,0.058,0.0334,0.2967,0.1508,0.2646,0.137,0.1252,0.0565,0.0865,0.0522,0.3315,0.1679,0.903,0.5103
14093,-118.425,34.785,0.0995,0.0313,0.0581,0.0334,0.2966,0.1517,0.262,0.1346,0.1255,0.0566,0.0872,0.052,0.3287,0.1666,0.8903,0.5015
14094,-118.415,34.785,0.1011,0.0314,0.0582,0.0334,0.2965,0.1525,0.2591,0.132,0.1261,0.0567,0.088,0.0519,0.3258,0.1653,0.8784,0.4929
14095,-118.405,34.785,0.1027,0.0315,0.058,0.0333,0.2964,0.1529,0.2557,0.1292,0.1268,0.057,0.0887,0.0521,0.3231,0.1641,0.8672,0.485
14096,-118.395,34.785,0.1044,0.0315,0.0581,0.0333,0.2962,0.1531,0.2522,0.1263,0.1276,0.0574,0.0894,0.0525,0.3204,0.1629,0.8564,0.4783
14097,-118.385,34.785,0.1062,0.0316,0.0582,0.0333,0.2959,0.1531,0.2486,0.1233,0.1287,0.0579,0.0901,0.0531,0.3178,0.1618,0.8463,0.4732
14098,-118.375,34.785,0.1079,0.0316,0.0588,0.0337,0.2954,0.1527,0.2452,0.1206,0.1298,0.0586,0.0908,0.0538,0.3151,0.1606,0.8368,0.4698
14099,-118.365,34.785,0.1096,0.0316,0.0598,0.0344,0.2957,0.1528,0.2429,0.1185,0.1309,0.0592,0.0918,0.0549,0.3132,0.1601,0.8282,0.4683
14100,-118.355,34.785,0.1131,0.0322,0.0619,0.0359,0.3,0.156,0.2456,0.1201,0.1341,0.0611,0.0946,0.0576,0.3155,0.1632,0.8211,0.4772
14101,-118.345,34.785,0.1259,0.0364,0.0649,0.0381,0.3085,0.1629,0.253,0.125,0.1477,0.0698,0.0993,0.0622,0.3219,0.1701,0.8136,0.4926
14102,-118.335,34.785,0.1328,0.0382,0.0688,0.041,0.3212,0.1734,0.265,0.1333,0.1547,0.0743,0.106,0.0685,0.3322,0.1806,0.8048,0.5089
14103,-118.325,34.785,0.1342,0.0379,0.0691,0.0412,0.3206,0.1724,0.2654,0.1329,0.1555,0.0748,0.1071,0.0702,0.3304,0.1801,0.7983,0.504
14104,-118.315,34.785,0.1355,0.0375,0.0687,0.0409,0.3171,0.169,0.2632,0.1307,0.1564,0.0754,0.1071,0.0711,0.3261,0.1772,0.7919,0.4986
14105,-118.305,34.785,0.1365,0.037,0.0681,0.0404,0.3129,0.1651,0.2602,0.1282,0.1569,0.0758,0.1067,0.0718,0.3215,0.174,0.7856,0.4929
14106,-118.295,34.785,0.1373,0.0365,0.0676,0.04,0.309,0.1614,0.2573,0.1259,0.1574,0.0762,0.1066,0.0727,0.3174,0.1712,0.7792,0.4874
14107,-118.285,34.785,0.1384,0.0361,0.0673,0.0397,0.3053,0.158,0.2545,0.1237,0.1586,0.0769,0.1067,0.0737,0.3136,0.1688,0.7729,0.4828
14108,-118.275,34.785,0.1386,0.0356,0.0669,0.0394,0.3011,0.1544,0.251,0.1214,0.1598,0.0776,0.1066,0.0746,0.3097,0.1662,0.7665,0.4781
14109,-118.265,34.785,0.1386,0.0351,0.0665,0.0391,0.2971,0.1509,0.2475,0.1192,0.1614,0.0785,0.1066,0.0754,0.306,0.1638,0.7601,0.474
14110,-118.255,34.785,0.1385,0.0348,0.0663,0.039,0.294,0.1482,0.2447,0.1176,0.1633,0.0797,0.1069,0.0763,0.3032,0.1623,0.7538,0.4703
14111,-118.245,34.785,0.1381,0.0345,0.0662,0.0388,0.2907,0.1455,0.2418,0.116,0.1654,0.081,0.1069,0.077,0.3003,0.1606,0.7476,0.4671
14112,-118.235,34.785,0.1368,0.034,0.0659,0.0386,0.2872,0.1426,0.2386,0.1143,0.1667,0.0817,0.1068,0.0773,0.2973,0.1588,0.7411,0.4623
14113,-118.225,34.785,0.1347,0.0333,0.0656,0.0384,0.2831,0.1393,0.2354,0.1125,0.1674,0.082,0.1063,0.077,0.2937,0.1566,0.7346,0.4569
14114,-118.215,34.785,0.1331,0.0329,0.0652,0.0381,0.279,0.1361,0.2324,0.1108,0.1687,0.0827,0.1058,0.0766,0.2902,0.1544,0.7281,0.4516
14115,-118.205,34.785,0.1316,0.0325,0.0651,0.038,0.2759,0.1336,0.2309,0.1099,0.1701,0.0835,0.1056,0.0762,0.2876,0.1529,0.7219,0.4472
14116,-118.195,34.785,0.1298,0.0321,0.065,0.038,0.2728,0.1313,0.2299,0.1093,0.171,0.084,0.1055,0.0758,0.2851,0.1516,0.7156,0.4423
14117,-118.185,34.785,0.1283,0.0319,0.065,0.0379,0.2698,0.1291,0.2292,0.1089,0.1723,0.0847,0.1056,0.0752,0.2827,0.1503,0.7096,0.438
14118,-118.175,34.785,0.1269,0.0318,0.0651,0.038,0.2673,0.1273,0.2292,0.1088,0.1737,0.0855,0.106,0.0747,0.2804,0.1491,0.7038,0.4342
14119,-118.165,34.785,0.1255,0.0316,0.0652,0.0381,0.2651,0.1257,0.2295,0.1089,0.1751,0.0863,0.1067,0.0742,0.2783,0.148,0.6982,0.4306
14120,-118.155,34.785,0.1248,0.0318,0.0653,0.0381,0.2645,0.1253,0.231,0.11,0.1772,0.0876,0.1081,0.0741,0.2773,0.1479,0.6929,0.4275
14121,-118.145,34.785,0.1229,0.0315,0.0652,0.0381,0.2632,0.1243,0.2316,0.1106,0.1778,0.0879,0.1091,0.0736,0.2753,0.147,0.6871,0.4226
14122,-118.135,34.785,0.1211,0.0314,0.065,0.0379,0.2612,0.123,0.2312,0.1106,0.1786,0.0883,0.1096,0.0725,0.2724,0.1453,0.6814,0.418
14123,-118.125,34.785,0.1199,0.0315,0.0648,0.0378,0.2603,0.1224,0.2313,0.1111,0.1803,0.0893,0.1105,0.0715,0.2701,0.144,0.676,0.414
14124,-118.115,34.785,0.1179,0.0313,0.0646,0.0377,0.2596,0.1219,0.2314,0.1116,0.1806,0.0894,0.1114,0.0705,0.2677,0.1427,0.6704,0.4092
14125,-118.105,34.785,0.1157,0.0311,0.0642,0.0374,0.2586,0.1211,0.2309,0.1118,0.1808,0.0895,0.1119,0.0692,0.2648,0.1409,0.6648,0.4042
14126,-118.095,34.785,0.1141,0.0311,0.064,0.0372,0.2581,0.1208,0.2307,0.1123,0.1817,0.09,0.1126,0.0681,0.2624,0.1396,0.6594,0.3999
14127,-118.085,34.785,0.1128,0.0312,0.0638,0.0371,0.2582,0.1209,0.2309,0.1131,0.1829,0.0907,0.1135,0.0671,0.2605,0.1387,0.6544,0.3962
14128,-118.075,34.785,0.1114,0.0312,0.0638,0.0371,0.2581,0.1209,0.2308,0.1138,0.1839,0.0913,0.1143,0.066,0.2585,0.1377,0.6495,0.3927
14129,-118.065,34.785,0.1101,0.0313,0.0637,0.037,0.258,0.121,0.2307,0.1145,0.1851,0.0921,0.115,0.065,0.2566,0.1367,0.645,0.3899
14130,-118.055,34.785,0.1091,0.0315,0.0637,0.0371,0.258,0.1211,0.2307,0.1152,0.1864,0.0929,0.1158,0.064,0.2549,0.136,0.6403,0.3867
14131,-118.045,34.785,0.1074,0.0315,0.0635,0.0369,0.2571,0.1207,0.2299,0.1153,0.1868,0.0931,0.116,0.0628,0.2525,0.1347,0.6353,0.3827
14132,-118.035,34.785,0.1056,0.0313,0.0631,0.0367,0.2553,0.1195,0.2281,0.1149,0.1865,0.0929,0.1157,0.0612,0.2494,0.1327,0.6297,0.3777
14133,-118.025,34.785,0.1041,0.0312,0.063,0.0366,0.2547,0.1193,0.2275,0.1152,0.1868,0.093,0.116,0.0602,0.2476,0.1319,0.6246,0.3738
14134,-118.015,34.785,0.1034,0.0315,0.0629,0.0366,0.2543,0.1193,0.2271,0.1157,0.1881,0.0939,0.1164,0.0593,0.2461,0.1312,0.62,0.371
14135,-118.005,34.785,0.1025,0.0316,0.063,0.0367,0.2537,0.1192,0.2265,0.116,0.1889,0.0945,0.1166,0.0584,0.2446,0.1306,0.6155,0.3683
14136,-117.995,34.785,0.1013,0.0317,0.063,0.0367,0.2531,0.1191,0.2259,0.1164,0.1893,0.0947,0.1168,0.0577,0.2432,0.13,0.6104,0.3647
14137,-117.985,34.785,0.1005,0.0318,0.0628,0.0366,0.2525,0.1189,0.2254,0.1167,0.1898,0.095,0.117,0.0569,0.2418,0.1295,0.6049,0.3606
14138,-117.975,34.785,0.0993,0.0318,0.0625,0.0364,0.2507,0.118,0.2237,0.1162,0.1896,0.0948,0.1164,0.0559,0.2394,0.1281,0.5989,0.3556
14139,-117.965,34.785,0.0978,0.0316,0.0622,0.0362,0.2486,0.1169,0.2217,0.1155,0.1886,0.0942,0.1156,0.0548,0.2369,0.1267,0.5926,0.3502
14140,-117.955,34.785,0.0966,0.0315,0.0619,0.036,0.2468,0.116,0.2201,0.1151,0.1881,0.0938,0.115,0.0539,0.2348,0.1255,0.5861,0.3449
14141,-117.945,34.785,0.0956,0.0315,0.0617,0.0359,0.2446,0.1149,0.2181,0.1143,0.1876,0.0935,0.1141,0.053,0.2323,0.1241,0.5796,0.3394
14142,-117.935,34.785,0.0947,0.0315,0.0615,0.0358,0.242,0.1135,0.2156,0.1132,0.187,0.0931,0.1129,0.0519,0.2295,0.1224,0.5693,0.3288
14143,-117.925,34.785,0.0907,0.0302,0.0562,0.032,0.2237,0.102,0.1988,0.1018,0.181,0.089,0.1037,0.0462,0.2125,0.11,0.5484,0.3056
14144,-117.915,34.785,0.0776,0.025,0.0509,0.0282,0.2057,0.0905,0.1821,0.0906,0.1581,0.0738,0.0946,0.0407,0.1956,0.0978,0.5222,0.2768
14145,-117.905,34.785,0.0769,0.025,0.0506,0.0281,0.2043,0.09,0.1809,0.0903,0.1576,0.0736,0.0941,0.0403,0.194,0.0972,0.5105,0.2666
14146,-117.895,34.785,0.0764,0.025,0.0505,0.0281,0.2028,0.0894,0.1796,0.0899,0.1571,0.0733,0.0937,0.04,0.1924,0.0965,0.5041,0.2622
14147,-117.885,34.785,0.0758,0.025,0.0503,0.028,0.2012,0.0889,0.1783,0.0896,0.1565,0.073,0.0933,0.0397,0.1908,0.0959,0.4933,0.2535
14148,-117.875,34.785,0.0753,0.0251,0.046,0.0252,0.1669,0.0703,0.1476,0.071,0.156,0.0727,0.0772,0.0314,0.1585,0.076,0.4619,0.2298
14149,-117.865,34.785,0.0506,0.0155,0.0408,0.0218,0.1313,0.0512,0.1158,0.0519,0.1069,0.0449,0.0607,0.0229,0.1251,0.0555,0.387,0.1762
14150,-117.855,34.785,0.0453,0.0135,0.0357,0.0185,0.123,0.0475,0.1086,0.0482,0.0962,0.0391,0.0573,0.0214,0.1172,0.0515,0.3487,0.1527
14151,-117.845,34.785,0.0419,0.0124,0.0313,0.0157,0.1161,0.0442,0.1025,0.045,0.0895,0.0356,0.0545,0.02,0.1106,0.048,0.3193,0.1353
14152,-117.835,34.785,0.0402,0.0118,0.0277,0.0134,0.1105,0.0414,0.0976,0.0422,0.0861,0.0339,0.0522,0.0188,0.1052,0.0449,0.298,0.1233
14153,-117.825,34.785,0.0399,0.0118,0.027,0.013,0.1083,0.0405,0.0958,0.0414,0.0855,0.0336,0.0518,0.0185,0.1031,0.0439,0.2846,0.1165
14154,-117.815,34.785,0.0396,0.0118,0.0269,0.0129,0.1069,0.04,0.0947,0.041,0.0851,0.0335,0.0518,0.0185,0.1018,0.0434,0.2814,0.1151
14155,-117.805,34.785,0.0393,0.0118,0.0268,0.0129,0.106,0.0398,0.094,0.0408,0.0848,0.0334,0.0522,0.0186,0.1009,0.0432,0.2786,0.114
14156,-117.795,34.785,0.0391,0.0118,0.0267,0.0129,0.1051,0.0395,0.0933,0.0407,0.0844,0.0332,0.0526,0.0187,0.1001,0.0429,0.2761,0.113
14157,-117.785,34.785,0.0389,0.0118,0.0266,0.0129,0.1042,0.0392,0.0926,0.0405,0.0841,0.0331,0.0531,0.0189,0.0992,0.0426,0.2737,0.112
14158,-117.775,34.785,0.0386,0.0118,0.0265,0.0128,0.1032,0.0389,0.092,0.0403,0.0837,0.033,0.0537,0.0191,0.0983,0.0424,0.2713,0.1112
14159,-117.765,34.785,0.0388,0.012,0.0277,0.0136,0.1033,0.0392,0.0922,0.0407,0.0842,0.0333,0.0549,0.0195,0.0984,0.0427,0.2783,0.1153
14160,-117.755,34.785,0.0424,0.0135,0.0348,0.0184,0.1083,0.0418,0.0968,0.0435,0.092,0.0376,0.059,0.0213,0.1033,0.0456,0.2961,0.1261
14161,-117.745,34.785,0.0456,0.015,0.0385,0.0208,0.1125,0.0441,0.1007,0.046,0.099,0.0415,0.0627,0.0229,0.1073,0.0482,0.3197,0.141
14162,-117.735,34.785,0.047,0.0157,0.0387,0.021,0.1159,0.0461,0.1039,0.0482,0.1019,0.0431,0.0661,0.0243,0.1106,0.0503,0.3306,0.1486
14163,-117.725,34.785,0.0574,0.0202,0.0406,0.0223,0.1454,0.0628,0.1308,0.0659,0.1241,0.0553,0.0854,0.0339,0.1383,0.0685,0.3619,0.1692
14164,-117.715,34.785,0.0679,0.0251,0.0422,0.0233,0.172,0.0778,0.1551,0.0818,0.1456,0.0683,0.1031,0.0426,0.1632,0.0848,0.3791,0.1804
14165,-117.705,34.785,0.0642,0.0235,0.0406,0.0224,0.158,0.07,0.1425,0.0737,0.1384,0.064,0.0966,0.039,0.1502,0.0764,0.3709,0.1751
14166,-117.695,34.785,0.0545,0.0193,0.0388,0.0212,0.1421,0.0613,0.1281,0.0646,0.1183,0.0525,0.0887,0.0347,0.1353,0.0669,0.3278,0.1472
14167,-117.685,34.785,0.0503,0.0176,0.0367,0.0199,0.1241,0.0515,0.1118,0.0544,0.1098,0.0476,0.0792,0.0297,0.1185,0.0563,0.3055,0.1343
14168,-117.675,34.785,0.0406,0.0135,0.033,0.0174,0.1292,0.0546,0.1165,0.0577,0.0891,0.0365,0.0845,0.0321,0.1234,0.0597,0.3005,0.1317
14169,-117.665,34.785,0.0546,0.0197,0.0302,0.0155,0.1384,0.06,0.1249,0.0635,0.1188,0.0531,0.0924,0.0358,0.132,0.0656,0.3149,0.142
14170,-117.655,34.785,0.0589,0.0219,0.0332,0.0177,0.1445,0.064,0.1306,0.0678,0.1275,0.0586,0.0987,0.0388,0.1378,0.0699,0.3489,0.1667
14171,-118.945,34.795,0.0266,0.0104,0.0238,0.0125,0.0987,0.0279,0.1409,0.0617,0.0462,0.0182,0.0154,0.0078,0.3891,0.1506,0.2134,0.0818
14172,-118.935,34.795,0.0268,0.0104,0.0239,0.0125,0.0994,0.0277,0.1415,0.0622,0.0459,0.0179,0.0154,0.0079,0.3813,0.1475,0.2153,0.0818
14173,-118.925,34.795,0.0271,0.0104,0.0241,0.0126,0.1012,0.028,0.1434,0.0634,0.0456,0.0177,0.0157,0.0084,0.3771,0.1463,0.2172,0.0818
14174,-118.915,34.795,0.0304,0.012,0.026,0.0139,0.1083,0.0302,0.1526,0.0692,0.0503,0.02,0.0169,0.0096,0.3881,0.1546,0.2481,0.0961
14175,-118.905,34.795,0.0434,0.0185,0.0357,0.0205,0.1404,0.0421,0.1956,0.0967,0.0703,0.0302,0.0224,0.0144,0.4693,0.2082,0.2967,0.123
14176,-118.895,34.795,0.0476,0.0205,0.0408,0.024,0.1619,0.0502,0.2238,0.1155,0.0757,0.033,0.0261,0.0181,0.5156,0.241,0.3354,0.1454
14177,-118.885,34.795,0.0495,0.0213,0.0412,0.0243,0.1729,0.0546,0.2372,0.1256,0.0775,0.0338,0.028,0.0208,0.5268,0.253,0.3481,0.1529
14178,-118.875,34.795,0.0482,0.0205,0.0403,0.0236,0.1716,0.0538,0.2346,0.1241,0.0746,0.032,0.0276,0.0212,0.5126,0.243,0.3433,0.148
14179,-118.865,34.795,0.0478,0.0201,0.0395,0.023,0.1646,0.0509,0.2246,0.1176,0.073,0.031,0.0261,0.0205,0.4844,0.2237,0.3341,0.1396
14180,-118.855,34.795,0.0442,0.0182,0.0402,0.0234,0.1423,0.0424,0.1944,0.0987,0.0667,0.0277,0.0219,0.0167,0.4134,0.1809,0.3246,0.1313
14181,-118.845,34.795,0.0436,0.0177,0.0391,0.0225,0.1328,0.0388,0.1815,0.0912,0.0649,0.0267,0.0199,0.0148,0.3758,0.1594,0.3156,0.1241
14182,-118.835,34.795,0.0404,0.0159,0.0362,0.0204,0.1361,0.0401,0.1858,0.0951,0.0598,0.0238,0.0199,0.0148,0.3716,0.1593,0.3042,0.1158
14183,-118.825,34.795,0.0316,0.0116,0.0307,0.0166,0.1351,0.0393,0.1847,0.0946,0.0465,0.0171,0.0192,0.0141,0.3613,0.1527,0.2803,0.1022
14184,-118.815,34.795,0.031,0.0112,0.0256,0.0131,0.1318,0.0377,0.1807,0.0919,0.0451,0.0164,0.0182,0.013,0.3468,0.1433,0.2678,0.0948
14185,-118.805,34.795,0.0314,0.0112,0.0258,0.0132,0.1222,0.0338,0.1678,0.0835,0.0453,0.0164,0.0163,0.0113,0.3173,0.1262,0.2682,0.0941
14186,-118.795,34.795,0.0319,0.0114,0.0271,0.014,0.1281,0.0359,0.1759,0.09,0.0457,0.0165,0.0166,0.0115,0.3212,0.1292,0.2757,0.0965
14187,-118.785,34.795,0.0362,0.0132,0.0294,0.0154,0.1496,0.044,0.2049,0.1115,0.0514,0.0191,0.0189,0.0135,0.3585,0.1523,0.3239,0.1189
14188,-118.775,34.795,0.051,0.0201,0.0343,0.0187,0.1644,0.0495,0.2247,0.1268,0.0716,0.0291,0.0206,0.0144,0.381,0.1665,0.371,0.1429
14189,-118.765,34.795,0.0472,0.018,0.0388,0.0217,0.1751,0.0534,0.2388,0.1381,0.0667,0.0265,0.0219,0.0149,0.3949,0.1753,0.4026,0.1592
14190,-118.755,34.795,0.0471,0.0178,0.0394,0.022,0.1726,0.052,0.2349,0.1356,0.067,0.0266,0.0217,0.0139,0.3817,0.1671,0.4058,0.1588
14191,-118.745,34.795,0.0487,0.0185,0.0397,0.0222,0.1768,0.0536,0.2395,0.1404,0.0698,0.028,0.0227,0.0138,0.3796,0.1671,0.4244,0.1678
14192,-118.735,34.795,0.0498,0.0188,0.0397,0.0221,0.1876,0.0581,0.2525,0.1524,0.072,0.0291,0.0247,0.0146,0.3887,0.1752,0.4486,0.1814
14193,-118.725,34.795,0.0548,0.021,0.0432,0.0246,0.1988,0.063,0.2647,0.1629,0.0797,0.0331,0.0272,0.0163,0.3975,0.1841,0.4753,0.1977
14194,-118.715,34.795,0.0601,0.0234,0.0463,0.0267,0.2087,0.0674,0.2747,0.1711,0.0878,0.0376,0.0297,0.0181,0.4038,0.191,0.5005,0.2137
14195,-118.705,34.795,0.0579,0.0221,0.0437,0.0248,0.2116,0.0694,0.2745,0.17,0.0857,0.0364,0.0311,0.0193,0.398,0.1882,0.5093,0.2151
14196,-118.695,34.795,0.0594,0.0226,0.0445,0.0253,0.2188,0.0734,0.279,0.1726,0.0887,0.0381,0.0334,0.0213,0.3981,0.1899,0.5313,0.2283
14197,-118.685,34.795,0.0645,0.0249,0.0489,0.0284,0.2302,0.0796,0.2883,0.179,0.097,0.0428,0.0364,0.024,0.4044,0.1962,0.5595,0.2485
14198,-118.675,34.795,0.0676,0.0262,0.0507,0.0296,0.2404,0.0856,0.295,0.1832,0.1024,0.0459,0.0396,0.0271,0.4085,0.2014,0.5887,0.2711
14199,-118.665,34.795,0.0693,0.0267,0.0517,0.0303,0.2493,0.0911,0.3,0.1858,0.1059,0.048,0.0426,0.03,0.4111,0.2052,0.6092,0.2843
14200,-118.655,34.795,0.0702,0.0269,0.052,0.0305,0.2531,0.0939,0.2986,0.1825,0.1081,0.0493,0.0447,0.0323,0.408,0.2039,0.6286,0.2956
14201,-118.645,34.795,0.0712,0.0271,0.0523,0.0306,0.2567,0.0968,0.2967,0.1791,0.1102,0.0505,0.0469,0.0344,0.4049,0.2024,0.6483,0.3072
14202,-118.635,34.795,0.0721,0.0273,0.0526,0.0307,0.2602,0.0995,0.2945,0.1755,0.1118,0.0514,0.049,0.0364,0.4016,0.2009,0.6688,0.32
14203,-118.625,34.795,0.0731,0.0275,0.0528,0.0309,0.2634,0.1023,0.2918,0.1722,0.113,0.052,0.051,0.038,0.3983,0.1993,0.6902,0.3344
14204,-118.615,34.795,0.0741,0.0277,0.0531,0.031,0.2666,0.105,0.289,0.1689,0.1139,0.0524,0.0531,0.0395,0.3951,0.1978,0.7124,0.35
14205,-118.605,34.795,0.0751,0.0279,0.0534,0.0311,0.2694,0.1077,0.2858,0.1657,0.1147,0.0527,0.0552,0.0409,0.3918,0.1962,0.7352,0.3665
14206,-118.595,34.795,0.0762,0.0281,0.0536,0.0313,0.2721,0.1104,0.2825,0.1627,0.1154,0.053,0.0573,0.0422,0.3884,0.1946,0.7581,0.3834
14207,-118.585,34.795,0.0772,0.0283,0.0539,0.0314,0.2746,0.1131,0.2791,0.1598,0.1162,0.0533,0.0595,0.0436,0.385,0.193,0.7809,0.4005
14208,-118.575,34.795,0.0783,0.0285,0.0541,0.0315,0.2762,0.1152,0.2751,0.1565,0.1169,0.0537,0.0615,0.0448,0.3808,0.1907,0.8031,0.417
14209,-118.565,34.795,0.0793,0.0286,0.0543,0.0315,0.2777,0.1174,0.2713,0.1535,0.1177,0.054,0.0636,0.0461,0.3766,0.1884,0.8249,0.4341
14210,-118.555,34.795,0.0805,0.0289,0.0545,0.0317,0.2801,0.1203,0.2691,0.1517,0.1187,0.0545,0.0661,0.0477,0.3739,0.1873,0.846,0.4516
14211,-118.545,34.795,0.0816,0.029,0.0548,0.0318,0.2822,0.1231,0.2673,0.1501,0.1196,0.055,0.0687,0.0495,0.3709,0.1861,0.8661,0.4691
14212,-118.535,34.795,0.0827,0.0292,0.055,0.0319,0.284,0.1258,0.2657,0.1484,0.1206,0.0555,0.0712,0.0512,0.3678,0.1847,0.8838,0.4847
14213,-118.525,34.795,0.0839,0.0294,0.0552,0.032,0.2853,0.1282,0.2646,0.1468,0.1216,0.056,0.0737,0.0529,0.3644,0.1831,0.899,0.4985
14214,-118.515,34.795,0.0851,0.0295,0.0554,0.0321,0.2864,0.1306,0.2636,0.1453,0.1225,0.0565,0.0761,0.0544,0.361,0.1814,0.9111,0.51
14215,-118.505,34.795,0.0863,0.0297,0.0556,0.0322,0.2872,0.1328,0.2632,0.144,0.1231,0.0568,0.0783,0.0555,0.3576,0.1799,0.9195,0.5184
14216,-118.495,34.795,0.0875,0.0299,0.0558,0.0323,0.2879,0.1349,0.2628,0.1426,0.1235,0.0569,0.08,0.0559,0.3543,0.1783,0.9219,0.5217
14217,-118.485,34.795,0.0888,0.03,0.056,0.0324,0.2884,0.1369,0.2625,0.1413,0.1236,0.0568,0.0813,0.0556,0.351,0.1767,0.9188,0.5202
14218,-118.475,34.795,0.0901,0.0302,0.0562,0.0325,0.2889,0.1387,0.2621,0.1399,0.1234,0.0566,0.0824,0.055,0.3478,0.1752,0.9123,0.5158
14219,-118.465,34.795,0.0915,0.0303,0.0564,0.0326,0.2892,0.1404,0.2615,0.1384,0.1233,0.0563,0.0833,0.0542,0.3446,0.1738,0.903,0.5094
14220,-118.455,34.795,0.0928,0.0304,0.0566,0.0327,0.2894,0.1419,0.2606,0.1368,0.1232,0.0561,0.0842,0.0536,0.3415,0.1723,0.8913,0.5012
14221,-118.445,34.795,0.0942,0.0306,0.0568,0.0328,0.2895,0.1432,0.2594,0.135,0.1232,0.056,0.085,0.0531,0.3384,0.1709,0.8788,0.4926
14222,-118.435,34.795,0.0957,0.0307,0.057,0.0329,0.2895,0.1443,0.2579,0.133,0.1235,0.056,0.0858,0.0527,0.3354,0.1695,0.8666,0.4844
14223,-118.425,34.795,0.0972,0.0308,0.0572,0.033,0.2894,0.1452,0.2559,0.1308,0.1239,0.056,0.0866,0.0526,0.3324,0.1681,0.855,0.4769
14224,-118.415,34.795,0.0987,0.0309,0.0574,0.0331,0.2893,0.1459,0.2537,0.1284,0.1244,0.0562,0.0874,0.0525,0.3293,0.1667,0.8442,0.4701
14225,-118.405,34.795,0.1003,0.0309,0.0575,0.0332,0.289,0.1462,0.2511,0.1259,0.125,0.0565,0.0881,0.0527,0.3264,0.1654,0.834,0.4641
14226,-118.395,34.795,0.1019,0.031,0.0578,0.0334,0.2887,0.1464,0.2483,0.1233,0.1258,0.0568,0.0888,0.0531,0.3235,0.164,0.8245,0.4591
14227,-118.385,34.795,0.1036,0.031,0.0582,0.0336,0.2882,0.1463,0.2454,0.1206,0.1267,0.0573,0.0895,0.0535,0.3205,0.1626,0.8155,0.4553
14228,-118.375,34.795,0.1052,0.0311,0.059,0.0342,0.2882,0.1464,0.2433,0.1186,0.1276,0.0578,0.0905,0.0544,0.3183,0.1618,0.807,0.4527
14229,-118.365,34.795,0.1083,0.0316,0.0602,0.0351,0.2907,0.1484,0.2438,0.1184,0.1302,0.0593,0.0926,0.0562,0.3185,0.1632,0.8002,0.4558
14230,-118.355,34.795,0.1175,0.0345,0.0634,0.0374,0.305,0.16,0.2561,0.1267,0.1397,0.0653,0.0999,0.0626,0.3303,0.1752,0.7946,0.4697
14231,-118.345,34.795,0.1271,0.0375,0.066,0.0393,0.3134,0.1668,0.2635,0.1314,0.1495,0.0716,0.1047,0.0671,0.3365,0.182,0.7886,0.4836
14232,-118.335,34.795,0.1306,0.038,0.0679,0.0407,0.3158,0.1687,0.266,0.1323,0.1524,0.0734,0.107,0.0697,0.3371,0.1836,0.7816,0.4906
14233,-118.325,34.795,0.1322,0.0377,0.0681,0.0408,0.3138,0.1668,0.265,0.1307,0.1532,0.074,0.1076,0.071,0.3339,0.1818,0.7756,0.4862
14234,-118.315,34.795,0.1343,0.0375,0.0678,0.0405,0.3107,0.1639,0.2629,0.1284,0.1545,0.0748,0.1077,0.0719,0.3298,0.1791,0.7698,0.4815
14235,-118.305,34.795,0.1353,0.037,0.067,0.0399,0.3062,0.1599,0.2597,0.1254,0.1545,0.0748,0.1073,0.0724,0.3248,0.1756,0.7641,0.4763
14236,-118.295,34.795,0.1361,0.0364,0.0665,0.0395,0.3023,0.1565,0.2568,0.1228,0.1546,0.0749,0.1071,0.0732,0.3205,0.1726,0.7583,0.4709
14237,-118.285,34.795,0.1377,0.0362,0.0663,0.0393,0.2989,0.1535,0.2544,0.1206,0.156,0.0758,0.1073,0.0742,0.3169,0.1703,0.7527,0.4673
14238,-118.275,34.795,0.1387,0.0359,0.066,0.0391,0.2954,0.1505,0.2518,0.1185,0.1576,0.0768,0.1075,0.0753,0.3135,0.1682,0.747,0.4638
14239,-118.265,34.795,0.139,0.0355,0.0657,0.0389,0.292,0.1477,0.2493,0.1165,0.1592,0.0777,0.1077,0.0763,0.3102,0.1662,0.7414,0.4605
14240,-118.255,34.795,0.1386,0.0352,0.0656,0.0388,0.289,0.1452,0.2469,0.1147,0.161,0.0787,0.108,0.0772,0.3073,0.1645,0.7357,0.4574
14241,-118.245,34.795,0.1376,0.0348,0.0654,0.0386,0.2857,0.1425,0.2444,0.113,0.1628,0.0798,0.1082,0.0778,0.3043,0.1627,0.7302,0.4544
14242,-118.235,34.795,0.1357,0.0342,0.0651,0.0384,0.2822,0.1398,0.2416,0.1112,0.164,0.0805,0.1081,0.0782,0.3011,0.1608,0.7243,0.4501
14243,-118.225,34.795,0.1334,0.0337,0.0649,0.0382,0.2787,0.137,0.2391,0.1097,0.165,0.0811,0.1079,0.0781,0.2978,0.1588,0.7183,0.4456
14244,-118.215,34.795,0.1315,0.0333,0.0647,0.038,0.2752,0.1342,0.2367,0.1082,0.1666,0.0819,0.1077,0.0779,0.2946,0.1569,0.7123,0.4412
14245,-118.205,34.795,0.1296,0.0329,0.0645,0.0379,0.2722,0.132,0.2351,0.1074,0.1679,0.0827,0.1077,0.0776,0.2918,0.1553,0.7065,0.4371
14246,-118.195,34.795,0.1274,0.0325,0.0643,0.0378,0.2693,0.1298,0.2338,0.1068,0.1689,0.0832,0.1077,0.0771,0.2892,0.1538,0.7005,0.4323
14247,-118.185,34.795,0.1256,0.0322,0.0642,0.0377,0.2665,0.1277,0.2327,0.1065,0.1701,0.0839,0.1078,0.0766,0.2866,0.1524,0.6947,0.4281
14248,-118.175,34.795,0.124,0.032,0.0642,0.0377,0.2643,0.1261,0.2323,0.1066,0.1715,0.0847,0.1083,0.076,0.2843,0.1512,0.6891,0.4241
14249,-118.165,34.795,0.1225,0.0319,0.0642,0.0377,0.2623,0.1247,0.2321,0.1068,0.1729,0.0855,0.1089,0.0754,0.2821,0.1501,0.6836,0.4203
14250,-118.155,34.795,0.121,0.0318,0.0642,0.0377,0.261,0.1238,0.2324,0.1076,0.1742,0.0863,0.1098,0.0749,0.2803,0.1493,0.6783,0.4166
14251,-118.145,34.795,0.119,0.0315,0.0641,0.0376,0.2594,0.1227,0.2322,0.1081,0.175,0.0867,0.1105,0.0741,0.2779,0.1481,0.6726,0.4119
14252,-118.135,34.795,0.1171,0.0313,0.0638,0.0374,0.2575,0.1214,0.2314,0.1082,0.1757,0.087,0.1109,0.0729,0.2751,0.1464,0.6673,0.4076
14253,-118.125,34.795,0.1159,0.0314,0.0639,0.0374,0.2572,0.1212,0.2318,0.1093,0.1772,0.088,0.112,0.0721,0.2733,0.1456,0.6624,0.4043
14254,-118.115,34.795,0.1149,0.0315,0.064,0.0375,0.2571,0.1212,0.2324,0.1105,0.1789,0.089,0.1131,0.0714,0.2717,0.145,0.6579,0.4017
14255,-118.105,34.795,0.1133,0.0314,0.0638,0.0374,0.2568,0.121,0.2323,0.1113,0.1798,0.0895,0.1139,0.0704,0.2696,0.144,0.6531,0.3981
14256,-118.095,34.795,0.1117,0.0313,0.0637,0.0373,0.2564,0.1208,0.2321,0.112,0.1806,0.09,0.1146,0.0693,0.2673,0.1428,0.6483,0.3944
14257,-118.085,34.795,0.1102,0.0313,0.0635,0.0372,0.2559,0.1205,0.2316,0.1126,0.1815,0.0905,0.1152,0.0681,0.265,0.1415,0.6436,0.3907
14258,-118.075,34.795,0.1086,0.0312,0.0634,0.0371,0.2553,0.1202,0.231,0.113,0.1821,0.0909,0.1156,0.0668,0.2626,0.1401,0.639,0.3871
14259,-118.065,34.795,0.1075,0.0313,0.0633,0.037,0.2548,0.1199,0.2305,0.1135,0.1834,0.0917,0.1161,0.0656,0.2603,0.1389,0.6348,0.3844
14260,-118.055,34.795,0.1065,0.0315,0.0633,0.0371,0.2547,0.12,0.2303,0.1143,0.1848,0.0927,0.1167,0.0646,0.2586,0.138,0.6307,0.3818
14261,-118.045,34.795,0.1053,0.0315,0.0631,0.0369,0.2539,0.1196,0.2294,0.1145,0.1858,0.0933,0.1169,0.0634,0.2562,0.1367,0.6262,0.3784
14262,-118.035,34.795,0.1036,0.0313,0.0626,0.0366,0.2523,0.1187,0.2278,0.1142,0.1857,0.0931,0.1167,0.0619,0.2533,0.135,0.6208,0.3734
14263,-118.025,34.795,0.1017,0.0311,0.0623,0.0364,0.2512,0.1181,0.2267,0.1143,0.1852,0.0928,0.1168,0.0608,0.251,0.1337,0.6156,0.3689
14264,-118.015,34.795,0.1012,0.0314,0.0622,0.0363,0.2505,0.1179,0.2258,0.1146,0.1869,0.0939,0.117,0.0598,0.2491,0.1327,0.6117,0.3668
14265,-118.005,34.795,0.101,0.0318,0.0625,0.0366,0.2509,0.1184,0.2262,0.1156,0.1887,0.0952,0.1177,0.0593,0.2484,0.1328,0.6077,0.3648
14266,-117.995,34.795,0.0996,0.0317,0.0624,0.0365,0.2502,0.1182,0.2255,0.1159,0.1885,0.095,0.1179,0.0586,0.2469,0.1321,0.6027,0.3611
14267,-117.985,34.795,0.0982,0.0315,0.062,0.0363,0.2486,0.1174,0.2239,0.1156,0.1881,0.0947,0.1175,0.0575,0.2444,0.1307,0.5969,0.3563
14268,-117.975,34.795,0.0974,0.0316,0.0618,0.0361,0.2474,0.1169,0.2228,0.1156,0.1884,0.0949,0.1174,0.0567,0.2425,0.1298,0.5912,0.3517
14269,-117.965,34.795,0.0961,0.0315,0.0616,0.036,0.2461,0.1163,0.2215,0.1154,0.1878,0.0945,0.1171,0.0559,0.2406,0.1289,0.585,0.3466
14270,-117.955,34.795,0.0947,0.0313,0.0612,0.0358,0.2437,0.115,0.2192,0.1145,0.1865,0.0936,0.1162,0.0548,0.2377,0.1271,0.5783,0.3406
14271,-117.945,34.795,0.0936,0.0313,0.0604,0.0352,0.2385,0.1119,0.2143,0.1117,0.1859,0.0932,0.1138,0.0529,0.2324,0.1234,0.5703,0.3332
14272,-117.935,34.795,0.0907,0.0304,0.0591,0.0343,0.2308,0.107,0.207,0.107,0.1816,0.0903,0.11,0.0502,0.2247,0.1179,0.5535,0.3143
14273,-117.925,34.795,0.079,0.0257,0.0545,0.0311,0.2164,0.098,0.1936,0.0982,0.1613,0.0766,0.1028,0.0457,0.2109,0.108,0.5316,0.2906
14274,-117.915,34.795,0.0761,0.0248,0.0501,0.0279,0.2031,0.0898,0.1813,0.0902,0.1565,0.0735,0.0962,0.0416,0.1981,0.099,0.5102,0.2687
14275,-117.905,34.795,0.0755,0.0248,0.05,0.0279,0.2017,0.0892,0.1801,0.0899,0.156,0.0732,0.0958,0.0412,0.1965,0.0983,0.5022,0.2627
14276,-117.895,34.795,0.0749,0.0248,0.0499,0.0278,0.2003,0.0887,0.1789,0.0896,0.1554,0.0729,0.0955,0.0409,0.1948,0.0976,0.4963,0.2589
14277,-117.885,34.795,0.0744,0.0248,0.0497,0.0278,0.1988,0.0882,0.1776,0.0893,0.1548,0.0726,0.0953,0.0407,0.1932,0.097,0.4897,0.2543
14278,-117.875,34.795,0.0739,0.0249,0.0496,0.0277,0.1864,0.0816,0.1666,0.0829,0.1542,0.0723,0.0898,0.0378,0.1813,0.0899,0.4776,0.2445
14279,-117.865,34.795,0.0721,0.0243,0.0484,0.0269,0.1735,0.0749,0.1551,0.0763,0.1511,0.0704,0.0843,0.0349,0.1691,0.0827,0.4527,0.2232
14280,-117.855,34.795,0.065,0.0216,0.0423,0.0229,0.1698,0.0733,0.1519,0.0749,0.1373,0.0622,0.0832,0.0343,0.1653,0.0809,0.4152,0.1967
14281,-117.845,34.795,0.0572,0.0187,0.0364,0.0191,0.1516,0.0637,0.1356,0.0652,0.1215,0.0536,0.0746,0.0299,0.1477,0.0703,0.3689,0.1669
14282,-117.835,34.795,0.0434,0.0133,0.0308,0.0155,0.1191,0.0461,0.1061,0.0473,0.0931,0.038,0.0586,0.0217,0.1161,0.0509,0.3226,0.1389
14283,-117.825,34.795,0.0391,0.0117,0.0282,0.0139,0.1097,0.0415,0.0978,0.0426,0.0844,0.0334,0.0546,0.0197,0.107,0.0458,0.2855,0.118
14284,-117.815,34.795,0.0389,0.0117,0.0266,0.0128,0.1057,0.0398,0.0944,0.041,0.0841,0.0332,0.0533,0.019,0.1031,0.0439,0.2795,0.115
14285,-117.805,34.795,0.0387,0.0117,0.0265,0.0128,0.1048,0.0395,0.0937,0.0408,0.0837,0.0331,0.0537,0.0191,0.1022,0.0436,0.2755,0.1133
14286,-117.795,34.795,0.0384,0.0117,0.0264,0.0128,0.1039,0.0392,0.093,0.0406,0.0834,0.033,0.0541,0.0193,0.1013,0.0433,0.2727,0.1121
14287,-117.785,34.795,0.0382,0.0117,0.0263,0.0128,0.103,0.039,0.0923,0.0404,0.083,0.0328,0.0546,0.0194,0.1004,0.0431,0.2706,0.1113
14288,-117.775,34.795,0.038,0.0117,0.0262,0.0127,0.1021,0.0387,0.0916,0.0403,0.0826,0.0327,0.0551,0.0196,0.0995,0.0428,0.2682,0.1104
14289,-117.765,34.795,0.0389,0.0122,0.0278,0.0138,0.1045,0.0401,0.0939,0.0419,0.0849,0.0339,0.0577,0.0207,0.1019,0.0444,0.2825,0.1184
14290,-117.755,34.795,0.0506,0.0171,0.0374,0.0201,0.1231,0.0498,0.1108,0.0521,0.1098,0.0475,0.0697,0.0262,0.12,0.0552,0.318,0.14
14291,-117.745,34.795,0.0619,0.0221,0.0423,0.0234,0.1362,0.057,0.1228,0.0597,0.1335,0.0609,0.0788,0.0305,0.1327,0.0632,0.3643,0.1693
14292,-117.735,34.795,0.064,0.0232,0.0426,0.0237,0.1437,0.0615,0.1297,0.0646,0.1379,0.0637,0.085,0.0334,0.14,0.0682,0.379,0.1805
14293,-117.725,34.795,0.0637,0.0232,0.0429,0.024,0.1544,0.0678,0.1396,0.0714,0.1374,0.0636,0.0933,0.0375,0.15,0.0751,0.3896,0.1903
14294,-117.715,34.795,0.0628,0.023,0.0433,0.0243,0.1587,0.0706,0.1436,0.0744,0.1356,0.0628,0.0976,0.0395,0.1539,0.078,0.3789,0.1834
14295,-117.705,34.795,0.0548,0.0197,0.0439,0.0247,0.1287,0.0546,0.1163,0.0576,0.1188,0.0536,0.0804,0.0309,0.1249,0.0603,0.355,0.166
14296,-117.695,34.795,0.0534,0.0192,0.043,0.0241,0.1104,0.0448,0.0997,0.0473,0.116,0.0522,0.0705,0.0258,0.1073,0.0496,0.3379,0.1549
14297,-117.685,34.795,0.0513,0.0183,0.0407,0.0226,0.1039,0.0414,0.0937,0.0438,0.1118,0.0497,0.0678,0.0243,0.1011,0.0459,0.3149,0.1411
14298,-117.675,34.795,0.0411,0.0139,0.0349,0.0187,0.105,0.0423,0.0948,0.0448,0.0906,0.0376,0.0701,0.0252,0.1022,0.0468,0.2934,0.1288
14299,-117.665,34.795,0.0398,0.0134,0.029,0.0149,0.1075,0.044,0.0971,0.0466,0.0878,0.0362,0.0732,0.0265,0.1045,0.0486,0.2783,0.1204
14300,-117.655,34.795,0.0381,0.0128,0.0271,0.0137,0.109,0.0452,0.0985,0.0479,0.0842,0.0344,0.0758,0.0276,0.1059,0.0499,0.2739,0.1184
14301,-118.945,34.805,0.0266,0.0105,0.0235,0.0124,0.1065,0.0302,0.1508,0.0684,0.0456,0.0179,0.0167,0.008,0.4343,0.1766,0.2168,0.0833
14302,-118.935,34.805,0.0267,0.0104,0.0237,0.0124,0.1179,0.0341,0.1659,0.0786,0.0452,0.0176,0.0187,0.0093,0.4551,0.1968,0.2214,0.0847
14303,-118.925,34.805,0.0266,0.0103,0.0242,0.0128,0.1184,0.0337,0.1661,0.0785,0.0445,0.0172,0.0189,0.01,0.4486,0.1919,0.22,0.0832
14304,-118.915,34.805,0.0308,0.0123,0.0263,0.0142,0.1215,0.0342,0.1697,0.0805,0.0507,0.0202,0.0196,0.0111,0.4494,0.191,0.2582,0.1018
14305,-118.905,34.805,0.0432,0.0185,0.0355,0.0205,0.148,0.0439,0.2047,0.1033,0.0696,0.03,0.0243,0.0155,0.5129,0.2348,0.3031,0.1273
14306,-118.895,34.805,0.0461,0.0199,0.0385,0.0225,0.1608,0.0486,0.2207,0.1141,0.0732,0.0318,0.0266,0.0182,0.5355,0.2517,0.3272,0.1404
14307,-118.885,34.805,0.0431,0.0181,0.0353,0.0202,0.1599,0.0482,0.2178,0.1129,0.0676,0.0287,0.0266,0.0193,0.5174,0.2417,0.315,0.1306
14308,-118.875,34.805,0.036,0.0145,0.0314,0.0175,0.1522,0.0453,0.2064,0.1058,0.0561,0.0226,0.0251,0.0188,0.4842,0.2206,0.2813,0.1099
14309,-118.865,34.805,0.0344,0.0135,0.028,0.0152,0.1407,0.0409,0.1903,0.0956,0.053,0.0209,0.0229,0.0175,0.4421,0.194,0.2625,0.0988
14310,-118.855,34.805,0.0303,0.0114,0.0283,0.0153,0.118,0.0323,0.1597,0.0761,0.0463,0.0174,0.0188,0.0137,0.3714,0.1515,0.2516,0.0924
14311,-118.845,34.805,0.0294,0.0108,0.0282,0.0151,0.1072,0.0282,0.1452,0.067,0.0444,0.0164,0.0166,0.0116,0.3326,0.1289,0.2465,0.0889
14312,-118.835,34.805,0.0297,0.0109,0.0276,0.0147,0.1081,0.0284,0.1466,0.0683,0.0444,0.0164,0.0164,0.0113,0.3256,0.1261,0.2487,0.0888
14313,-118.825,34.805,0.0301,0.0109,0.0264,0.0138,0.1097,0.0289,0.149,0.0702,0.0446,0.0164,0.0162,0.0111,0.3205,0.1241,0.251,0.0888
14314,-118.815,34.805,0.0305,0.011,0.0252,0.013,0.1113,0.0294,0.1515,0.0723,0.0448,0.0164,0.016,0.0108,0.3157,0.1224,0.2549,0.0896
14315,-118.805,34.805,0.0309,0.0111,0.0254,0.0131,0.113,0.03,0.1541,0.0744,0.0451,0.0165,0.0159,0.0106,0.3113,0.1208,0.2609,0.0914
14316,-118.795,34.805,0.0314,0.0112,0.0261,0.0134,0.1181,0.0317,0.1612,0.0795,0.0454,0.0166,0.0162,0.0108,0.3151,0.1234,0.2688,0.0941
14317,-118.785,34.805,0.0335,0.0121,0.0271,0.0141,0.1266,0.0346,0.1728,0.0875,0.0483,0.0179,0.017,0.0113,0.3271,0.1303,0.2999,0.1076
14318,-118.775,34.805,0.0429,0.0163,0.0318,0.0172,0.144,0.0409,0.1959,0.1044,0.0615,0.0242,0.0192,0.0128,0.3574,0.1487,0.3432,0.1288
14319,-118.765,34.805,0.0447,0.017,0.0364,0.0202,0.161,0.0471,0.2184,0.121,0.0642,0.0255,0.0215,0.0142,0.3861,0.1665,0.3816,0.1481
14320,-118.755,34.805,0.0454,0.0172,0.0368,0.0204,0.1671,0.0494,0.2259,0.1274,0.0654,0.026,0.0226,0.0145,0.389,0.1698,0.396,0.1546
14321,-118.745,34.805,0.0461,0.0173,0.0375,0.0208,0.1712,0.0509,0.2304,0.1315,0.0667,0.0267,0.0234,0.0147,0.3877,0.1702,0.4096,0.1606
14322,-118.735,34.805,0.0484,0.0183,0.0386,0.0216,0.1732,0.0516,0.2321,0.1334,0.0706,0.0286,0.0241,0.0147,0.382,0.1675,0.4404,0.1788
14323,-118.725,34.805,0.0591,0.0233,0.043,0.0246,0.1951,0.0612,0.2578,0.1557,0.086,0.037,0.0284,0.0178,0.4077,0.19,0.4768,0.2028
14324,-118.715,34.805,0.061,0.0241,0.0471,0.0275,0.2171,0.071,0.2832,0.1775,0.0895,0.0389,0.0329,0.0211,0.4333,0.2123,0.5089,0.2261
14325,-118.705,34.805,0.0615,0.0241,0.0464,0.0269,0.2201,0.0731,0.2829,0.1764,0.0909,0.0397,0.0342,0.0223,0.4272,0.2089,0.5231,0.2332
14326,-118.695,34.805,0.0634,0.0248,0.0472,0.0274,0.2249,0.0763,0.2842,0.1767,0.0944,0.0417,0.036,0.0239,0.4234,0.2077,0.5418,0.2449
14327,-118.685,34.805,0.0654,0.0256,0.0495,0.029,0.2313,0.0803,0.2871,0.1781,0.0982,0.0438,0.0382,0.0259,0.4221,0.2086,0.5617,0.2581
14328,-118.675,34.805,0.0674,0.0263,0.0504,0.0297,0.2368,0.084,0.2883,0.1779,0.1019,0.0459,0.0404,0.0281,0.4203,0.2087,0.5812,0.2709
14329,-118.665,34.805,0.0682,0.0265,0.051,0.03,0.2417,0.0874,0.2886,0.1768,0.1039,0.0471,0.0425,0.0303,0.4181,0.2082,0.5986,0.2807
14330,-118.655,34.805,0.0691,0.0266,0.0513,0.0301,0.2446,0.0898,0.2863,0.1734,0.1058,0.0482,0.0444,0.0321,0.4139,0.2059,0.6161,0.2907
14331,-118.645,34.805,0.07,0.0268,0.0515,0.0303,0.2484,0.0927,0.2847,0.1709,0.1076,0.0493,0.0465,0.0341,0.4109,0.2046,0.6344,0.3017
14332,-118.635,34.805,0.0709,0.027,0.0518,0.0304,0.253,0.0961,0.2837,0.1691,0.1091,0.0501,0.0488,0.0363,0.4089,0.2044,0.6535,0.3139
14333,-118.625,34.805,0.0719,0.0272,0.052,0.0305,0.2563,0.0989,0.2811,0.1664,0.1104,0.0507,0.0508,0.0379,0.4057,0.2029,0.6731,0.3268
14334,-118.615,34.805,0.0728,0.0274,0.0523,0.0306,0.2593,0.1015,0.278,0.1634,0.1114,0.0512,0.0529,0.0395,0.4022,0.2012,0.6931,0.3407
14335,-118.605,34.805,0.0738,0.0276,0.0525,0.0308,0.2621,0.1042,0.2747,0.1605,0.1123,0.0516,0.0549,0.0409,0.3986,0.1996,0.7134,0.355
14336,-118.595,34.805,0.0748,0.0278,0.0528,0.0309,0.2647,0.1068,0.2711,0.1578,0.1132,0.052,0.057,0.0422,0.3951,0.1979,0.7339,0.3698
14337,-118.585,34.805,0.0758,0.028,0.053,0.031,0.2672,0.1094,0.2674,0.1551,0.114,0.0524,0.0591,0.0436,0.3915,0.1962,0.7541,0.3848
14338,-118.575,34.805,0.0768,0.0281,0.0532,0.0311,0.2695,0.1119,0.2638,0.1526,0.1148,0.0528,0.0613,0.045,0.3879,0.1944,0.7739,0.3998
14339,-118.565,34.805,0.0779,0.0283,0.0535,0.0312,0.2716,0.1143,0.2603,0.1501,0.1157,0.0532,0.0636,0.0464,0.3842,0.1926,0.7929,0.4147
14340,-118.555,34.805,0.0789,0.0285,0.0537,0.0313,0.2734,0.1167,0.2574,0.1479,0.1165,0.0536,0.0658,0.0478,0.3807,0.1909,0.8111,0.4293
14341,-118.545,34.805,0.08,0.0287,0.0539,0.0314,0.275,0.1191,0.2551,0.1459,0.1174,0.054,0.0681,0.0492,0.3771,0.1891,0.8282,0.4434
14342,-118.535,34.805,0.0811,0.0288,0.0541,0.0315,0.2765,0.1214,0.2533,0.1441,0.1182,0.0544,0.0704,0.0507,0.3734,0.1874,0.8431,0.4561
14343,-118.525,34.805,0.0822,0.029,0.0543,0.0316,0.2778,0.1236,0.2527,0.1426,0.119,0.0548,0.0727,0.052,0.3698,0.1856,0.8556,0.4673
14344,-118.515,34.805,0.0833,0.0291,0.0545,0.0317,0.2789,0.1258,0.2524,0.1411,0.1198,0.0552,0.0749,0.0533,0.3662,0.1839,0.8656,0.4764
14345,-118.505,34.805,0.0845,0.0293,0.0547,0.0318,0.2798,0.1278,0.2527,0.1399,0.1204,0.0555,0.0768,0.0541,0.3627,0.1822,0.8725,0.4832
14346,-118.495,34.805,0.0857,0.0294,0.0549,0.0319,0.2806,0.1298,0.253,0.1386,0.1208,0.0556,0.0786,0.0545,0.3592,0.1805,0.8751,0.4865
14347,-118.485,34.805,0.0869,0.0296,0.0551,0.032,0.2812,0.1316,0.2534,0.1373,0.121,0.0556,0.08,0.0546,0.3558,0.1789,0.8736,0.4864
14348,-118.475,34.805,0.0882,0.0297,0.0552,0.0321,0.2817,0.1333,0.2536,0.1359,0.121,0.0555,0.0812,0.0543,0.3524,0.1773,0.8693,0.484
14349,-118.465,34.805,0.0894,0.0299,0.0554,0.0322,0.2821,0.1348,0.2537,0.1345,0.1211,0.0554,0.0824,0.054,0.349,0.1757,0.8625,0.4797
14350,-118.455,34.805,0.0908,0.03,0.0556,0.0323,0.2823,0.1362,0.2534,0.1329,0.1211,0.0553,0.0833,0.0536,0.3458,0.1742,0.8534,0.4738
14351,-118.445,34.805,0.0921,0.0301,0.0558,0.0323,0.2824,0.1373,0.2527,0.1312,0.1213,0.0552,0.0843,0.0532,0.3425,0.1727,0.8428,0.4668
14352,-118.435,34.805,0.0935,0.0302,0.056,0.0324,0.2825,0.1384,0.2517,0.1294,0.1217,0.0553,0.0852,0.053,0.3393,0.1712,0.832,0.4599
14353,-118.425,34.805,0.0949,0.0303,0.0561,0.0325,0.2824,0.1391,0.2503,0.1273,0.122,0.0554,0.086,0.0529,0.3361,0.1697,0.8216,0.4533
14354,-118.415,34.805,0.0964,0.0304,0.0563,0.0326,0.2822,0.1397,0.2488,0.1252,0.1225,0.0556,0.0868,0.0529,0.3329,0.1682,0.8116,0.4473
14355,-118.405,34.805,0.0978,0.0305,0.0564,0.0327,0.2819,0.1401,0.2469,0.1229,0.1232,0.0558,0.0876,0.0532,0.3299,0.1668,0.8025,0.4426
14356,-118.395,34.805,0.0994,0.0305,0.057,0.0331,0.2848,0.1428,0.2478,0.1228,0.1238,0.0561,0.0898,0.0546,0.3299,0.1682,0.7948,0.4416
14357,-118.385,34.805,0.1026,0.0312,0.0581,0.0338,0.2907,0.1478,0.2517,0.1249,0.1265,0.0577,0.0933,0.0573,0.3332,0.1725,0.7884,0.4447
14358,-118.375,34.805,0.109,0.0332,0.061,0.036,0.2916,0.1488,0.2512,0.1238,0.1329,0.0616,0.0948,0.0585,0.3318,0.1725,0.7829,0.452
14359,-118.365,34.805,0.1151,0.0349,0.064,0.0382,0.2938,0.1507,0.252,0.1235,0.1388,0.0654,0.0968,0.0603,0.3316,0.1735,0.7773,0.4628
14360,-118.355,34.805,0.1235,0.0375,0.0656,0.0393,0.3067,0.1613,0.2634,0.1309,0.1472,0.0707,0.1036,0.0663,0.3419,0.1842,0.7713,0.4712
14361,-118.345,34.805,0.1263,0.0378,0.0665,0.04,0.3119,0.1655,0.268,0.1332,0.1491,0.0719,0.1072,0.0697,0.345,0.1882,0.7654,0.4745
14362,-118.335,34.805,0.128,0.0376,0.0669,0.0402,0.3094,0.1633,0.2659,0.1306,0.1498,0.0723,0.1075,0.0704,0.3409,0.1855,0.7596,0.4719
14363,-118.325,34.805,0.1297,0.0373,0.0667,0.0401,0.3068,0.161,0.2642,0.1282,0.1504,0.0727,0.1078,0.0714,0.337,0.183,0.7542,0.4679
14364,-118.315,34.805,0.1319,0.0372,0.0663,0.0398,0.3039,0.1585,0.2623,0.1258,0.1513,0.0733,0.108,0.0724,0.333,0.1805,0.749,0.4639
14365,-118.305,34.805,0.1335,0.0368,0.0658,0.0394,0.2997,0.155,0.2593,0.1227,0.1518,0.0736,0.1078,0.073,0.3282,0.1771,0.7437,0.4597
14366,-118.295,34.805,0.1351,0.0364,0.0655,0.0391,0.2962,0.152,0.2569,0.1201,0.1521,0.0739,0.1078,0.0739,0.3242,0.1744,0.7386,0.4557
14367,-118.285,34.805,0.1373,0.0363,0.0653,0.0389,0.2932,0.1495,0.2551,0.1179,0.1536,0.0747,0.1082,0.0751,0.3208,0.1724,0.7337,0.453
14368,-118.275,34.805,0.1393,0.0362,0.0651,0.0387,0.2902,0.1471,0.2532,0.1158,0.1556,0.076,0.1086,0.0762,0.3176,0.1705,0.7289,0.4509
14369,-118.265,34.805,0.1397,0.0359,0.0649,0.0386,0.2872,0.1446,0.2513,0.1138,0.1572,0.0769,0.1089,0.0773,0.3145,0.1686,0.724,0.4485
14370,-118.255,34.805,0.139,0.0356,0.0648,0.0385,0.2841,0.1422,0.2492,0.1118,0.1588,0.0779,0.1092,0.0782,0.3114,0.1668,0.7191,0.4458
14371,-118.245,34.805,0.1372,0.0351,0.0646,0.0383,0.2809,0.1397,0.2471,0.1099,0.1604,0.0788,0.1094,0.0789,0.3082,0.1649,0.714,0.4429
14372,-118.235,34.805,0.1347,0.0345,0.0643,0.0381,0.2776,0.1371,0.2448,0.1081,0.1617,0.0796,0.1095,0.0793,0.305,0.1629,0.7087,0.4394
14373,-118.225,34.805,0.1321,0.034,0.0641,0.0379,0.2744,0.1346,0.2427,0.1067,0.163,0.0803,0.1095,0.0794,0.3018,0.161,0.7033,0.4356
14374,-118.215,34.805,0.1296,0.0336,0.0639,0.0378,0.2712,0.1322,0.2406,0.1053,0.1643,0.081,0.1096,0.0794,0.2987,0.1592,0.6978,0.4316
14375,-118.205,34.805,0.1272,0.0331,0.0637,0.0376,0.2684,0.1301,0.2389,0.1046,0.1655,0.0817,0.1096,0.0791,0.2959,0.1575,0.6922,0.4275
14376,-118.195,34.805,0.1248,0.0327,0.0636,0.0375,0.2657,0.1281,0.2374,0.1041,0.1665,0.0823,0.1098,0.0786,0.2931,0.156,0.6864,0.423
14377,-118.185,34.805,0.1228,0.0324,0.0635,0.0375,0.2631,0.1262,0.2361,0.1039,0.1678,0.083,0.11,0.0781,0.2904,0.1545,0.6809,0.4191
14378,-118.175,34.805,0.121,0.0322,0.0634,0.0374,0.2611,0.1248,0.2353,0.1042,0.1693,0.0839,0.1105,0.0775,0.2881,0.1533,0.6755,0.4151
14379,-118.165,34.805,0.1189,0.0319,0.0633,0.0373,0.2593,0.1235,0.2346,0.1047,0.1701,0.0843,0.1111,0.0768,0.2859,0.1522,0.6699,0.4108
14380,-118.155,34.805,0.1172,0.0317,0.0633,0.0373,0.2576,0.1223,0.2339,0.1053,0.1714,0.085,0.1116,0.0759,0.2835,0.1509,0.6646,0.4068
14381,-118.145,34.805,0.1156,0.0316,0.0632,0.0372,0.2559,0.1211,0.233,0.1057,0.1726,0.0857,0.112,0.0748,0.2809,0.1495,0.6593,0.4026
14382,-118.135,34.805,0.1137,0.0314,0.0629,0.037,0.2541,0.1199,0.232,0.1061,0.1734,0.0862,0.1124,0.0735,0.2781,0.1478,0.6544,0.3989
14383,-118.125,34.805,0.1125,0.0314,0.0633,0.0373,0.2544,0.1202,0.2327,0.1078,0.1749,0.0871,0.1136,0.073,0.277,0.1476,0.65,0.3964
14384,-118.115,34.805,0.1124,0.0318,0.0637,0.0376,0.255,0.1208,0.2337,0.1096,0.178,0.0892,0.115,0.0725,0.2761,0.1477,0.647,0.3967
14385,-118.105,34.805,0.1122,0.0322,0.0641,0.0379,0.2554,0.1211,0.2342,0.111,0.1808,0.0911,0.1162,0.0718,0.2748,0.1473,0.6437,0.3958
14386,-118.095,34.805,0.1109,0.0322,0.0643,0.0381,0.2552,0.1211,0.2341,0.1121,0.182,0.0918,0.117,0.0707,0.2729,0.1464,0.6398,0.3935
14387,-118.085,34.805,0.1094,0.0321,0.0641,0.0379,0.2546,0.1207,0.2334,0.1127,0.1829,0.0923,0.1174,0.0695,0.2704,0.145,0.6355,0.39
14388,-118.075,34.805,0.1075,0.0318,0.0638,0.0377,0.2538,0.1203,0.2325,0.1131,0.1829,0.0923,0.1177,0.0681,0.2679,0.1436,0.631,0.386
14389,-118.065,34.805,0.1063,0.0318,0.0634,0.0375,0.253,0.1198,0.2316,0.1135,0.184,0.093,0.118,0.0668,0.2654,0.1421,0.6268,0.3825
14390,-118.055,34.805,0.1048,0.0317,0.0631,0.0372,0.2526,0.1197,0.231,0.1142,0.1847,0.0934,0.1184,0.0657,0.2634,0.141,0.6228,0.3794
14391,-118.045,34.805,0.1036,0.0317,0.0627,0.0369,0.2517,0.1192,0.2299,0.1144,0.1856,0.094,0.1185,0.0644,0.2608,0.1396,0.6185,0.3758
14392,-118.035,34.805,0.1018,0.0314,0.0622,0.0366,0.2501,0.1183,0.2282,0.1142,0.1853,0.0937,0.1182,0.0629,0.2578,0.1378,0.6133,0.3708
14393,-118.025,34.805,0.0992,0.0309,0.0617,0.0362,0.2483,0.1173,0.2263,0.1138,0.1838,0.0926,0.1179,0.0615,0.2548,0.1359,0.6076,0.3648
14394,-118.015,34.805,0.0989,0.0312,0.0614,0.036,0.2469,0.1165,0.2248,0.1137,0.1856,0.0938,0.1177,0.0603,0.2522,0.1344,0.6041,0.3631
14395,-118.005,34.805,0.0991,0.0317,0.0618,0.0363,0.2478,0.1174,0.2256,0.1151,0.1881,0.0956,0.1188,0.0601,0.252,0.1348,0.6007,0.3619
14396,-117.995,34.805,0.0976,0.0315,0.0618,0.0363,0.2473,0.1173,0.225,0.1155,0.1877,0.0953,0.119,0.0593,0.2504,0.1341,0.5959,0.3582
14397,-117.985,34.805,0.0961,0.0313,0.0612,0.036,0.2452,0.1162,0.2229,0.1149,0.187,0.0947,0.1184,0.0581,0.2475,0.1323,0.5899,0.3529
14398,-117.975,34.805,0.0953,0.0314,0.0611,0.0359,0.2441,0.1157,0.2218,0.1148,0.1872,0.0949,0.1183,0.0574,0.2455,0.1314,0.5844,0.3486
14399,-117.965,34.805,0.0945,0.0315,0.061,0.0359,0.2428,0.1152,0.2205,0.1147,0.1872,0.0949,0.1181,0.0566,0.2435,0.1303,0.5785,0.3439
14400,-117.955,34.805,0.0931,0.0312,0.0606,0.0356,0.2401,0.1136,0.2178,0.1136,0.1859,0.094,0.1171,0.0555,0.2402,0.1282,0.5712,0.3372
14401,-117.945,34.805,0.0915,0.0309,0.058,0.0338,0.232,0.1085,0.2101,0.1088,0.1841,0.0927,0.1132,0.0526,0.2319,0.1223,0.558,0.3223
14402,-117.935,34.805,0.082,0.0272,0.0533,0.0304,0.2186,0.1,0.1974,0.1004,0.1677,0.0816,0.1064,0.048,0.2185,0.1126,0.5336,0.2955
14403,-117.925,34.805,0.0752,0.0245,0.051,0.0287,0.2085,0.0938,0.188,0.0944,0.1556,0.0736,0.1015,0.0449,0.2085,0.1056,0.5134,0.2747
14404,-117.915,34.805,0.0746,0.0246,0.0495,0.0277,0.2005,0.089,0.1805,0.0898,0.1551,0.0733,0.0977,0.0424,0.2005,0.1001,0.5008,0.2634
14405,-117.905,34.805,0.074,0.0246,0.0494,0.0277,0.1991,0.0885,0.1793,0.0896,0.1545,0.0729,0.0975,0.0421,0.1989,0.0994,0.4947,0.2594
14406,-117.895,34.805,0.0735,0.0246,0.0493,0.0276,0.1978,0.088,0.1781,0.0893,0.1538,0.0725,0.0974,0.0419,0.1973,0.0987,0.489,0.2557
14407,-117.885,34.805,0.073,0.0246,0.0491,0.0276,0.1964,0.0875,0.1769,0.0891,0.1532,0.0722,0.0972,0.0417,0.1956,0.0981,0.4834,0.2521
14408,-117.875,34.805,0.0725,0.0246,0.049,0.0275,0.1949,0.0869,0.1757,0.0888,0.1525,0.0718,0.0972,0.0415,0.1939,0.0974,0.4773,0.2481
14409,-117.865,34.805,0.072,0.0247,0.0486,0.0273,0.1935,0.0864,0.1745,0.0885,0.1518,0.0714,0.0971,0.0414,0.1922,0.0967,0.47,0.2428
14410,-117.855,34.805,0.0716,0.0247,0.047,0.0262,0.192,0.0858,0.1732,0.0882,0.1512,0.0711,0.0972,0.0413,0.1906,0.0961,0.4615,0.2373
14411,-117.845,34.805,0.0712,0.0247,0.044,0.0242,0.1749,0.0768,0.1578,0.079,0.1505,0.0708,0.0893,0.0372,0.1738,0.086,0.4372,0.2179
14412,-117.835,34.805,0.057,0.0189,0.0396,0.0213,0.1423,0.0591,0.1283,0.061,0.1221,0.0542,0.0734,0.029,0.142,0.0665,0.3867,0.1817
14413,-117.825,34.805,0.039,0.0118,0.0325,0.0168,0.1322,0.054,0.1193,0.0559,0.0845,0.0337,0.0691,0.0268,0.1321,0.0608,0.3057,0.1298
14414,-117.815,34.805,0.0382,0.0116,0.0262,0.0127,0.1258,0.051,0.1136,0.0529,0.083,0.0329,0.0666,0.0255,0.1257,0.0574,0.2882,0.1207
14415,-117.805,34.805,0.038,0.0116,0.0262,0.0127,0.1149,0.0451,0.1036,0.0468,0.0827,0.0328,0.0614,0.0227,0.1148,0.0507,0.2787,0.1159
14416,-117.795,34.805,0.0378,0.0116,0.0261,0.0127,0.1114,0.0433,0.1005,0.0451,0.0823,0.0327,0.0604,0.0221,0.1113,0.0487,0.2746,0.114
14417,-117.785,34.805,0.0375,0.0116,0.026,0.0127,0.1153,0.0456,0.1042,0.0476,0.0819,0.0326,0.0638,0.0236,0.1151,0.0514,0.2738,0.1139
14418,-117.775,34.805,0.0373,0.0116,0.0259,0.0126,0.1105,0.0433,0.0999,0.0453,0.0816,0.0324,0.0621,0.0227,0.1104,0.0488,0.2709,0.1127
14419,-117.765,34.805,0.0371,0.0116,0.0262,0.0129,0.1079,0.0421,0.0976,0.0441,0.0812,0.0323,0.0617,0.0224,0.1076,0.0474,0.2693,0.1122
14420,-117.755,34.805,0.0395,0.0127,0.0285,0.0144,0.1244,0.0508,0.1126,0.0533,0.0866,0.0352,0.0725,0.0274,0.1237,0.057,0.2793,0.1182
14421,-117.745,34.805,0.0436,0.0144,0.0298,0.0153,0.1384,0.0584,0.1253,0.0615,0.0953,0.04,0.0822,0.0319,0.1373,0.0656,0.2992,0.1298
14422,-117.735,34.805,0.0458,0.0155,0.03,0.0155,0.1499,0.0651,0.1359,0.0686,0.1,0.0428,0.091,0.0361,0.1485,0.073,0.3099,0.1365
14423,-117.725,34.805,0.0446,0.0151,0.0302,0.0156,0.1551,0.0684,0.1408,0.0722,0.0977,0.0416,0.0963,0.0386,0.1537,0.0768,0.3134,0.1393
14424,-117.715,34.805,0.0444,0.0152,0.031,0.0162,0.1541,0.0683,0.1399,0.0723,0.0974,0.0416,0.0976,0.0392,0.1527,0.0767,0.3045,0.1346
14425,-117.705,34.805,0.0393,0.013,0.0348,0.0186,0.1282,0.0548,0.1164,0.058,0.0867,0.0356,0.0829,0.0319,0.1275,0.0617,0.2946,0.129
14426,-117.695,34.805,0.0439,0.0151,0.0352,0.0189,0.1088,0.0446,0.0987,0.0473,0.0968,0.0411,0.0718,0.0264,0.1084,0.0503,0.3055,0.1356
14427,-117.685,34.805,0.0397,0.0133,0.0322,0.017,0.0958,0.0377,0.0867,0.0399,0.0878,0.0363,0.0643,0.0225,0.0954,0.0424,0.2772,0.12
14428,-117.675,34.805,0.0351,0.0115,0.0288,0.0148,0.0927,0.0362,0.0839,0.0384,0.0777,0.0312,0.0635,0.0219,0.0923,0.0407,0.2565,0.1089
14429,-117.665,34.805,0.0348,0.0115,0.0258,0.013,0.0917,0.0359,0.0829,0.0381,0.0773,0.0311,0.064,0.022,0.0913,0.0403,0.2455,0.1033
14430,-117.655,34.805,0.0346,0.0114,0.0253,0.0126,0.0909,0.0356,0.0822,0.0379,0.0769,0.0309,0.0647,0.0221,0.0904,0.0401,0.2436,0.1027
14431,-118.945,34.815,0.0376,0.0165,0.0254,0.0138,0.124,0.0362,0.1741,0.0834,0.0629,0.0274,0.0197,0.0091,0.5124,0.2237,0.2485,0.1005
14432,-118.935,34.815,0.0436,0.0197,0.0254,0.0137,0.1569,0.0482,0.2182,0.113,0.072,0.0323,0.0255,0.0129,0.5912,0.2908,0.2614,0.1068
14433,-118.925,34.815,0.029,0.0116,0.0266,0.0144,0.154,0.0461,0.2141,0.1098,0.048,0.019,0.0254,0.0136,0.5779,0.2776,0.2428,0.0949
14434,-118.915,34.815,0.04,0.0172,0.0284,0.0157,0.1465,0.0422,0.2035,0.1021,0.0649,0.0278,0.0244,0.014,0.5513,0.2535,0.2715,0.1094
14435,-118.905,34.815,0.0429,0.0185,0.0325,0.0185,0.1517,0.0437,0.2089,0.106,0.0687,0.0297,0.0257,0.016,0.5523,0.2562,0.2908,0.1195
14436,-118.895,34.815,0.0441,0.019,0.0332,0.0189,0.1478,0.042,0.202,0.1017,0.0697,0.0301,0.0252,0.0165,0.5282,0.2408,0.2946,0.1206
14437,-118.885,34.815,0.0379,0.0156,0.0304,0.0169,0.1349,0.0371,0.1827,0.0893,0.0596,0.0245,0.0229,0.0157,0.4791,0.2074,0.2805,0.1108
14438,-118.875,34.815,0.0287,0.0109,0.0289,0.0158,0.1198,0.032,0.1613,0.0766,0.0447,0.017,0.0202,0.0141,0.4197,0.1739,0.2611,0.099
14439,-118.865,34.815,0.0282,0.0105,0.0277,0.015,0.1066,0.0276,0.1425,0.0656,0.0435,0.0163,0.0178,0.0125,0.3659,0.1447,0.2486,0.0917
14440,-118.855,34.815,0.0285,0.0106,0.0268,0.0143,0.1043,0.0267,0.1392,0.0637,0.0436,0.0163,0.0172,0.0119,0.35,0.1364,0.2441,0.0887
14441,-118.845,34.815,0.0289,0.0107,0.0258,0.0136,0.1038,0.0264,0.1387,0.0635,0.0437,0.0163,0.0168,0.0115,0.3392,0.1311,0.2457,0.0885
14442,-118.835,34.815,0.0292,0.0107,0.0247,0.0128,0.1051,0.0269,0.141,0.0652,0.0439,0.0163,0.0166,0.0113,0.3335,0.129,0.2436,0.0868
14443,-118.825,34.815,0.0296,0.0108,0.0247,0.0127,0.1067,0.0274,0.1437,0.0671,0.0441,0.0163,0.0165,0.0111,0.3284,0.1271,0.2462,0.0871
14444,-118.815,34.815,0.0301,0.0109,0.0249,0.0128,0.1083,0.028,0.1463,0.0692,0.0444,0.0164,0.0164,0.0109,0.3234,0.1253,0.2511,0.0885
14445,-118.805,34.815,0.0305,0.011,0.0251,0.0129,0.11,0.0286,0.149,0.0712,0.0448,0.0165,0.0163,0.0107,0.3188,0.1237,0.2576,0.0906
14446,-118.795,34.815,0.0309,0.0111,0.0254,0.0131,0.113,0.0296,0.1532,0.0743,0.0452,0.0167,0.0164,0.0106,0.3177,0.1237,0.2651,0.0932
14447,-118.785,34.815,0.0321,0.0115,0.0258,0.0133,0.1173,0.0311,0.1592,0.0785,0.0467,0.0173,0.0168,0.0108,0.32,0.1255,0.2858,0.1018
14448,-118.775,34.815,0.0398,0.015,0.0288,0.0153,0.135,0.0373,0.1827,0.0949,0.0578,0.0226,0.0192,0.0125,0.3534,0.1452,0.3186,0.117
14449,-118.765,34.815,0.0433,0.0165,0.032,0.0174,0.1542,0.0443,0.2081,0.1128,0.0628,0.025,0.022,0.0144,0.3894,0.1669,0.3549,0.1345
14450,-118.755,34.815,0.0471,0.0181,0.0342,0.0188,0.1677,0.0495,0.2251,0.1261,0.0684,0.0279,0.0242,0.0158,0.4075,0.1804,0.3842,0.1492
14451,-118.745,34.815,0.047,0.0179,0.0363,0.0201,0.172,0.0511,0.2299,0.1301,0.0686,0.0279,0.0251,0.0162,0.4067,0.1811,0.4094,0.1624
14452,-118.735,34.815,0.0466,0.0176,0.0383,0.0215,0.167,0.049,0.2223,0.1246,0.0684,0.0278,0.0247,0.0154,0.3871,0.1691,0.4359,0.1775
14453,-118.725,34.815,0.0593,0.0236,0.042,0.0241,0.1917,0.0599,0.2514,0.1495,0.0868,0.0377,0.0296,0.0192,0.4177,0.1963,0.4668,0.1979
14454,-118.715,34.815,0.0625,0.025,0.0456,0.0266,0.2176,0.0713,0.2814,0.1749,0.0918,0.0406,0.0348,0.0233,0.4502,0.2246,0.5019,0.2239
14455,-118.705,34.815,0.062,0.0245,0.0469,0.0275,0.2192,0.0729,0.2794,0.1725,0.0919,0.0406,0.0358,0.0241,0.4419,0.2192,0.5204,0.236
14456,-118.695,34.815,0.064,0.0253,0.0479,0.0282,0.2227,0.0754,0.2792,0.1718,0.0954,0.0426,0.0373,0.0255,0.4365,0.2164,0.5375,0.2467
14457,-118.685,34.815,0.0653,0.0257,0.0487,0.0287,0.2281,0.079,0.281,0.1726,0.0979,0.044,0.0392,0.0273,0.4341,0.2163,0.5538,0.2565
14458,-118.675,34.815,0.0658,0.0258,0.0491,0.0289,0.2308,0.0812,0.279,0.17,0.0993,0.0448,0.0407,0.0288,0.429,0.2132,0.5696,0.2655
14459,-118.665,34.815,0.0659,0.0256,0.0495,0.0292,0.2328,0.0831,0.2761,0.1666,0.1001,0.0452,0.0422,0.0303,0.4234,0.2095,0.584,0.2725
14460,-118.655,34.815,0.0661,0.0254,0.0501,0.0295,0.2345,0.0849,0.2726,0.1628,0.1009,0.0456,0.0436,0.0317,0.4176,0.2058,0.6005,0.2819
14461,-118.645,34.815,0.0674,0.0258,0.0505,0.0298,0.2389,0.0881,0.2717,0.1615,0.1031,0.0469,0.0458,0.0337,0.4152,0.2052,0.6186,0.2937
14462,-118.635,34.815,0.0695,0.0266,0.051,0.03,0.2459,0.0928,0.2734,0.1627,0.1063,0.0487,0.0486,0.0362,0.4162,0.2078,0.6376,0.3068
14463,-118.625,34.815,0.0707,0.0269,0.0513,0.0302,0.2495,0.0957,0.2711,0.1607,0.1078,0.0496,0.0507,0.0379,0.4133,0.2067,0.6558,0.3191
14464,-118.615,34.815,0.0716,0.0271,0.0515,0.0303,0.2524,0.0983,0.2678,0.1581,0.109,0.0501,0.0527,0.0395,0.4095,0.2049,0.6739,0.3314
14465,-118.605,34.815,0.0725,0.0273,0.0517,0.0304,0.2551,0.1008,0.2641,0.1555,0.1099,0.0506,0.0547,0.0409,0.4057,0.203,0.6922,0.344
14466,-118.595,34.815,0.0735,0.0274,0.052,0.0305,0.2576,0.1033,0.2603,0.1529,0.1108,0.051,0.0567,0.0422,0.4019,0.2012,0.7104,0.3569
14467,-118.585,34.815,0.0744,0.0276,0.0522,0.0306,0.2601,0.1058,0.2563,0.1503,0.1117,0.0514,0.0588,0.0435,0.3981,0.1994,0.7283,0.37
14468,-118.575,34.815,0.0754,0.0278,0.0524,0.0307,0.2623,0.1082,0.2522,0.1479,0.1125,0.0518,0.0609,0.0448,0.3943,0.1975,0.7457,0.383
14469,-118.565,34.815,0.0764,0.0279,0.0526,0.0308,0.2643,0.1105,0.2482,0.1455,0.1133,0.0522,0.0631,0.0462,0.3905,0.1956,0.7624,0.3958
14470,-118.555,34.815,0.0774,0.0281,0.0528,0.0309,0.2661,0.1128,0.245,0.1434,0.1142,0.0526,0.0653,0.0474,0.3867,0.1937,0.7782,0.4082
14471,-118.545,34.815,0.0785,0.0283,0.053,0.031,0.2678,0.115,0.2425,0.1414,0.1149,0.0529,0.0674,0.0487,0.3829,0.1919,0.7929,0.42
14472,-118.535,34.815,0.0795,0.0284,0.0532,0.0311,0.2693,0.1172,0.241,0.1397,0.1157,0.0533,0.0696,0.05,0.3791,0.1901,0.8055,0.4306
14473,-118.525,34.815,0.0806,0.0286,0.0534,0.0312,0.2705,0.1192,0.2409,0.1383,0.1164,0.0537,0.0717,0.0511,0.3753,0.1882,0.8161,0.4398
14474,-118.515,34.815,0.0817,0.0287,0.0536,0.0313,0.2717,0.1213,0.2413,0.137,0.1171,0.054,0.0737,0.0521,0.3716,0.1864,0.8245,0.4473
14475,-118.505,34.815,0.0828,0.0289,0.0538,0.0314,0.2726,0.1232,0.2425,0.1358,0.1177,0.0542,0.0756,0.0528,0.3679,0.1846,0.8305,0.4531
14476,-118.495,34.815,0.0839,0.029,0.054,0.0315,0.2735,0.125,0.2437,0.1347,0.1181,0.0543,0.0773,0.0533,0.3642,0.1828,0.8331,0.4561
14477,-118.485,34.815,0.0851,0.0292,0.0541,0.0316,0.2742,0.1267,0.2448,0.1335,0.1184,0.0544,0.0788,0.0536,0.3606,0.1811,0.8325,0.4567
14478,-118.475,34.815,0.0863,0.0293,0.0543,0.0317,0.2747,0.1282,0.2457,0.1322,0.1186,0.0544,0.0801,0.0535,0.3571,0.1794,0.8296,0.4555
14479,-118.465,34.815,0.0875,0.0294,0.0545,0.0317,0.2751,0.1296,0.2464,0.1309,0.1187,0.0544,0.0814,0.0534,0.3535,0.1777,0.8246,0.4527
14480,-118.455,34.815,0.0887,0.0295,0.0547,0.0318,0.2754,0.1309,0.2467,0.1294,0.1189,0.0544,0.0825,0.0533,0.3501,0.1761,0.8175,0.4484
14481,-118.445,34.815,0.09,0.0297,0.0548,0.0319,0.2755,0.132,0.2466,0.1278,0.1192,0.0544,0.0835,0.0531,0.3467,0.1745,0.8087,0.443
14482,-118.435,34.815,0.0913,0.0298,0.055,0.032,0.2756,0.1329,0.2462,0.1261,0.1197,0.0545,0.0845,0.053,0.3433,0.1728,0.7994,0.4373
14483,-118.425,34.815,0.0927,0.0298,0.0551,0.032,0.2755,0.1335,0.2453,0.1242,0.12,0.0546,0.0854,0.0531,0.3399,0.1712,0.79,0.4316
14484,-118.415,34.815,0.0941,0.0299,0.0553,0.0322,0.2753,0.1341,0.2444,0.1223,0.1205,0.0548,0.0863,0.0532,0.3366,0.1696,0.781,0.4262
14485,-118.405,34.815,0.0955,0.03,0.056,0.0327,0.2751,0.1345,0.2432,0.1203,0.1212,0.0551,0.0872,0.0534,0.3335,0.1682,0.7745,0.4269
14486,-118.395,34.815,0.1051,0.0335,0.0577,0.0339,0.2844,0.1424,0.2509,0.125,0.1314,0.0615,0.0922,0.0572,0.3399,0.1755,0.7701,0.4385
14487,-118.385,34.815,0.1129,0.0361,0.0603,0.0358,0.3032,0.1576,0.2674,0.1363,0.1393,0.0664,0.1013,0.0644,0.3556,0.1915,0.7659,0.4514
14488,-118.375,34.815,0.1163,0.0368,0.0628,0.0376,0.3057,0.1598,0.2689,0.1362,0.1422,0.0681,0.1036,0.0663,0.3556,0.1927,0.7602,0.4555
14489,-118.365,34.815,0.1191,0.0372,0.0649,0.0392,0.305,0.1595,0.2675,0.1339,0.1442,0.0693,0.1045,0.0671,0.3524,0.1911,0.7546,0.4582
14490,-118.355,34.815,0.1214,0.0374,0.0656,0.0397,0.3051,0.1597,0.2674,0.1326,0.1455,0.0702,0.1059,0.0686,0.3504,0.1904,0.7491,0.4588
14491,-118.345,34.815,0.1231,0.0372,0.0658,0.0398,0.3041,0.159,0.2665,0.1306,0.1461,0.0705,0.1069,0.0697,0.3474,0.1888,0.7437,0.4573
14492,-118.335,34.815,0.1251,0.0371,0.0655,0.0396,0.302,0.1573,0.2649,0.1281,0.1469,0.071,0.1074,0.0706,0.3435,0.1864,0.7386,0.4538
14493,-118.325,34.815,0.127,0.037,0.0653,0.0394,0.2994,0.1551,0.263,0.1255,0.1477,0.0715,0.1078,0.0716,0.3396,0.1838,0.7337,0.4507
14494,-118.315,34.815,0.1291,0.0368,0.065,0.0391,0.2965,0.1528,0.2612,0.1228,0.1484,0.0719,0.108,0.0725,0.3357,0.1812,0.729,0.4474
14495,-118.305,34.815,0.1314,0.0366,0.0648,0.0389,0.2933,0.1502,0.2592,0.1201,0.1489,0.0724,0.1083,0.0735,0.3317,0.1786,0.7245,0.4445
14496,-118.295,34.815,0.134,0.0365,0.0645,0.0387,0.2905,0.148,0.2576,0.1177,0.1499,0.073,0.1087,0.0747,0.3282,0.1765,0.7202,0.4422
14497,-118.285,34.815,0.1372,0.0366,0.0644,0.0386,0.2882,0.1462,0.2566,0.1157,0.1518,0.0741,0.1094,0.0762,0.3253,0.1749,0.7161,0.4408
14498,-118.275,34.815,0.1404,0.0367,0.0642,0.0384,0.2855,0.144,0.2552,0.1135,0.154,0.0755,0.1099,0.0774,0.3221,0.1731,0.712,0.4394
14499,-118.265,34.815,0.141,0.0364,0.0641,0.0383,0.2825,0.1418,0.2536,0.1112,0.1552,0.0762,0.1103,0.0786,0.3189,0.1711,0.7078,0.4374
14500,-118.255,34.815,0.1394,0.0359,0.0639,0.0382,0.2793,0.1393,0.2516,0.1089,0.1565,0.0769,0.1105,0.0795,0.3154,0.1689,0.7036,0.435
14501,-118.245,34.815,0.1366,0.0353,0.0638,0.038,0.2762,0.1369,0.2498,0.1068,0.1581,0.0779,0.1108,0.0802,0.3121,0.1669,0.6992,0.433
14502,-118.235,34.815,0.1334,0.0348,0.0636,0.0379,0.2732,0.1347,0.2481,0.105,0.1595,0.0787,0.1111,0.0808,0.3091,0.1651,0.6945,0.43
14503,-118.225,34.815,0.1301,0.0342,0.0633,0.0377,0.2701,0.1323,0.2462,0.1035,0.1607,0.0794,0.1112,0.0809,0.3058,0.1632,0.6895,0.4265
14504,-118.215,34.815,0.1272,0.0337,0.0631,0.0375,0.2671,0.13,0.2442,0.1021,0.1619,0.0801,0.1113,0.0809,0.3026,0.1613,0.6842,0.4226
14505,-118.205,34.815,0.1245,0.0332,0.063,0.0374,0.2644,0.1281,0.2425,0.1015,0.1631,0.0808,0.1115,0.0806,0.2997,0.1596,0.679,0.4189
14506,-118.195,34.815,0.1219,0.0328,0.0628,0.0373,0.2619,0.1263,0.2408,0.1011,0.1642,0.0814,0.1117,0.0802,0.2969,0.158,0.6734,0.4146
14507,-118.185,34.815,0.1196,0.0325,0.0627,0.0372,0.2595,0.1246,0.2392,0.1011,0.1655,0.0821,0.112,0.0796,0.2942,0.1565,0.668,0.4106
14508,-118.175,34.815,0.1179,0.0323,0.0626,0.0371,0.2579,0.1234,0.2381,0.1017,0.1672,0.0831,0.1126,0.079,0.292,0.1554,0.6626,0.4068
14509,-118.165,34.815,0.1159,0.0321,0.0625,0.037,0.2563,0.1223,0.2371,0.1025,0.1682,0.0837,0.1132,0.0783,0.2898,0.1543,0.6573,0.4029
14510,-118.155,34.815,0.1138,0.0318,0.0625,0.037,0.2542,0.1209,0.2356,0.103,0.1691,0.0841,0.1134,0.0771,0.287,0.1527,0.652,0.3985
14511,-118.145,34.815,0.112,0.0315,0.0623,0.0369,0.2524,0.1196,0.2341,0.1036,0.1701,0.0848,0.1137,0.0758,0.2842,0.1511,0.6467,0.3942
14512,-118.135,34.815,0.1102,0.0313,0.062,0.0367,0.2508,0.1186,0.2329,0.1043,0.171,0.0852,0.114,0.0744,0.2815,0.1496,0.642,0.3906
14513,-118.125,34.815,0.109,0.0313,0.0626,0.0371,0.2518,0.1194,0.2339,0.1065,0.1726,0.0862,0.1155,0.074,0.281,0.15,0.6381,0.3888
14514,-118.115,34.815,0.1098,0.0321,0.0632,0.0376,0.2532,0.1205,0.2354,0.1089,0.1769,0.0892,0.1172,0.0738,0.2809,0.1507,0.6363,0.3909
14515,-118.105,34.815,0.11,0.0326,0.0638,0.038,0.2543,0.1214,0.2365,0.1111,0.1803,0.0915,0.1187,0.0734,0.2804,0.151,0.6337,0.3909
14516,-118.095,34.815,0.1086,0.0325,0.064,0.0381,0.2547,0.1218,0.2368,0.1126,0.1813,0.0921,0.1197,0.0725,0.2791,0.1506,0.6304,0.3893
14517,-118.085,34.815,0.1075,0.0325,0.0639,0.038,0.2542,0.1217,0.2361,0.1136,0.1827,0.093,0.1202,0.0713,0.2769,0.1494,0.6267,0.3865
14518,-118.075,34.815,0.1064,0.0325,0.0635,0.0378,0.2535,0.1212,0.2351,0.1141,0.1839,0.0938,0.1205,0.0699,0.2744,0.148,0.6229,0.3833
14519,-118.065,34.815,0.1048,0.0323,0.0631,0.0375,0.2526,0.1207,0.234,0.1146,0.1844,0.0941,0.1207,0.0685,0.2718,0.1464,0.6189,0.3797
14520,-118.055,34.815,0.1033,0.0321,0.0628,0.0373,0.2518,0.1203,0.2329,0.115,0.185,0.0945,0.1208,0.0672,0.2693,0.145,0.6155,0.3772
14521,-118.045,34.815,0.1027,0.0323,0.0624,0.037,0.2504,0.1195,0.2313,0.115,0.1869,0.0958,0.1207,0.0658,0.2664,0.1432,0.6119,0.3744
14522,-118.035,34.815,0.1006,0.0318,0.0616,0.0365,0.2486,0.1184,0.2293,0.1146,0.1861,0.0951,0.1202,0.0642,0.263,0.1411,0.6069,0.3689
14523,-118.025,34.815,0.0969,0.0307,0.0611,0.0361,0.2459,0.1167,0.2264,0.1136,0.1827,0.0927,0.1193,0.0624,0.259,0.1384,0.6008,0.362
14524,-118.015,34.815,0.0968,0.0311,0.0608,0.0359,0.2436,0.1154,0.2241,0.1129,0.1848,0.0942,0.1186,0.0608,0.2556,0.1362,0.5976,0.3605
14525,-118.005,34.815,0.0969,0.0316,0.0614,0.0363,0.2446,0.1163,0.2248,0.1144,0.1873,0.0959,0.1198,0.0607,0.2553,0.1366,0.595,0.3601
14526,-117.995,34.815,0.0958,0.0315,0.0614,0.0364,0.2442,0.1163,0.2243,0.1149,0.1874,0.096,0.1201,0.06,0.2538,0.136,0.5908,0.3572
14527,-117.985,34.815,0.0945,0.0313,0.061,0.0361,0.2425,0.1154,0.2224,0.1145,0.1868,0.0955,0.1197,0.059,0.251,0.1343,0.5848,0.3519
14528,-117.975,34.815,0.0929,0.031,0.0607,0.0359,0.2406,0.1145,0.2206,0.114,0.1857,0.0947,0.1192,0.058,0.2483,0.1328,0.5785,0.3463
14529,-117.965,34.815,0.0922,0.0311,0.0601,0.0355,0.2387,0.1134,0.2186,0.1134,0.1855,0.0946,0.1187,0.057,0.2455,0.1311,0.5706,0.3387
14530,-117.955,34.815,0.091,0.0309,0.0576,0.0336,0.2359,0.1119,0.2159,0.1123,0.1845,0.0938,0.1178,0.0559,0.2421,0.129,0.5592,0.3265
14531,-117.945,34.815,0.0824,0.0276,0.0543,0.0313,0.2249,0.1049,0.2053,0.1055,0.1694,0.0836,0.1122,0.052,0.2306,0.1207,0.5355,0.2999
14532,-117.935,34.815,0.075,0.0247,0.0503,0.0284,0.2054,0.0924,0.1868,0.0932,0.1564,0.0748,0.1021,0.0455,0.2111,0.1064,0.5155,0.2793
14533,-117.925,34.815,0.0737,0.0244,0.0493,0.0277,0.2001,0.0893,0.1818,0.0903,0.1543,0.0734,0.0998,0.0438,0.2055,0.1026,0.5017,0.2665
14534,-117.915,34.815,0.0731,0.0244,0.0489,0.0275,0.1979,0.0882,0.1797,0.0895,0.1536,0.073,0.0992,0.0432,0.2029,0.1012,0.4935,0.2602
14535,-117.905,34.815,0.0726,0.0244,0.0488,0.0274,0.1967,0.0878,0.1786,0.0893,0.1529,0.0726,0.0992,0.043,0.2013,0.1005,0.4876,0.2564
14536,-117.895,34.815,0.0721,0.0244,0.0487,0.0274,0.1954,0.0873,0.1774,0.0891,0.1522,0.0722,0.0991,0.0428,0.1997,0.0999,0.4819,0.2527
14537,-117.885,34.815,0.0716,0.0244,0.0486,0.0273,0.194,0.0868,0.1762,0.0888,0.1515,0.0718,0.0991,0.0426,0.1981,0.0991,0.4764,0.2492
14538,-117.875,34.815,0.0711,0.0244,0.0484,0.0273,0.1926,0.0863,0.175,0.0886,0.1508,0.0713,0.0992,0.0425,0.1963,0.0984,0.471,0.2458
14539,-117.865,34.815,0.0707,0.0244,0.0483,0.0272,0.1912,0.0858,0.1738,0.0883,0.1501,0.071,0.0993,0.0424,0.1946,0.0978,0.4659,0.2425
14540,-117.855,34.815,0.0703,0.0245,0.0482,0.0272,0.1898,0.0852,0.1726,0.088,0.1495,0.0706,0.0995,0.0424,0.1929,0.0971,0.461,0.2396
14541,-117.845,34.815,0.0699,0.0245,0.0469,0.0263,0.1861,0.0835,0.1693,0.0864,0.1487,0.0702,0.0985,0.0418,0.189,0.0951,0.4501,0.2311
14542,-117.835,34.815,0.068,0.0238,0.0444,0.0247,0.1801,0.0804,0.164,0.0835,0.1451,0.0681,0.0965,0.0406,0.1829,0.0917,0.4267,0.2137
14543,-117.825,34.815,0.0628,0.0219,0.0393,0.0214,0.1757,0.0782,0.1601,0.0814,0.1345,0.0623,0.0953,0.0399,0.1784,0.0891,0.3867,0.1858
14544,-117.815,34.815,0.0593,0.0205,0.0345,0.0184,0.1671,0.0736,0.1523,0.0768,0.1276,0.0581,0.0917,0.0379,0.1697,0.0839,0.3666,0.1716
14545,-117.805,34.815,0.0488,0.0161,0.0344,0.0183,0.1362,0.0565,0.1238,0.059,0.1061,0.0456,0.0753,0.0293,0.1387,0.0645,0.3436,0.1563
14546,-117.795,34.815,0.0451,0.0147,0.0343,0.0183,0.1274,0.0517,0.1159,0.0541,0.0986,0.0414,0.0716,0.0272,0.1299,0.059,0.3323,0.1493
14547,-117.785,34.815,0.0502,0.0169,0.0342,0.0182,0.141,0.0592,0.1283,0.0621,0.1094,0.0475,0.0807,0.0315,0.1435,0.0675,0.3373,0.1532
14548,-117.775,34.815,0.0516,0.0177,0.0331,0.0175,0.1285,0.0528,0.117,0.0555,0.1126,0.0494,0.0746,0.0285,0.1309,0.0603,0.3297,0.1488
14549,-117.765,34.815,0.0407,0.0131,0.0322,0.0169,0.1136,0.0451,0.1033,0.0475,0.0894,0.0367,0.0671,0.0247,0.1157,0.0515,0.3098,0.1366
14550,-117.755,34.815,0.0385,0.0124,0.0329,0.0174,0.1123,0.0446,0.102,0.0471,0.0848,0.0344,0.0674,0.0247,0.1142,0.0509,0.3052,0.1339
14551,-117.745,34.815,0.0452,0.0153,0.0332,0.0177,0.1192,0.0485,0.1083,0.0513,0.0995,0.0424,0.0731,0.0273,0.121,0.0554,0.3202,0.1434
14552,-117.735,34.815,0.0478,0.0165,0.0331,0.0176,0.1344,0.0568,0.1223,0.0601,0.1052,0.0456,0.084,0.0324,0.1363,0.0648,0.3364,0.1545
14553,-117.725,34.815,0.054,0.0194,0.0332,0.0177,0.1475,0.0646,0.1344,0.0685,0.1182,0.0533,0.0943,0.0374,0.1493,0.0736,0.3466,0.1622
14554,-117.715,34.815,0.0553,0.0201,0.0338,0.0181,0.1579,0.0709,0.144,0.0753,0.121,0.0551,0.1029,0.0417,0.1596,0.0808,0.3491,0.1654
14555,-117.705,34.815,0.0569,0.021,0.0366,0.02,0.1565,0.0707,0.1428,0.0752,0.1245,0.0573,0.1041,0.0422,0.1581,0.0806,0.3476,0.1658
14556,-117.695,34.815,0.059,0.022,0.0356,0.0193,0.1372,0.0605,0.1251,0.0643,0.1291,0.06,0.0927,0.0364,0.1387,0.0689,0.3492,0.1669
14557,-117.685,34.815,0.0408,0.014,0.0307,0.0161,0.0999,0.0402,0.0908,0.0427,0.0904,0.0383,0.0687,0.0245,0.1015,0.0458,0.289,0.1289
14558,-117.675,34.815,0.0345,0.0114,0.0272,0.0139,0.0923,0.0362,0.0837,0.0385,0.0769,0.031,0.0647,0.0223,0.0937,0.0413,0.2529,0.1076
14559,-117.665,34.815,0.0343,0.0113,0.0246,0.0122,0.0908,0.0356,0.0823,0.0379,0.0765,0.0308,0.0649,0.0222,0.0922,0.0407,0.2385,0.1002
14560,-117.655,34.815,0.0341,0.0113,0.0245,0.0122,0.09,0.0354,0.0816,0.0377,0.076,0.0307,0.0656,0.0223,0.0913,0.0404,0.2369,0.0997
14561,-118.945,34.825,0.0361,0.0157,0.0285,0.0159,0.1115,0.0309,0.1566,0.0729,0.0598,0.0255,0.0184,0.0085,0.4941,0.2068,0.2412,0.0966
14562,-118.935,34.825,0.0331,0.014,0.0282,0.0157,0.1346,0.0387,0.188,0.0933,0.0546,0.0226,0.0225,0.0111,0.5539,0.2531,0.253,0.1023
14563,-118.925,34.825,0.0305,0.0125,0.03,0.0169,0.1296,0.0362,0.1809,0.0888,0.0499,0.02,0.022,0.0114,0.5269,0.2361,0.236,0.0916
14564,-118.915,34.825,0.0348,0.0145,0.0313,0.0177,0.1209,0.0323,0.1684,0.0809,0.0562,0.0232,0.0208,0.0115,0.4881,0.2106,0.249,0.098
14565,-118.905,34.825,0.0301,0.012,0.0282,0.0156,0.1218,0.0323,0.1682,0.0811,0.0482,0.019,0.0212,0.0125,0.4783,0.2065,0.2526,0.099
14566,-118.895,34.825,0.0283,0.011,0.0265,0.0143,0.1188,0.0309,0.1623,0.0775,0.0449,0.0173,0.0208,0.0129,0.4579,0.1943,0.2498,0.0964
14567,-118.885,34.825,0.0294,0.0114,0.026,0.0139,0.1118,0.0283,0.1509,0.0702,0.0461,0.0178,0.0196,0.0126,0.4267,0.174,0.2443,0.0921
14568,-118.875,34.825,0.0392,0.0162,0.0296,0.0164,0.1122,0.0283,0.1491,0.0693,0.0608,0.0252,0.0197,0.0132,0.4187,0.1702,0.2488,0.0931
14569,-118.865,34.825,0.0375,0.0152,0.0329,0.0186,0.1163,0.0297,0.1525,0.0719,0.0577,0.0235,0.0204,0.0142,0.4199,0.1737,0.2646,0.101
14570,-118.855,34.825,0.0327,0.0127,0.0304,0.0168,0.1308,0.0351,0.1711,0.0853,0.05,0.0195,0.023,0.0166,0.443,0.1966,0.2795,0.1084
14571,-118.845,34.825,0.0363,0.0143,0.0277,0.0149,0.1286,0.0345,0.169,0.0842,0.055,0.0219,0.0223,0.016,0.425,0.1874,0.2843,0.1101
14572,-118.835,34.825,0.0306,0.0115,0.0246,0.0129,0.1098,0.0279,0.1463,0.0688,0.0461,0.0175,0.0183,0.0124,0.3657,0.1462,0.2604,0.0956
14573,-118.825,34.825,0.0292,0.0107,0.0243,0.0126,0.1058,0.0266,0.1419,0.0661,0.0437,0.0162,0.0172,0.0113,0.3441,0.134,0.2496,0.0893
14574,-118.815,34.825,0.0296,0.0108,0.0245,0.0127,0.1052,0.0266,0.1418,0.0664,0.044,0.0164,0.0167,0.0108,0.3318,0.1285,0.249,0.0882
14575,-118.805,34.825,0.03,0.0109,0.0247,0.0128,0.1069,0.0272,0.1444,0.0684,0.0445,0.0165,0.0167,0.0107,0.327,0.1268,0.255,0.0901
14576,-118.795,34.825,0.0305,0.011,0.0249,0.0129,0.1091,0.028,0.1476,0.0707,0.045,0.0167,0.0168,0.0106,0.3236,0.1257,0.2617,0.0924
14577,-118.785,34.825,0.0309,0.0111,0.0251,0.013,0.1117,0.029,0.1512,0.0733,0.0455,0.0169,0.0169,0.0106,0.3216,0.1254,0.2742,0.0973
14578,-118.775,34.825,0.0314,0.0112,0.0254,0.0131,0.1215,0.0325,0.1641,0.0823,0.0461,0.0171,0.0183,0.0115,0.3363,0.1345,0.2935,0.1057
14579,-118.765,34.825,0.0329,0.0118,0.0266,0.0138,0.1323,0.0363,0.1781,0.0921,0.0483,0.0181,0.0198,0.0125,0.3528,0.1449,0.318,0.1168
14580,-118.755,34.825,0.0387,0.0143,0.0315,0.0171,0.1406,0.0396,0.1883,0.1,0.0569,0.0223,0.0212,0.0133,0.361,0.1518,0.3451,0.13
14581,-118.745,34.825,0.0501,0.0196,0.0355,0.0198,0.1505,0.0432,0.2004,0.1087,0.0734,0.0308,0.023,0.0145,0.3746,0.1607,0.3763,0.1456
14582,-118.735,34.825,0.0507,0.0197,0.0384,0.0218,0.1622,0.0474,0.2144,0.118,0.0746,0.0313,0.0252,0.016,0.3935,0.1717,0.408,0.1624
14583,-118.725,34.825,0.0464,0.0175,0.0407,0.0233,0.1776,0.0541,0.2319,0.1325,0.069,0.0282,0.0284,0.0185,0.4105,0.1868,0.4401,0.1814
14584,-118.715,34.825,0.056,0.022,0.043,0.0249,0.1931,0.0611,0.2489,0.1469,0.0831,0.0359,0.0317,0.0211,0.426,0.2017,0.4723,0.2031
14585,-118.705,34.825,0.0616,0.0246,0.0463,0.0272,0.2055,0.0672,0.2604,0.1558,0.0915,0.0407,0.0347,0.0237,0.4366,0.2115,0.5022,0.224
14586,-118.695,34.825,0.062,0.0246,0.0476,0.0282,0.2145,0.072,0.2674,0.1611,0.0926,0.0413,0.0372,0.0259,0.4413,0.2169,0.5236,0.2384
14587,-118.685,34.825,0.0621,0.0244,0.0472,0.0278,0.2203,0.0756,0.2698,0.1628,0.0932,0.0416,0.0391,0.0277,0.4402,0.2178,0.5412,0.2497
14588,-118.675,34.825,0.0642,0.0252,0.0474,0.0278,0.2225,0.0775,0.2675,0.1602,0.0968,0.0437,0.0405,0.029,0.4346,0.2143,0.5567,0.2589
14589,-118.665,34.825,0.0635,0.0246,0.0477,0.0281,0.2245,0.0794,0.2647,0.1574,0.0962,0.0433,0.0418,0.0304,0.4289,0.2107,0.5697,0.2649
14590,-118.655,34.825,0.0647,0.025,0.0486,0.0287,0.2292,0.0827,0.2647,0.1571,0.0983,0.0444,0.0439,0.0323,0.4271,0.2108,0.5865,0.2756
14591,-118.645,34.825,0.0673,0.026,0.0494,0.0292,0.2343,0.0862,0.2648,0.1571,0.1023,0.0468,0.0461,0.0344,0.4257,0.2113,0.6043,0.2879
14592,-118.635,34.825,0.0686,0.0264,0.0502,0.0297,0.2398,0.0901,0.265,0.1573,0.1043,0.0478,0.0486,0.0365,0.4247,0.2122,0.6221,0.3005
14593,-118.625,34.825,0.0695,0.0266,0.0505,0.0298,0.2431,0.0928,0.2623,0.1554,0.1055,0.0485,0.0506,0.0381,0.4212,0.2107,0.6386,0.3114
14594,-118.615,34.825,0.0704,0.0268,0.0507,0.0299,0.246,0.0953,0.2589,0.153,0.1066,0.049,0.0525,0.0396,0.4172,0.2087,0.6549,0.3222
14595,-118.605,34.825,0.0713,0.0269,0.0509,0.0301,0.2486,0.0977,0.2551,0.1506,0.1075,0.0495,0.0545,0.0409,0.4132,0.2067,0.6713,0.3332
14596,-118.595,34.825,0.0722,0.0271,0.0512,0.0302,0.251,0.1001,0.2509,0.1482,0.1084,0.05,0.0565,0.0422,0.4091,0.2048,0.6875,0.3445
14597,-118.585,34.825,0.0731,0.0273,0.0514,0.0303,0.2534,0.1025,0.2465,0.1458,0.1093,0.0504,0.0585,0.0435,0.4051,0.2028,0.7034,0.3559
14598,-118.575,34.825,0.074,0.0274,0.0516,0.0304,0.2555,0.1048,0.2418,0.1434,0.1101,0.0508,0.0606,0.0447,0.4011,0.2008,0.7187,0.367
14599,-118.565,34.825,0.075,0.0276,0.0518,0.0305,0.2576,0.107,0.2371,0.141,0.1109,0.0511,0.0626,0.0459,0.397,0.1988,0.7332,0.378
14600,-118.555,34.825,0.076,0.0278,0.052,0.0306,0.2593,0.1092,0.233,0.1388,0.1117,0.0515,0.0647,0.0471,0.393,0.1968,0.7469,0.3885
14601,-118.545,34.825,0.077,0.0279,0.0522,0.0307,0.2609,0.1113,0.2302,0.1369,0.1125,0.0519,0.0668,0.0482,0.389,0.1948,0.7596,0.3984
14602,-118.535,34.825,0.078,0.0281,0.0524,0.0308,0.2624,0.1134,0.2287,0.1352,0.1132,0.0522,0.0689,0.0493,0.385,0.1929,0.7704,0.4072
14603,-118.525,34.825,0.079,0.0282,0.0525,0.0308,0.2637,0.1153,0.2296,0.1341,0.1139,0.0525,0.0709,0.0503,0.3811,0.1909,0.7794,0.4148
14604,-118.515,34.825,0.08,0.0284,0.0527,0.0309,0.2649,0.1172,0.2311,0.133,0.1145,0.0528,0.0728,0.0512,0.3771,0.189,0.7866,0.4212
14605,-118.505,34.825,0.0811,0.0285,0.0529,0.031,0.2659,0.119,0.2333,0.1321,0.115,0.053,0.0746,0.0518,0.3732,0.1871,0.7918,0.426
14606,-118.495,34.825,0.0822,0.0286,0.0531,0.0311,0.2667,0.1206,0.2354,0.1311,0.1154,0.0531,0.0763,0.0523,0.3694,0.1852,0.7944,0.4289
14607,-118.485,34.825,0.0833,0.0288,0.0532,0.0312,0.2674,0.1222,0.2374,0.1301,0.1158,0.0532,0.0779,0.0526,0.3656,0.1834,0.7944,0.4298
14608,-118.475,34.825,0.0844,0.0289,0.0534,0.0312,0.268,0.1236,0.2389,0.1289,0.1161,0.0533,0.0792,0.0528,0.3619,0.1816,0.7925,0.4294
14609,-118.465,34.825,0.0856,0.029,0.0536,0.0313,0.2684,0.1249,0.2402,0.1277,0.1163,0.0533,0.0806,0.0528,0.3582,0.1798,0.7888,0.4276
14610,-118.455,34.825,0.0867,0.0291,0.0537,0.0314,0.2687,0.1261,0.2409,0.1263,0.1166,0.0534,0.0817,0.0528,0.3546,0.1781,0.7833,0.4246
14611,-118.445,34.825,0.088,0.0292,0.0538,0.0315,0.2689,0.1271,0.2413,0.1248,0.117,0.0535,0.0829,0.0528,0.351,0.1763,0.7762,0.4204
14612,-118.435,34.825,0.0892,0.0293,0.054,0.0315,0.2689,0.128,0.2414,0.1232,0.1175,0.0536,0.0839,0.0529,0.3475,0.1746,0.7683,0.4158
14613,-118.425,34.825,0.0905,0.0294,0.0541,0.0316,0.2688,0.1286,0.241,0.1214,0.118,0.0538,0.0849,0.053,0.3439,0.1729,0.7599,0.411
14614,-118.415,34.825,0.0918,0.0295,0.0545,0.0318,0.2695,0.1297,0.2413,0.1202,0.1185,0.054,0.0862,0.0534,0.3413,0.1719,0.7517,0.4062
14615,-118.405,34.825,0.0947,0.0302,0.056,0.0329,0.274,0.1335,0.245,0.1216,0.1209,0.0554,0.0892,0.0553,0.3429,0.1748,0.7482,0.4126
14616,-118.395,34.825,0.1061,0.0345,0.0591,0.0352,0.284,0.1417,0.2538,0.1269,0.1333,0.0631,0.0945,0.0594,0.3499,0.1827,0.7462,0.4303
14617,-118.385,34.825,0.1126,0.0367,0.0637,0.0387,0.2994,0.1543,0.2678,0.136,0.14,0.0673,0.1024,0.0655,0.3623,0.1957,0.7435,0.4461
14618,-118.375,34.825,0.1143,0.0367,0.0645,0.0392,0.3011,0.1559,0.269,0.1355,0.1408,0.0677,0.1044,0.0672,0.3613,0.1962,0.7378,0.4466
14619,-118.365,34.825,0.1162,0.0367,0.0645,0.0392,0.2999,0.1553,0.2676,0.133,0.1417,0.0683,0.1052,0.0679,0.3576,0.1941,0.7325,0.4446
14620,-118.355,34.825,0.1182,0.0368,0.0645,0.0392,0.2985,0.1544,0.2664,0.1306,0.1427,0.0689,0.106,0.0688,0.354,0.192,0.7274,0.442
14621,-118.345,34.825,0.1198,0.0366,0.0644,0.039,0.2968,0.1532,0.2649,0.1281,0.1431,0.0691,0.1067,0.0696,0.3503,0.1897,0.7226,0.4391
14622,-118.335,34.825,0.1217,0.0365,0.0641,0.0388,0.2946,0.1515,0.2633,0.1254,0.1438,0.0696,0.1072,0.0705,0.3463,0.1871,0.718,0.4361
14623,-118.325,34.825,0.1239,0.0365,0.0639,0.0387,0.2924,0.1499,0.262,0.123,0.1448,0.0702,0.1078,0.0716,0.3427,0.185,0.7137,0.434
14624,-118.315,34.825,0.1262,0.0364,0.0638,0.0385,0.2902,0.1482,0.2608,0.1206,0.1455,0.0707,0.1085,0.0729,0.3393,0.1828,0.7098,0.432
14625,-118.305,34.825,0.129,0.0364,0.0637,0.0384,0.2878,0.1463,0.2596,0.1181,0.1466,0.0714,0.1091,0.0742,0.3358,0.1808,0.706,0.4305
14626,-118.295,34.825,0.1325,0.0366,0.0637,0.0384,0.2854,0.1446,0.2587,0.1158,0.1483,0.0724,0.1098,0.0756,0.3326,0.1789,0.7025,0.4296
14627,-118.285,34.825,0.136,0.0367,0.0636,0.0383,0.2832,0.1429,0.2579,0.1136,0.1499,0.0735,0.1105,0.0772,0.3297,0.1773,0.6993,0.4291
14628,-118.275,34.825,0.1398,0.0368,0.0634,0.0382,0.2803,0.1407,0.2566,0.111,0.1515,0.0744,0.111,0.0785,0.3262,0.1751,0.6959,0.428
14629,-118.265,34.825,0.1422,0.0367,0.0632,0.038,0.2773,0.1385,0.2552,0.1084,0.1528,0.0751,0.1114,0.0798,0.3226,0.1729,0.6925,0.4266
14630,-118.255,34.825,0.1391,0.0361,0.0631,0.0378,0.2746,0.1364,0.2541,0.1061,0.1543,0.076,0.1119,0.081,0.3195,0.1711,0.689,0.4252
14631,-118.245,34.825,0.1353,0.0356,0.063,0.0377,0.2719,0.1344,0.2529,0.1039,0.1563,0.0773,0.1124,0.082,0.3165,0.1693,0.6855,0.4241
14632,-118.235,34.825,0.1315,0.035,0.0629,0.0377,0.2692,0.1324,0.2517,0.1019,0.1578,0.0782,0.1128,0.0829,0.3135,0.1676,0.6814,0.4219
14633,-118.225,34.825,0.1275,0.0343,0.0625,0.0374,0.2662,0.1302,0.25,0.1002,0.1586,0.0786,0.113,0.083,0.3101,0.1655,0.6767,0.4186
14634,-118.215,34.825,0.1242,0.0337,0.0622,0.0371,0.2633,0.1281,0.2481,0.0987,0.1596,0.0791,0.1131,0.083,0.3068,0.1636,0.6718,0.4149
14635,-118.205,34.825,0.1216,0.0334,0.0622,0.0371,0.2608,0.1263,0.2463,0.0981,0.1611,0.08,0.1134,0.0827,0.3039,0.1619,0.6666,0.4113
14636,-118.195,34.825,0.1191,0.033,0.0621,0.037,0.2585,0.1247,0.2445,0.098,0.1623,0.0807,0.1138,0.0823,0.3012,0.1604,0.6612,0.4071
14637,-118.185,34.825,0.1164,0.0325,0.0618,0.0368,0.2564,0.1232,0.2427,0.0984,0.1632,0.0812,0.1142,0.0817,0.2987,0.1591,0.6558,0.4031
14638,-118.175,34.825,0.1145,0.0323,0.0619,0.0369,0.2544,0.1218,0.2408,0.0991,0.1648,0.0821,0.1147,0.0808,0.296,0.1576,0.6505,0.3992
14639,-118.165,34.825,0.1128,0.0322,0.062,0.0369,0.2526,0.1205,0.2389,0.0999,0.1663,0.083,0.1151,0.0798,0.2934,0.1562,0.6452,0.3953
14640,-118.155,34.825,0.1107,0.0319,0.0617,0.0367,0.2511,0.1195,0.2374,0.101,0.1672,0.0836,0.1155,0.0786,0.291,0.1549,0.64,0.391
14641,-118.145,34.825,0.1085,0.0315,0.0614,0.0365,0.2492,0.1183,0.2355,0.1018,0.1677,0.0838,0.1156,0.0771,0.288,0.1532,0.6346,0.3862
14642,-118.135,34.825,0.1065,0.0312,0.0611,0.0363,0.2471,0.1169,0.2332,0.1023,0.1684,0.0841,0.1154,0.0752,0.2846,0.151,0.6299,0.3825
14643,-118.125,34.825,0.1056,0.0312,0.0618,0.0368,0.2487,0.1182,0.2347,0.1051,0.1702,0.0853,0.1172,0.075,0.2848,0.152,0.6265,0.3812
14644,-118.115,34.825,0.1069,0.0322,0.0627,0.0375,0.2508,0.1198,0.2366,0.1081,0.1753,0.0888,0.1192,0.075,0.2854,0.1533,0.6256,0.3846
14645,-118.105,34.825,0.1068,0.0325,0.0631,0.0378,0.2518,0.1207,0.2374,0.1103,0.1782,0.0908,0.1205,0.0744,0.2848,0.1535,0.6234,0.3851
14646,-118.095,34.825,0.1057,0.0325,0.0633,0.0379,0.252,0.121,0.2373,0.1119,0.1796,0.0917,0.1213,0.0733,0.2832,0.1529,0.6205,0.3837
14647,-118.085,34.825,0.1048,0.0325,0.0632,0.0379,0.2512,0.1206,0.2362,0.1127,0.1811,0.0927,0.1216,0.0719,0.2807,0.1515,0.6172,0.3812
14648,-118.075,34.825,0.1035,0.0324,0.0628,0.0376,0.25,0.1199,0.2347,0.1131,0.1821,0.0933,0.1216,0.0703,0.2778,0.1498,0.6138,0.3784
14649,-118.065,34.825,0.1018,0.032,0.0624,0.0373,0.249,0.1192,0.2332,0.1135,0.1822,0.0934,0.1216,0.0688,0.275,0.1481,0.6103,0.3751
14650,-118.055,34.825,0.1008,0.032,0.0625,0.0373,0.2485,0.119,0.2323,0.1141,0.1837,0.0944,0.1219,0.0676,0.2728,0.1469,0.6075,0.3731
14651,-118.045,34.825,0.1007,0.0324,0.062,0.037,0.2466,0.118,0.2302,0.1138,0.1863,0.0963,0.1214,0.066,0.2693,0.1447,0.6043,0.3706
14652,-118.035,34.825,0.0978,0.0316,0.061,0.0363,0.2435,0.116,0.2268,0.1126,0.1845,0.0948,0.1202,0.0639,0.2647,0.1415,0.5992,0.3645
14653,-118.025,34.825,0.0945,0.0305,0.0606,0.036,0.2422,0.1153,0.2253,0.1126,0.1815,0.0927,0.1201,0.0627,0.262,0.1399,0.5942,0.359
14654,-118.015,34.825,0.0953,0.0312,0.0604,0.0359,0.2416,0.1151,0.2244,0.113,0.1853,0.0954,0.1203,0.0618,0.26,0.1389,0.5921,0.3588
14655,-118.005,34.825,0.0958,0.0319,0.061,0.0363,0.2425,0.116,0.225,0.1145,0.1884,0.0976,0.1214,0.0616,0.2596,0.1392,0.5899,0.3589
14656,-117.995,34.825,0.0949,0.0319,0.0612,0.0365,0.2418,0.1158,0.2242,0.1149,0.189,0.098,0.1216,0.0609,0.2577,0.1383,0.5853,0.355
14657,-117.985,34.825,0.094,0.0318,0.0611,0.0364,0.2397,0.1146,0.2218,0.1142,0.1889,0.098,0.121,0.0596,0.2544,0.1363,0.5776,0.347
14658,-117.975,34.825,0.0916,0.0312,0.0605,0.036,0.2304,0.1087,0.2128,0.1087,0.1862,0.096,0.1164,0.056,0.2442,0.1288,0.5662,0.3347
14659,-117.965,34.825,0.09,0.0308,0.059,0.0349,0.2209,0.1026,0.2035,0.103,0.1843,0.0946,0.1117,0.0524,0.2338,0.1213,0.5528,0.3203
14660,-117.955,34.825,0.082,0.0276,0.0533,0.0308,0.2173,0.1006,0.1999,0.1012,0.1704,0.0849,0.1102,0.0511,0.2294,0.1184,0.5374,0.3041
14661,-117.945,34.825,0.0743,0.0246,0.0499,0.0283,0.2101,0.0962,0.193,0.0971,0.1566,0.0755,0.1069,0.0486,0.2216,0.113,0.5156,0.2812
14662,-117.935,34.825,0.0727,0.0242,0.0487,0.0275,0.1994,0.0894,0.1827,0.0906,0.1538,0.0738,0.1016,0.045,0.2104,0.1051,0.5022,0.2689
14663,-117.925,34.825,0.0722,0.0242,0.0484,0.0273,0.1966,0.088,0.1801,0.0893,0.1531,0.0733,0.1007,0.0442,0.2071,0.1031,0.4932,0.2618
14664,-117.915,34.825,0.0716,0.0242,0.0483,0.0273,0.1954,0.0875,0.179,0.0892,0.1523,0.0728,0.1008,0.0439,0.2054,0.1024,0.4868,0.2574
14665,-117.905,34.825,0.0711,0.0242,0.0482,0.0272,0.1942,0.0871,0.1778,0.089,0.1515,0.0723,0.1008,0.0438,0.2037,0.1017,0.4808,0.2535
14666,-117.895,34.825,0.0707,0.0242,0.0481,0.0272,0.193,0.0866,0.1767,0.0888,0.1507,0.0718,0.1009,0.0436,0.202,0.1009,0.475,0.2498
14667,-117.885,34.825,0.0702,0.0242,0.048,0.0271,0.1917,0.0862,0.1755,0.0886,0.1499,0.0713,0.101,0.0435,0.2003,0.1002,0.4695,0.2462
14668,-117.875,34.825,0.0698,0.0242,0.0478,0.0271,0.1904,0.0857,0.1743,0.0884,0.1491,0.0709,0.1011,0.0434,0.1986,0.0995,0.4641,0.2428
14669,-117.865,34.825,0.0694,0.0242,0.0477,0.027,0.189,0.0852,0.1731,0.0881,0.1484,0.0705,0.1013,0.0433,0.1969,0.0988,0.459,0.2395
14670,-117.855,34.825,0.069,0.0242,0.0476,0.027,0.1876,0.0846,0.1719,0.0878,0.1477,0.0701,0.1016,0.0433,0.1952,0.0981,0.4541,0.2366
14671,-117.845,34.825,0.0686,0.0243,0.0475,0.0269,0.1862,0.0841,0.1708,0.0876,0.147,0.0697,0.1019,0.0434,0.1934,0.0974,0.449,0.2333
14672,-117.835,34.825,0.0682,0.0243,0.0473,0.0269,0.1848,0.0836,0.1696,0.0872,0.1463,0.0693,0.1023,0.0435,0.1917,0.0968,0.4414,0.2278
14673,-117.825,34.825,0.0678,0.0243,0.0472,0.0268,0.1824,0.0824,0.1674,0.0863,0.1456,0.069,0.1022,0.0433,0.189,0.0954,0.4298,0.2186
14674,-117.815,34.825,0.0674,0.0243,0.0471,0.0268,0.1772,0.0797,0.1627,0.0837,0.145,0.0687,0.1006,0.0423,0.1836,0.0923,0.4164,0.2084
14675,-117.805,34.825,0.0671,0.0243,0.0469,0.0267,0.1593,0.07,0.1462,0.0736,0.1444,0.0684,0.0918,0.0376,0.1655,0.0812,0.3982,0.196
14676,-117.795,34.825,0.0667,0.0243,0.0468,0.0267,0.1538,0.0671,0.1412,0.0707,0.1438,0.0681,0.0901,0.0366,0.1599,0.0778,0.3883,0.1897
14677,-117.785,34.825,0.0663,0.0242,0.0466,0.0266,0.1606,0.071,0.1475,0.075,0.143,0.0678,0.0954,0.0391,0.1666,0.0823,0.391,0.1921
14678,-117.775,34.825,0.0643,0.0235,0.0441,0.0249,0.1531,0.0672,0.1405,0.0711,0.1394,0.0655,0.0925,0.0375,0.1589,0.0779,0.3829,0.187
14679,-117.765,34.825,0.0597,0.0215,0.0419,0.0234,0.1439,0.0625,0.132,0.0663,0.1302,0.0599,0.0885,0.0355,0.1494,0.0726,0.3654,0.1761
14680,-117.755,34.825,0.0628,0.0231,0.0437,0.0247,0.141,0.0613,0.1293,0.0651,0.1365,0.064,0.0883,0.0352,0.1463,0.0711,0.3585,0.1722
14681,-117.745,34.825,0.0625,0.0231,0.0444,0.0252,0.1431,0.0626,0.1312,0.0666,0.1362,0.0639,0.0913,0.0365,0.1483,0.0727,0.3656,0.1774
14682,-117.735,34.825,0.0617,0.0229,0.0439,0.0249,0.1503,0.0667,0.1378,0.071,0.1347,0.0631,0.0974,0.0393,0.1555,0.0772,0.375,0.1842
14683,-117.725,34.825,0.0612,0.0228,0.0439,0.025,0.156,0.0701,0.143,0.0747,0.1339,0.0628,0.1029,0.0418,0.161,0.0812,0.381,0.1891
14684,-117.715,34.825,0.0617,0.0232,0.0439,0.0251,0.1608,0.0732,0.1473,0.078,0.135,0.0636,0.1079,0.0441,0.1656,0.0845,0.3841,0.1922
14685,-117.705,34.825,0.0619,0.0235,0.0438,0.0251,0.1623,0.0745,0.1487,0.0795,0.1355,0.0641,0.1109,0.0454,0.1669,0.086,0.3829,0.1923
14686,-117.695,34.825,0.0604,0.0229,0.0401,0.0225,0.1483,0.0669,0.1357,0.0714,0.1327,0.0625,0.103,0.0412,0.1527,0.0773,0.3748,0.1864
14687,-117.685,34.825,0.0471,0.0169,0.0327,0.0175,0.1186,0.0504,0.1083,0.0538,0.1046,0.0461,0.0841,0.0314,0.1229,0.0584,0.3066,0.1411
14688,-117.675,34.825,0.0339,0.0112,0.0279,0.0144,0.1018,0.0415,0.0927,0.0443,0.076,0.0307,0.0733,0.0261,0.1055,0.0481,0.259,0.112
14689,-117.665,34.825,0.0337,0.0112,0.0243,0.0121,0.0899,0.0354,0.0817,0.0378,0.0756,0.0306,0.0659,0.0224,0.0931,0.041,0.2355,0.0992
14690,-117.655,34.825,0.0335,0.0112,0.0242,0.0121,0.0891,0.0352,0.081,0.0376,0.0752,0.0305,0.0664,0.0225,0.0922,0.0407,0.2336,0.0986
